5.250000000000000000e+00 1.487530937886828378e-05 6.032507334659029725e-07
5.750000000000000000e+00 7.414632930071299782e-06 3.361103533359889263e-07
6.250000000000000000e+00 3.838683444641641711e-06 1.315154980358424142e-07
6.750000000000000000e+00 2.512363375770166924e-06 1.472708281561297256e-07
7.250000000000000000e+00 1.527395227483036132e-06 7.679374139244352602e-08
7.750000000000000000e+00 1.000037240850515888e-06 1.050930843036232749e-07
8.250000000000000000e+00 6.069852367762552856e-07 3.130137532501130701e-08
8.750000000000000000e+00 3.770462279975932949e-07 2.087036875383002013e-08
9.250000000000000000e+00 2.669921467507346579e-07 1.628409535534992814e-08
9.750000000000000000e+00 1.775790442662705830e-07 7.456257650749297558e-09
1.100000000000000000e+01 7.567925540952616027e-08 1.794734795755351374e-09
1.300000000000000000e+01 2.028854244830894947e-08 5.423745111451800558e-10
1.500000000000000000e+01 6.096887721592936656e-09 1.514839108432280700e-10
1.700000000000000000e+01 2.086354762831830539e-09 5.590963063941044259e-11
1.900000000000000000e+01 7.619980300509714564e-10 2.147682424762208535e-11
