5.250000000000000000e+00 2.203990704470155528e-05 7.843563833514165251e-07
5.750000000000000000e+00 1.240043312351182461e-05 4.932734944916075377e-07
6.250000000000000000e+00 6.218139834253454380e-06 2.692939006607547953e-07
6.750000000000000000e+00 3.505825908403746221e-06 1.948749065081758081e-07
7.250000000000000000e+00 1.990003770715614855e-06 7.706892662333594948e-08
7.750000000000000000e+00 1.360761039484257816e-06 6.208700895242690894e-08
8.250000000000000000e+00 8.497099685024521553e-07 4.470912378308087748e-08
8.750000000000000000e+00 5.579825554883358037e-07 3.059182651014658073e-08
9.250000000000000000e+00 3.342899007300468104e-07 1.190650133690440514e-08
9.750000000000000000e+00 2.313216332074111617e-07 9.067816784117202524e-09
1.100000000000000000e+01 9.771940800012023973e-08 2.110108628056180737e-09
1.300000000000000000e+01 2.601209212496398944e-08 6.274960562083274043e-10
1.500000000000000000e+01 7.876951542437205383e-09 1.885624721204652060e-10
1.700000000000000000e+01 2.829165450393617885e-09 9.076956348772563210e-11
1.900000000000000000e+01 1.003250093144966137e-09 3.082343162181599056e-11
