5.193492540769476307e+00 6.171662960545238523e-05 5.105824822614829808e-06
5.738314655629289440e+00 1.964237847970433303e-05 4.136848489377729327e-07
6.230098004830940894e+00 9.826634996844330454e-06 2.369686744852329266e-07
6.730376405593106348e+00 6.695910007782924525e-06 1.717639353874537857e-07
7.217955658487482218e+00 4.093112483881283045e-06 1.502546164930562386e-07
7.728692480347552518e+00 1.849167447150761473e-06 3.585768988431539294e-08
8.230199168854593239e+00 1.175244139695918365e-06 2.359242365655073839e-08
8.750347939960221311e+00 7.741615785309327436e-07 1.610072173101472216e-08
9.256980098748094576e+00 4.924153885922823459e-07 1.104099473871075502e-08
9.884283176807487692e+00 2.840786700273526324e-07 4.135167395776229572e-09
1.103522448352507901e+01 1.302968635460365052e-07 1.900796925977436879e-09
1.283006355744863214e+01 3.770296203394136920e-08 4.317761760209762633e-10
1.484649875558780430e+01 1.199787284187022671e-08 2.001380278033475470e-10
1.685854701301921921e+01 3.874555971244656543e-09 4.772855654492315473e-11
1.885275922257947556e+01 1.529328961570121411e-09 2.220469108941700136e-11
