5.250000000000000000e+00 6.105388745297376499e-06 5.600216601934446907e-07
5.750000000000000000e+00 2.698822488989659897e-06 3.726086550142173859e-07
6.250000000000000000e+00 9.229799416279694430e-07 9.279908225825265848e-08
6.750000000000000000e+00 6.985858851804973337e-07 1.545917481070815326e-07
7.250000000000000000e+00 3.529636746174620760e-07 5.148261586087104845e-08
7.750000000000000000e+00 1.770343387885792077e-07 2.113887142703131308e-08
8.250000000000000000e+00 9.357498937848498834e-08 7.867798249685653918e-09
8.750000000000000000e+00 6.728401455276980371e-08 6.437740027735456248e-09
9.250000000000000000e+00 4.746223733211546890e-08 4.618441557163150535e-09
9.750000000000000000e+00 4.523650530127903247e-08 1.433302722502720021e-08
1.100000000000000000e+01 1.456726898414412265e-08 9.866874911113264772e-10
1.300000000000000000e+01 4.294557556727039869e-09 2.302832612417503006e-10
1.500000000000000000e+01 1.353897886110354559e-09 1.223213216746746969e-10
1.700000000000000000e+01 5.508283862299905753e-10 5.131007441591788183e-11
1.900000000000000000e+01 2.338081075475364554e-10 2.119152053087572365e-11
