5.250000000000000000e+00 8.874199061488767203e-06 7.329380765890162884e-07
5.750000000000000000e+00 3.250209733085390102e-06 3.343707171724581871e-07
6.250000000000000000e+00 1.578347001092265733e-06 1.129715070080880388e-07
6.750000000000000000e+00 8.779366065323630747e-07 6.645705531755227980e-08
7.250000000000000000e+00 6.337317979794815880e-07 6.073287917065141331e-08
7.750000000000000000e+00 3.218029866864232336e-07 2.454973950045383709e-08
8.250000000000000000e+00 1.743418663912379048e-07 8.010545817032888463e-09
8.750000000000000000e+00 1.263899285319810930e-07 6.607337582585355930e-09
9.250000000000000000e+00 8.163736779494593953e-08 4.551266653556461708e-09
9.750000000000000000e+00 6.707250678323391198e-08 5.162777209034780739e-09
1.100000000000000000e+01 2.459521163326028805e-08 7.216479711519532681e-10
1.300000000000000000e+01 7.634045563866722972e-09 3.100271319638382355e-10
1.500000000000000000e+01 2.417159025898009250e-09 1.286621112845556967e-10
1.700000000000000000e+01 9.391698374655604637e-10 4.862206980876450378e-11
1.900000000000000000e+01 3.255338345429150731e-10 1.558760132040513317e-11
