5.250000000000000000e+00 7.576391381137551344e-06 6.313607585594477456e-07
5.750000000000000000e+00 3.396045982344617375e-06 2.979262533928511628e-07
6.250000000000000000e+00 1.563773287908587194e-06 2.007585237408836466e-07
6.750000000000000000e+00 7.474467856681215070e-07 5.918107167069893042e-08
7.250000000000000000e+00 5.136421404848622189e-07 6.458607132532118770e-08
7.750000000000000000e+00 3.003511088493618200e-07 4.347745554196746904e-08
8.250000000000000000e+00 1.433019133640632017e-07 1.025054078244420271e-08
8.750000000000000000e+00 1.242161679557809686e-07 1.719732877933734328e-08
9.250000000000000000e+00 7.832204692084867859e-08 7.504026513148582508e-09
9.750000000000000000e+00 5.560567573128285170e-08 5.571943259732813360e-09
1.100000000000000000e+01 2.018443613078292331e-08 7.302688408743401484e-10
1.300000000000000000e+01 5.763634256915024356e-09 2.940146160470569900e-10
1.500000000000000000e+01 2.095754199107079229e-09 1.535627617047036451e-10
1.700000000000000000e+01 6.906924333772642792e-10 3.732834071343492903e-11
1.900000000000000000e+01 2.488290376907675581e-10 1.321562930945355753e-11
