5.250000000000000000e+00 1.584209455189136299e-05 9.284461647053721267e-07
5.750000000000000000e+00 8.894861199047159113e-06 5.962506488417631618e-07
6.250000000000000000e+00 4.514395527831910767e-06 3.446935905742918300e-07
6.750000000000000000e+00 2.097748846121329631e-06 1.404897104393379799e-07
7.250000000000000000e+00 1.219995321611395197e-06 1.004864481651018898e-07
7.750000000000000000e+00 7.289292940410587406e-07 5.850076118954115367e-08
8.250000000000000000e+00 3.772714859712687813e-07 2.559696589650372086e-08
8.750000000000000000e+00 3.265405692432795725e-07 3.305060305413103525e-08
9.250000000000000000e+00 1.592740527740706979e-07 8.005220511422142043e-09
9.750000000000000000e+00 1.427093313302534814e-07 1.712472388301425556e-08
1.100000000000000000e+01 6.082922818950620632e-08 5.283349033033066973e-09
1.300000000000000000e+01 1.285964311634127996e-08 4.893796119917028904e-10
1.500000000000000000e+01 4.291959347865136106e-09 2.362188686650095064e-10
1.700000000000000000e+01 1.399261891911348796e-09 6.197421307304111038e-11
1.900000000000000000e+01 5.990676088624483832e-10 4.112001014042869018e-11
