5.250000000000000000e+00 3.615369758945175190e-06 4.736035081231476575e-07
5.750000000000000000e+00 1.706340846567741214e-06 2.796745248170204144e-07
6.250000000000000000e+00 6.952779262478221569e-07 1.723784006124444513e-07
6.750000000000000000e+00 2.789005882545054004e-07 3.550066130972072972e-08
7.250000000000000000e+00 1.642305486268215183e-07 2.134658851394344810e-08
7.750000000000000000e+00 1.069569090066965468e-07 1.002840125449227420e-08
8.250000000000000000e+00 6.145564881531017189e-08 7.500002204696602509e-09
8.750000000000000000e+00 3.666159806431899544e-08 3.677353364544759414e-09
9.250000000000000000e+00 4.432089002227029113e-08 1.422244184044547262e-08
9.750000000000000000e+00 1.712785930405931877e-08 1.624099993530419844e-09
1.100000000000000000e+01 8.008111304376513740e-09 6.827738326773170958e-10
1.300000000000000000e+01 2.289129925004082044e-09 1.658217149733217357e-10
1.500000000000000000e+01 6.246498785996266415e-10 3.134333634093246584e-11
1.700000000000000000e+01 3.134142291629787096e-10 4.059409975098543901e-11
1.900000000000000000e+01 9.974085868212267939e-11 7.134414026912343825e-12
