5.250000000000000000e+00 9.402415849325752956e-06 8.928754395368495984e-07
5.750000000000000000e+00 2.746086278277880427e-06 1.864371912768448525e-07
6.250000000000000000e+00 1.588272214139559377e-06 1.361626450253876775e-07
6.750000000000000000e+00 7.710333110426589445e-07 5.398070190125121460e-08
7.250000000000000000e+00 4.886387417820310027e-07 4.311843546350178794e-08
7.750000000000000000e+00 3.437219186614867068e-07 3.516804469303007724e-08
8.250000000000000000e+00 1.894339821886832743e-07 1.139865320144904374e-08
8.750000000000000000e+00 1.316009547987844751e-07 9.185203991927965971e-09
9.250000000000000000e+00 9.695169667825483235e-08 7.788444827841611829e-09
9.750000000000000000e+00 5.648862170542558746e-08 2.997714381752292018e-09
1.100000000000000000e+01 2.527033658907548725e-08 8.594458192303451006e-10
1.300000000000000000e+01 7.190846747674014892e-09 3.133721515128734674e-10
1.500000000000000000e+01 2.389263709617937127e-09 9.231385925108911149e-11
1.700000000000000000e+01 8.372028977835047784e-10 3.679010075689347579e-11
1.900000000000000000e+01 3.449711998543306185e-10 1.854918833994012818e-11
