5.250000000000000000e+00 1.891468379602411208e-05 1.085113790106463403e-06
5.750000000000000000e+00 8.652553523128223034e-06 6.132707737107699993e-07
6.250000000000000000e+00 4.148131028698663736e-06 2.230904867037328502e-07
6.750000000000000000e+00 2.124799319443559959e-06 1.394172754183642918e-07
7.250000000000000000e+00 1.236980818250590944e-06 7.141755437963824271e-08
7.750000000000000000e+00 8.337005186692045546e-07 6.654488763888384340e-08
8.250000000000000000e+00 5.715492695126724630e-07 5.180902445971816411e-08
8.750000000000000000e+00 3.163201355033786868e-07 1.651985627613471160e-08
9.250000000000000000e+00 2.229933350617168468e-07 1.353799519214889991e-08
9.750000000000000000e+00 1.351416295749054390e-07 7.952579694236875675e-09
1.100000000000000000e+01 5.913042459507691260e-08 2.150098581723534340e-09
1.300000000000000000e+01 1.642454078597289852e-08 8.354397766639007811e-10
1.500000000000000000e+01 4.750103069006906594e-09 1.738847409726669943e-10
1.700000000000000000e+01 1.691202777521578173e-09 8.013046488002290869e-11
1.900000000000000000e+01 6.472600383644371457e-10 4.272623441917501747e-11
