5.250000000000000000e+00 8.972959019954977974e-06 6.965116966056547021e-07
5.750000000000000000e+00 4.907273654770565296e-06 4.330179946509557501e-07
6.250000000000000000e+00 2.319531292019377566e-06 2.465351833449090425e-07
6.750000000000000000e+00 1.154650531486983117e-06 9.964478951052376958e-08
7.250000000000000000e+00 6.402467149019189589e-07 5.880588850238413618e-08
7.750000000000000000e+00 3.597960748180628637e-07 3.655863352775963605e-08
8.250000000000000000e+00 2.379349104498185512e-07 2.247444707545950191e-08
8.750000000000000000e+00 1.224092719787771943e-07 7.200763999753537703e-09
9.250000000000000000e+00 1.029101092699542158e-07 7.949253614455760756e-09
9.750000000000000000e+00 6.945432530428701296e-08 6.614713122860343454e-09
1.100000000000000000e+01 3.139134144318566309e-08 1.892404372217603421e-09
1.300000000000000000e+01 8.653333432588391773e-09 8.735566873686792971e-10
1.500000000000000000e+01 2.470480269101765500e-09 1.703424154264362223e-10
1.700000000000000000e+01 8.035543215865978585e-10 3.914776592682023414e-11
1.900000000000000000e+01 2.943390668449481988e-10 2.045145080857685333e-11
