5.250000000000000000e+00 9.302153786198678699e-06 6.608727021731373151e-07
5.750000000000000000e+00 4.589481131825153358e-06 4.446496319837609918e-07
6.250000000000000000e+00 2.215479674623212080e-06 1.631935371913172010e-07
6.750000000000000000e+00 1.061365053536207519e-06 8.283953414104984178e-08
7.250000000000000000e+00 6.742379722722249905e-07 6.488439664848900116e-08
7.750000000000000000e+00 3.746784942425690143e-07 3.780653366170282895e-08
8.250000000000000000e+00 2.576211038344354275e-07 4.016080506928447487e-08
8.750000000000000000e+00 1.468107019258917188e-07 9.719096421839876171e-09
9.250000000000000000e+00 1.251729415495574938e-07 2.183399569826266176e-08
9.750000000000000000e+00 8.681397177809399418e-08 1.578983638019863475e-08
1.100000000000000000e+01 2.938483946659419007e-08 1.483297926164359072e-09
1.300000000000000000e+01 8.574736780528541768e-09 6.120419469563285407e-10
1.500000000000000000e+01 2.351015145508130223e-09 9.377309051173274286e-11
1.700000000000000000e+01 8.658746373435996458e-10 4.427010711187073307e-11
1.900000000000000000e+01 3.742909564639111830e-10 2.499830050516670471e-11
