5.250000000000000000e+00 5.890323073315071173e-06 6.330614256661517744e-07
5.750000000000000000e+00 1.670815890136958235e-06 2.042006605296773900e-07
6.250000000000000000e+00 6.521474091909237651e-07 5.072642644184897037e-08
6.750000000000000000e+00 3.972402538891480542e-07 3.631031006283905009e-08
7.250000000000000000e+00 2.668314192463139254e-07 3.213142116399963754e-08
7.750000000000000000e+00 1.458119096889790839e-07 1.774778305878715189e-08
8.250000000000000000e+00 8.836176725079492402e-08 6.330851904705040234e-09
8.750000000000000000e+00 6.219832868678962391e-08 4.329591975941677243e-09
9.250000000000000000e+00 4.222501271903726897e-08 4.165057896234879654e-09
9.750000000000000000e+00 2.830180026192014670e-08 2.875791754317303970e-09
1.100000000000000000e+01 1.281265722009232981e-08 4.668476405536830916e-10
1.300000000000000000e+01 3.782375381392022153e-09 1.432475078995789091e-10
1.500000000000000000e+01 1.480376896240771676e-09 1.585800839876470722e-10
1.700000000000000000e+01 4.556472265832560742e-10 2.250714431919564803e-11
1.900000000000000000e+01 2.008892967129841652e-10 1.161091389299556390e-11
