5.250000000000000000e+00 1.047735599768044972e-05 8.157801965906742298e-07
5.750000000000000000e+00 4.491770690407508512e-06 3.689923244985887758e-07
6.250000000000000000e+00 2.330947561991317007e-06 2.791556623549198345e-07
6.750000000000000000e+00 1.087854460244143029e-06 9.183303266457399974e-08
7.250000000000000000e+00 6.395025127547868066e-07 3.838072987960065039e-08
7.750000000000000000e+00 4.699807166629925736e-07 4.600319820563976246e-08
8.250000000000000000e+00 2.766885956167696976e-07 2.813339255394339804e-08
8.750000000000000000e+00 1.767705215075046323e-07 1.129483910484771801e-08
9.250000000000000000e+00 1.249287926509467851e-07 8.261830961801850354e-09
9.750000000000000000e+00 8.228968942960613872e-08 5.986255889627894930e-09
1.100000000000000000e+01 3.406990805820557343e-08 1.222289500212471029e-09
1.300000000000000000e+01 1.026266115434239811e-08 4.264022767338825407e-10
1.500000000000000000e+01 2.953538764097392403e-09 9.697289569841512523e-11
1.700000000000000000e+01 1.121431977127529559e-09 4.615962649406769943e-11
1.900000000000000000e+01 4.103490569341546673e-10 2.039268349503888563e-11
