5.250000000000000000e+00 1.467720974062483844e-05 8.986283806443630501e-07
5.750000000000000000e+00 7.233878916015223366e-06 5.749263809072531497e-07
6.250000000000000000e+00 3.516383055474458686e-06 3.053130906197432078e-07
6.750000000000000000e+00 1.902817392372240491e-06 1.991735341221831371e-07
7.250000000000000000e+00 8.543339877003698919e-07 6.243282779037111009e-08
7.750000000000000000e+00 5.288812599737546044e-07 3.642105490762039642e-08
8.250000000000000000e+00 2.883217649853516509e-07 1.613918898367715612e-08
8.750000000000000000e+00 2.084483874160994453e-07 2.078287987562249896e-08
9.250000000000000000e+00 1.342088135894139553e-07 9.809729508439354498e-09
9.750000000000000000e+00 9.175429686515371233e-08 6.121255945155680814e-09
1.100000000000000000e+01 3.658602131002351263e-08 1.479210484848013930e-09
1.300000000000000000e+01 1.035108838086255240e-08 4.594374755674529200e-10
1.500000000000000000e+01 3.306521620475354282e-09 1.586113784768527850e-10
1.700000000000000000e+01 1.121203297785114756e-09 4.559741077743114049e-11
1.900000000000000000e+01 3.893477149607907189e-10 2.419901431929659934e-11
