5.250000000000000000e+00 1.529877160434976857e-05 7.796519789939727274e-07
5.750000000000000000e+00 7.655189948244272817e-06 5.601822388734159022e-07
6.250000000000000000e+00 4.242088284251707559e-06 3.398901360711480397e-07
6.750000000000000000e+00 2.062432298764138489e-06 1.318689648347317024e-07
7.250000000000000000e+00 1.347464890780296625e-06 1.047985700894793557e-07
7.750000000000000000e+00 7.643870708576539364e-07 6.833695316986013587e-08
8.250000000000000000e+00 4.289860082035504379e-07 2.610304784108589317e-08
8.750000000000000000e+00 3.002227486905041572e-07 2.247011590445884522e-08
9.250000000000000000e+00 2.204049111244515486e-07 2.471846447422090055e-08
9.750000000000000000e+00 1.454530214559533842e-07 1.727711582367299292e-08
1.100000000000000000e+01 5.496691154250575611e-08 1.916344000719891208e-09
1.300000000000000000e+01 1.398978272663300062e-08 4.896833685517892726e-10
1.500000000000000000e+01 4.284567897535175869e-09 1.330781924323304813e-10
1.700000000000000000e+01 1.600574848951296781e-09 8.726629257114217423e-11
1.900000000000000000e+01 6.886139340829659797e-10 5.353381155445829000e-11
