5.250000000000000000e+00 5.786129776538223349e-06 6.305358354492600409e-07
5.750000000000000000e+00 2.719187844641928260e-06 3.387055103835587646e-07
6.250000000000000000e+00 1.191788899923523023e-06 1.961822375172953447e-07
6.750000000000000000e+00 6.681812135961185457e-07 1.690153139219295118e-07
7.250000000000000000e+00 3.265826794127157253e-07 3.874130535512987622e-08
7.750000000000000000e+00 1.712866090449645338e-07 2.129322995383237129e-08
8.250000000000000000e+00 1.178671395564692603e-07 1.134350387000639911e-08
8.750000000000000000e+00 6.522400695647721164e-08 5.719639237733284655e-09
9.250000000000000000e+00 5.627251076329208678e-08 1.621436649168938736e-08
9.750000000000000000e+00 2.871498396717465185e-08 3.570840113950951599e-09
1.100000000000000000e+01 1.401821082406550261e-08 8.771448374584791769e-10
1.300000000000000000e+01 3.766569430059686350e-09 2.252516000976796037e-10
1.500000000000000000e+01 1.145511416618323348e-09 5.440044715784584897e-11
1.700000000000000000e+01 3.951881705811145149e-10 2.739407179764008930e-11
1.900000000000000000e+01 1.633520901065094701e-10 1.126713700645219647e-11
