5.250000000000000000e+00 4.368745676252036644e-06 4.920492535673022807e-07
5.750000000000000000e+00 2.411834325064027469e-06 3.139899622393785409e-07
6.250000000000000000e+00 9.409048361340499860e-07 1.782109151369915281e-07
6.750000000000000000e+00 4.682837853137440483e-07 4.558362094708855306e-08
7.250000000000000000e+00 2.328989153367758091e-07 1.422968888440445498e-08
7.750000000000000000e+00 1.688350464436521913e-07 2.025196011223394218e-08
8.250000000000000000e+00 1.262629676942184195e-07 1.856611891668504902e-08
8.750000000000000000e+00 7.064975882921489084e-08 5.295825124469222188e-09
9.250000000000000000e+00 4.233800447440834354e-08 3.471868371827014812e-09
9.750000000000000000e+00 3.288925262254339346e-08 3.257520027861030118e-09
1.100000000000000000e+01 1.430329080958545578e-08 8.201155524498441578e-10
1.300000000000000000e+01 4.021369579276613112e-09 1.955852504878132530e-10
1.500000000000000000e+01 1.340046336566269023e-09 6.725953162909855634e-11
1.700000000000000000e+01 4.964342704291792564e-10 2.627912864952919666e-11
1.900000000000000000e+01 1.709970139371537632e-10 9.202186503442155397e-12
