5.250000000000000000e+00 7.034938968381785791e-06 7.486989379814285773e-07
5.750000000000000000e+00 2.744293647081605761e-06 3.560832731979805154e-07
6.250000000000000000e+00 1.300390918217759843e-06 2.012122514653140020e-07
6.750000000000000000e+00 6.831573422919616994e-07 7.607788266758373349e-08
7.250000000000000000e+00 3.187889538992124779e-07 3.148865501870094972e-08
7.750000000000000000e+00 1.901187046349053461e-07 2.166143477788344118e-08
8.250000000000000000e+00 1.212379601634319670e-07 1.810273229588565565e-08
8.750000000000000000e+00 7.195693680214854549e-08 6.364480652652719554e-09
9.250000000000000000e+00 4.628257234647150236e-08 3.077766942673527799e-09
9.750000000000000000e+00 3.434853411139536331e-08 3.538483037916467967e-09
1.100000000000000000e+01 1.678339026523582808e-08 3.196099659013485677e-09
1.300000000000000000e+01 4.522562801552080970e-09 2.972459807994322836e-10
1.500000000000000000e+01 1.269724738136177884e-09 6.948212092075545610e-11
1.700000000000000000e+01 4.383577537499340028e-10 2.639661041922759238e-11
1.900000000000000000e+01 1.691562362277383443e-10 1.116105332380356068e-11
