5.250000000000000000e+00 9.213164786718402627e-06 7.708837498562306915e-07
5.750000000000000000e+00 4.666493945687439740e-06 4.233661342478894500e-07
6.250000000000000000e+00 2.531418188349106678e-06 3.044387302448802861e-07
6.750000000000000000e+00 9.996927173792965722e-07 8.798853422235088506e-08
7.250000000000000000e+00 7.076809978076475149e-07 6.443683685651010498e-08
7.750000000000000000e+00 3.568421758809126898e-07 3.680958373435562793e-08
8.250000000000000000e+00 2.402591553931948786e-07 2.846259218898749358e-08
8.750000000000000000e+00 1.441922775638926738e-07 9.302595929140442273e-09
9.250000000000000000e+00 7.785547387224767539e-08 4.809312423323396052e-09
9.750000000000000000e+00 5.876014153763284851e-08 3.032254663250094602e-09
1.100000000000000000e+01 2.830900303776690605e-08 1.147944026465807172e-09
1.300000000000000000e+01 7.785127790246292466e-09 3.852290025713086297e-10
1.500000000000000000e+01 2.453576265641933440e-09 9.653809045075277124e-11
1.700000000000000000e+01 9.191968610081971596e-10 4.454008090707034597e-11
1.900000000000000000e+01 3.338795433431334295e-10 1.748767504135905446e-11
