5.250000000000000000e+00 5.187156583313241063e-06 6.657149982925952713e-07
5.750000000000000000e+00 2.431100285790199134e-06 3.468718042449367435e-07
6.250000000000000000e+00 8.342367375416249014e-07 9.953494386298906534e-08
6.750000000000000000e+00 4.867268643532158867e-07 5.887481026957703180e-08
7.250000000000000000e+00 2.363990919394828453e-07 3.688397428315348547e-08
7.750000000000000000e+00 1.914618937529374400e-07 3.526973300156574877e-08
8.250000000000000000e+00 9.023005185312885248e-08 9.480667137346343152e-09
8.750000000000000000e+00 4.850346742353530779e-08 3.276175099382281207e-09
9.250000000000000000e+00 3.430759973724229666e-08 2.619186609538368206e-09
9.750000000000000000e+00 2.560218021301798759e-08 2.265439070444477416e-09
1.100000000000000000e+01 1.182231743691450831e-08 1.056973751334541847e-09
1.300000000000000000e+01 2.791924097918637468e-09 1.249447912588162997e-10
1.500000000000000000e+01 9.861851351901432045e-10 6.153140657515610599e-11
1.700000000000000000e+01 3.276622745478039183e-10 2.312883921896979172e-11
1.900000000000000000e+01 1.539610395384578107e-10 1.509149788349282415e-11
