5.250000000000000000e+00 4.234124928045745333e-06 5.732751981473664813e-07
5.750000000000000000e+00 1.308854336763420872e-06 1.470070230608708761e-07
6.250000000000000000e+00 5.323932051963192588e-07 6.427110476857959133e-08
6.750000000000000000e+00 2.888263490209962167e-07 3.441286202157278520e-08
7.250000000000000000e+00 1.878888230465082124e-07 2.421655650457845161e-08
7.750000000000000000e+00 1.333322978040973082e-07 2.177521340467702142e-08
8.250000000000000000e+00 5.746311131412970122e-08 4.424007287110055553e-09
8.750000000000000000e+00 5.468229159645946171e-08 6.507500377435649270e-09
9.250000000000000000e+00 4.467763251898097777e-08 1.583289859241844731e-08
9.750000000000000000e+00 3.018881177758795433e-08 5.187441167786559050e-09
1.100000000000000000e+01 1.009274814805897576e-08 5.103957056558870290e-10
1.300000000000000000e+01 2.642928817029161607e-09 1.282830890698733049e-10
1.500000000000000000e+01 8.090702348570562536e-10 3.826382726365767903e-11
1.700000000000000000e+01 3.047698722906686323e-10 1.957024798767009849e-11
1.900000000000000000e+01 1.132533421877507543e-10 8.260380808243393648e-12
