5.250000000000000000e+00 2.671671561860494506e-05 1.180566373320016315e-06
5.750000000000000000e+00 1.208849024735474614e-05 6.001330216766052741e-07
6.250000000000000000e+00 6.986486218089701345e-06 4.166465618702818122e-07
6.750000000000000000e+00 3.310407259835541534e-06 1.751442831136527806e-07
7.250000000000000000e+00 2.286993011247852465e-06 1.432406524689218206e-07
7.750000000000000000e+00 1.247935972886174541e-06 7.668444422786584834e-08
8.250000000000000000e+00 8.646842205494986414e-07 6.704753650389507313e-08
8.750000000000000000e+00 5.263389819765019295e-07 4.669774618312010987e-08
9.250000000000000000e+00 3.210810563733996315e-07 2.618466836028219437e-08
9.750000000000000000e+00 2.110374387818644687e-07 1.103806575787042129e-08
1.100000000000000000e+01 8.298499548465759479e-08 2.418663953948888712e-09
1.300000000000000000e+01 2.293589355257116125e-08 9.731885122022443115e-10
1.500000000000000000e+01 6.558048416492069406e-09 2.445454323074484525e-10
1.700000000000000000e+01 2.311433476572676747e-09 9.486797807406254701e-11
1.900000000000000000e+01 8.616540128381921258e-10 4.325472186848185430e-11
