5.250000000000000000e+00 7.587158651547827031e-06 6.449310438452730413e-07
5.750000000000000000e+00 4.196351357095175810e-06 5.359115775562787127e-07
6.250000000000000000e+00 2.007507583115219273e-06 2.957778417610256144e-07
6.750000000000000000e+00 8.979887859069214549e-07 9.952055560765492017e-08
7.250000000000000000e+00 5.277999526688890931e-07 7.502621716890345781e-08
7.750000000000000000e+00 2.629736257011070102e-07 3.078800562585839315e-08
8.250000000000000000e+00 2.138415316001385490e-07 2.972984980633468210e-08
8.750000000000000000e+00 9.699442899862900699e-08 8.699010976628909323e-09
9.250000000000000000e+00 7.344705238757658695e-08 7.903087727918425499e-09
9.750000000000000000e+00 4.355075356996503048e-08 2.720902994378226310e-09
1.100000000000000000e+01 2.233542799792321941e-08 1.112427325751607147e-09
1.300000000000000000e+01 5.923708002011104570e-09 3.390308430398604571e-10
1.500000000000000000e+01 1.758525403815762150e-09 9.155928646909592821e-11
1.700000000000000000e+01 6.209031170926308958e-10 3.565478644429151971e-11
1.900000000000000000e+01 2.681773684126036648e-10 1.664215716265378231e-11
