5.250000000000000000e+00 1.194817529507810329e-05 7.821720285500868797e-07
5.750000000000000000e+00 6.348188833753252945e-06 5.938406639129841488e-07
6.250000000000000000e+00 2.875224662486156582e-06 2.775358860581513409e-07
6.750000000000000000e+00 1.469853356967293726e-06 9.035685632733283858e-08
7.250000000000000000e+00 9.535520959762692521e-07 9.067895205651103274e-08
7.750000000000000000e+00 5.378614328581650049e-07 4.386769228840628185e-08
8.250000000000000000e+00 3.683053088815237256e-07 2.956621920674163639e-08
8.750000000000000000e+00 2.842180986730124328e-07 3.423135706015063052e-08
9.250000000000000000e+00 1.293499341969247070e-07 6.213547022469646437e-09
9.750000000000000000e+00 9.489247787845041519e-08 6.130461616012224019e-09
1.100000000000000000e+01 4.561914177243363229e-08 1.879741455929631825e-09
1.300000000000000000e+01 1.157777952447164248e-08 3.567941482443410427e-10
1.500000000000000000e+01 3.735881769892178199e-09 1.420804983581767843e-10
1.700000000000000000e+01 1.266943129471598737e-09 5.486047357405327042e-11
1.900000000000000000e+01 5.123571957124918056e-10 2.264612191713485042e-11
