5.250000000000000000e+00 2.514315354041810787e-05 1.178748950591342440e-06
5.750000000000000000e+00 1.298648343905690775e-05 7.573288889041459524e-07
6.250000000000000000e+00 5.891757439529619578e-06 3.678060902578423485e-07
6.750000000000000000e+00 3.190238250067666090e-06 2.170124680728412748e-07
7.250000000000000000e+00 1.963869201945612265e-06 1.225850340956073349e-07
7.750000000000000000e+00 1.096052083527761146e-06 7.400076005048823754e-08
8.250000000000000000e+00 7.976324540267084155e-07 7.348248198148425412e-08
8.750000000000000000e+00 4.448760890527862442e-07 3.849971647801468209e-08
9.250000000000000000e+00 3.127241068009767772e-07 3.513107472590087890e-08
9.750000000000000000e+00 1.814382656567343381e-07 1.101101556606355066e-08
1.100000000000000000e+01 7.496493616939031323e-08 2.779608919776723921e-09
1.300000000000000000e+01 1.856520829041193747e-08 7.784634365053938727e-10
1.500000000000000000e+01 5.528427258850915745e-09 2.356015363855289802e-10
1.700000000000000000e+01 1.997480203887452412e-09 9.676613211166760769e-11
1.900000000000000000e+01 6.221434323451390946e-10 2.389997400309616034e-11
