5.250000000000000000e+00 6.296972485845301664e-06 6.679827290457328205e-07
5.750000000000000000e+00 2.012341514950145463e-06 3.137314605185894564e-07
6.250000000000000000e+00 7.976306589671281711e-07 1.480975959773025849e-07
6.750000000000000000e+00 3.909971722015673773e-07 4.595748436348660142e-08
7.250000000000000000e+00 1.973484218592725401e-07 2.415324941455269907e-08
7.750000000000000000e+00 1.240731762868598888e-07 1.707951206396822731e-08
8.250000000000000000e+00 8.028174490864625779e-08 1.470844614535527583e-08
8.750000000000000000e+00 4.376267642704101293e-08 4.376742071238531992e-09
9.250000000000000000e+00 2.685633226835694760e-08 2.847309953650145124e-09
9.750000000000000000e+00 1.969143853229410049e-08 2.660281794920338446e-09
1.100000000000000000e+01 8.285621115469811578e-09 6.508365617132286478e-10
1.300000000000000000e+01 2.250800863205590221e-09 1.472653699409754694e-10
1.500000000000000000e+01 7.591221476257440291e-10 4.793362238757637410e-11
1.700000000000000000e+01 2.391767056754138558e-10 1.685153874065852332e-11
1.900000000000000000e+01 1.035758832684118378e-10 1.059662233102711609e-11
