5.250000000000000000e+00 7.540078737623485151e-06 5.455754144392879951e-07
5.750000000000000000e+00 4.372082132093768257e-06 4.212329815178193330e-07
6.250000000000000000e+00 2.032078862674060955e-06 2.011777635055282058e-07
6.750000000000000000e+00 1.025216135633899473e-06 7.681000594236399333e-08
7.250000000000000000e+00 5.648533854376784171e-07 3.780149228457839397e-08
7.750000000000000000e+00 4.264609987992360847e-07 4.813168675026422039e-08
8.250000000000000000e+00 1.938926315136768701e-07 9.909910116683672320e-09
8.750000000000000000e+00 1.425165043155786472e-07 9.137640228851052214e-09
9.250000000000000000e+00 9.478510996110670881e-08 5.935067615781270107e-09
9.750000000000000000e+00 6.231193716480379139e-08 4.456844433417743379e-09
1.100000000000000000e+01 2.826921618804697146e-08 9.923221047932647253e-10
1.300000000000000000e+01 7.681466875134971664e-09 2.859508608473621498e-10
1.500000000000000000e+01 2.386444598435161327e-09 9.710379635974790529e-11
1.700000000000000000e+01 8.791367354999549512e-10 3.903688288705182080e-11
1.900000000000000000e+01 3.264271588330015907e-10 3.015441444461869362e-11
