5.250000000000000000e+00 1.806560706843966357e-05 9.493034124474671238e-07
5.750000000000000000e+00 8.578725988345134118e-06 4.322135584696646480e-07
6.250000000000000000e+00 4.347132732046560555e-06 2.839865434809952265e-07
6.750000000000000000e+00 2.588928286415806156e-06 2.316367860683506250e-07
7.250000000000000000e+00 1.133303976956567476e-06 6.376826116391199208e-08
7.750000000000000000e+00 9.331402529019354168e-07 7.983936365853633721e-08
8.250000000000000000e+00 4.642433504268511984e-07 3.466936310146674266e-08
8.750000000000000000e+00 2.946320233804996588e-07 1.574703579257292410e-08
9.250000000000000000e+00 2.141370488537726254e-07 1.837172518930483501e-08
9.750000000000000000e+00 1.475313360077891568e-07 1.680707397944880354e-08
1.100000000000000000e+01 5.727753637079355908e-08 3.711935921282464055e-09
1.300000000000000000e+01 1.430431216658587256e-08 5.358424696626764947e-10
1.500000000000000000e+01 4.229781711104119249e-09 1.536127925560861604e-10
1.700000000000000000e+01 1.500288073965516142e-09 6.313389147532090502e-11
1.900000000000000000e+01 5.471037869302029118e-10 2.478519017140312691e-11
