5.250000000000000000e+00 5.104024425458206441e-06 5.926479528716200227e-07
5.750000000000000000e+00 2.068402395519972216e-06 2.648070443687249009e-07
6.250000000000000000e+00 1.139395324856256319e-06 2.119571365780628100e-07
6.750000000000000000e+00 4.372618009793970958e-07 5.456119344432864884e-08
7.250000000000000000e+00 3.319664081912936235e-07 4.343375227478271989e-08
7.750000000000000000e+00 1.527183604305092471e-07 2.058364610994206467e-08
8.250000000000000000e+00 1.026390312193778574e-07 8.901044802671610556e-09
8.750000000000000000e+00 5.866728438190391185e-08 5.301803177752426750e-09
9.250000000000000000e+00 4.804877004215531617e-08 4.304046925197559364e-09
9.750000000000000000e+00 3.010466296255958104e-08 2.273667557313220958e-09
1.100000000000000000e+01 1.417739381724543691e-08 6.519156210832047875e-10
1.300000000000000000e+01 4.107383907040804974e-09 2.545930096101579092e-10
1.500000000000000000e+01 1.282621621897314761e-09 6.665075313249216730e-11
1.700000000000000000e+01 4.501161059713502957e-10 2.482951119013021540e-11
1.900000000000000000e+01 1.932468211542963504e-10 1.551019267793929149e-11
