5.250000000000000000e+00 1.626683790337663977e-05 9.965569990044247853e-07
5.750000000000000000e+00 7.818911020890828323e-06 6.030726588262071797e-07
6.250000000000000000e+00 3.712372652750024514e-06 2.085929927737812910e-07
6.750000000000000000e+00 2.259244051814850914e-06 2.215303780031588444e-07
7.250000000000000000e+00 1.232846228229337407e-06 1.011709573259069141e-07
7.750000000000000000e+00 8.282067595950768811e-07 7.153595340082259588e-08
8.250000000000000000e+00 4.302009467561311892e-07 3.029419952419776812e-08
8.750000000000000000e+00 2.912372752195446079e-07 3.107679437020960798e-08
9.250000000000000000e+00 1.653290594113265974e-07 7.940229876558456614e-09
9.750000000000000000e+00 1.274338499950486027e-07 8.367942830786399313e-09
1.100000000000000000e+01 5.608204302223545792e-08 3.786597810839049102e-09
1.300000000000000000e+01 1.416253825191621026e-08 5.741596542273852086e-10
1.500000000000000000e+01 4.402565194013025698e-09 1.677867885442299424e-10
1.700000000000000000e+01 1.613726096447730521e-09 1.273047168669149548e-10
1.900000000000000000e+01 5.692806580255378341e-10 2.920263307932520029e-11
