5.250000000000000000e+00 6.188736470882509315e-06 6.301921019943215527e-07
5.750000000000000000e+00 2.955953218239931475e-06 3.029062846132473247e-07
6.250000000000000000e+00 1.288935551913149329e-06 1.257775859806987232e-07
6.750000000000000000e+00 8.698691508954609246e-07 1.622594502189415942e-07
7.250000000000000000e+00 4.372356847868463631e-07 5.297024482910549711e-08
7.750000000000000000e+00 2.528365877582569992e-07 3.941520941184421041e-08
8.250000000000000000e+00 1.340712309289049521e-07 1.678721181010657351e-08
8.750000000000000000e+00 1.060091976324281700e-07 1.604910579574586069e-08
9.250000000000000000e+00 6.120379569738330286e-08 5.152839601907365210e-09
9.750000000000000000e+00 4.354141322308735068e-08 3.463063872398008906e-09
1.100000000000000000e+01 1.853182860090771995e-08 1.075488777930128292e-09
1.300000000000000000e+01 5.118226373151159201e-09 2.890162455775430076e-10
1.500000000000000000e+01 1.668448069980164879e-09 1.234481045412971330e-10
1.700000000000000000e+01 6.739864105373704395e-10 5.821292590760055964e-11
1.900000000000000000e+01 2.210371915794238961e-10 1.185670340631673738e-11
