5.250000000000000000e+00 5.761922935005459684e-06 5.604382998133606131e-07
5.750000000000000000e+00 2.494104965562600221e-06 2.834206975365792982e-07
6.250000000000000000e+00 1.169054154093598924e-06 8.123953985497836792e-08
6.750000000000000000e+00 6.011766521833566584e-07 3.414729850698720010e-08
7.250000000000000000e+00 4.609520704726375551e-07 5.270507520424231019e-08
7.750000000000000000e+00 2.370785795827033555e-07 1.368913389317831000e-08
8.250000000000000000e+00 1.704609236849173449e-07 2.082486144174275146e-08
8.750000000000000000e+00 9.386740058999604594e-08 6.371202352953547232e-09
9.250000000000000000e+00 8.368294856806361779e-08 1.657244721479407699e-08
9.750000000000000000e+00 4.688933609498700768e-08 4.549541303793701326e-09
1.100000000000000000e+01 2.038888413161568599e-08 1.069546077954601759e-09
1.300000000000000000e+01 6.198267146104723221e-09 3.106756000278576335e-10
1.500000000000000000e+01 1.807566540182898409e-09 7.620185774534948125e-11
1.700000000000000000e+01 6.393881419157758256e-10 3.134144778084526355e-11
1.900000000000000000e+01 2.443227813650350746e-10 1.271198565460062161e-11
