5.250000000000000000e+00 7.856202246902694181e-06 6.546903264441047867e-07
5.750000000000000000e+00 3.662162761516836398e-06 4.022157030679896815e-07
6.250000000000000000e+00 1.477895571131040225e-06 1.278572333200936742e-07
6.750000000000000000e+00 8.513852475720593374e-07 7.642623071774878595e-08
7.250000000000000000e+00 5.350829231438770823e-07 6.752049761922701088e-08
7.750000000000000000e+00 2.830366917991125738e-07 3.798599958258901941e-08
8.250000000000000000e+00 1.722977570672093552e-07 1.990637805944260942e-08
8.750000000000000000e+00 7.806201595845126669e-08 4.940264784957164632e-09
9.250000000000000000e+00 6.019787359331794918e-08 4.994992221504821756e-09
9.750000000000000000e+00 4.637731782783526060e-08 5.801924207940757126e-09
1.100000000000000000e+01 1.964495755920328470e-08 1.252755333665582853e-09
1.300000000000000000e+01 4.689988733426928402e-09 1.988989946310176839e-10
1.500000000000000000e+01 1.606259954477358234e-09 1.347213567607158315e-10
1.700000000000000000e+01 6.104748220636080351e-10 3.501555398995415446e-11
1.900000000000000000e+01 2.139076254289843509e-10 1.431205926316858598e-11
