5.250000000000000000e+00 7.871524006775922823e-06 6.579459593276256118e-07
5.750000000000000000e+00 2.954455430202058167e-06 3.159728402395836084e-07
6.250000000000000000e+00 1.423290588316054618e-06 1.037287884083743176e-07
6.750000000000000000e+00 9.672310642941671917e-07 1.695986890413671492e-07
7.250000000000000000e+00 4.365509229593474358e-07 4.361256929252414496e-08
7.750000000000000000e+00 2.438953696031939097e-07 2.228323604698135165e-08
8.250000000000000000e+00 1.859368221202872767e-07 2.631433816773118653e-08
8.750000000000000000e+00 1.671620445005187291e-07 3.814255555957541557e-08
9.250000000000000000e+00 7.010419587396785009e-08 5.535116116144905620e-09
9.750000000000000000e+00 4.626278859550847960e-08 4.593338587524613944e-09
1.100000000000000000e+01 1.954806521731713036e-08 9.307853969664740568e-10
1.300000000000000000e+01 6.251032730586993867e-09 3.544706269994750489e-10
1.500000000000000000e+01 2.063228893506090987e-09 1.225367037057611106e-10
1.700000000000000000e+01 6.265743367184698059e-10 3.488233287783676109e-11
1.900000000000000000e+01 2.230999901751050799e-10 1.432072671126956988e-11
