5.250000000000000000e+00 7.227851660533968147e-06 5.805850268209394576e-07
5.750000000000000000e+00 3.487251834702319517e-06 2.826624917163720812e-07
6.250000000000000000e+00 1.690880854714120122e-06 1.134009592716846475e-07
6.750000000000000000e+00 1.423934420945293810e-06 2.493831758112535906e-07
7.250000000000000000e+00 5.866043330400423906e-07 5.609393344182727558e-08
7.750000000000000000e+00 3.827575528001250912e-07 3.703631406478904298e-08
8.250000000000000000e+00 2.365519449379369416e-07 2.157748704254427951e-08
8.750000000000000000e+00 1.476093751440866229e-07 8.849696589812303685e-09
9.250000000000000000e+00 9.822213599366614703e-08 6.655949964642882663e-09
9.750000000000000000e+00 6.612161661545213913e-08 5.255211060644969948e-09
1.100000000000000000e+01 3.278079390921661149e-08 1.661291404540267193e-09
1.300000000000000000e+01 7.987798364207862190e-09 2.376175369140053430e-10
1.500000000000000000e+01 2.987095657165970298e-09 1.832086901945226231e-10
1.700000000000000000e+01 8.982347581510530316e-10 3.700656674810960841e-11
1.900000000000000000e+01 3.491804572397464891e-10 1.686072374574420726e-11
