5.250000000000000000e+00 9.783914079994870239e-06 8.591508342245466558e-07
5.750000000000000000e+00 3.550046112080681457e-06 2.740108441078308354e-07
6.250000000000000000e+00 1.966704007004833149e-06 2.274819180213604690e-07
6.750000000000000000e+00 1.095559369284514382e-06 8.996130542776417375e-08
7.250000000000000000e+00 5.620852174130913377e-07 4.076933413525147469e-08
7.750000000000000000e+00 3.359379599029643695e-07 2.908868786835838418e-08
8.250000000000000000e+00 2.278958900712221725e-07 2.084681685953090738e-08
8.750000000000000000e+00 1.982256992246573419e-07 2.943690969806493022e-08
9.250000000000000000e+00 9.587207056078335307e-08 6.856614867100262885e-09
9.750000000000000000e+00 9.166226291808013986e-08 2.072435306797837525e-08
1.100000000000000000e+01 2.774063475575156076e-08 8.370466216619284361e-10
1.300000000000000000e+01 8.118118892247509593e-09 3.425394303332854227e-10
1.500000000000000000e+01 2.697143701040103514e-09 1.630198880156100707e-10
1.700000000000000000e+01 1.056240979983727586e-09 6.325540866910239914e-11
1.900000000000000000e+01 3.409625864097642449e-10 1.709486406700998140e-11
