5.250000000000000000e+00 1.593319313675350596e-05 8.075063005038950111e-07
5.750000000000000000e+00 9.794645463301329067e-06 6.292563866166988848e-07
6.250000000000000000e+00 3.879149557001475464e-06 2.280089998826622865e-07
6.750000000000000000e+00 2.332760263648183373e-06 1.828180284501285401e-07
7.250000000000000000e+00 1.332755836030979450e-06 9.421844247065379655e-08
7.750000000000000000e+00 7.391961353017345338e-07 5.325049769347241855e-08
8.250000000000000000e+00 5.058209581745975184e-07 3.675606953153083028e-08
8.750000000000000000e+00 3.221770773023298040e-07 3.171487695286118077e-08
9.250000000000000000e+00 1.956510073137940045e-07 1.624060755743232644e-08
9.750000000000000000e+00 1.398076306745879032e-07 1.421420761982997015e-08
1.100000000000000000e+01 5.245662804654241403e-08 1.859991933950091848e-09
1.300000000000000000e+01 1.318463863224435646e-08 4.820662218043010346e-10
1.500000000000000000e+01 3.844258854867119314e-09 1.554257623790172548e-10
1.700000000000000000e+01 1.409393844201695741e-09 6.491996069910399575e-11
1.900000000000000000e+01 4.980766926067567579e-10 3.596893861415730686e-11
