5.250000000000000000e+00 6.310606704911055034e-06 6.619340814373756590e-07
5.750000000000000000e+00 2.063877621797993421e-06 2.344316512040372096e-07
6.250000000000000000e+00 1.047277812310188437e-06 1.832494097286251296e-07
6.750000000000000000e+00 4.420379733651486099e-07 3.487772175160924300e-08
7.250000000000000000e+00 3.558848338546442693e-07 5.018499836588187209e-08
7.750000000000000000e+00 1.931568981442583543e-07 2.667402898995352135e-08
8.250000000000000000e+00 1.023701827176083325e-07 7.003467717322983584e-09
8.750000000000000000e+00 6.912932577716005878e-08 5.290798034257533026e-09
9.250000000000000000e+00 7.559589072445823582e-08 1.625058165697013905e-08
9.750000000000000000e+00 3.408120529530547889e-08 3.248080149815679202e-09
1.100000000000000000e+01 1.413098797386338766e-08 5.406685938899519511e-10
1.300000000000000000e+01 4.201774229571316628e-09 2.478274536108913989e-10
1.500000000000000000e+01 1.454401415989171175e-09 8.255830092991892428e-11
1.700000000000000000e+01 4.926123182521796835e-10 2.563717024834011149e-11
1.900000000000000000e+01 1.836182449849543826e-10 1.332110890452789392e-11
