5.250000000000000000e+00 4.163941207248745770e-06 5.281680573519703965e-07
5.750000000000000000e+00 1.355051804738494602e-06 2.022830144459407015e-07
6.250000000000000000e+00 5.170184957439994891e-07 6.108378734045450493e-08
6.750000000000000000e+00 2.841991324443424115e-07 4.176464331068599317e-08
7.250000000000000000e+00 1.379639690620599307e-07 2.466502435713927989e-08
7.750000000000000000e+00 6.764949522969137495e-08 6.092767468302843286e-09
8.250000000000000000e+00 6.473281471535647591e-08 1.564607268742778605e-08
8.750000000000000000e+00 3.555812399153499062e-08 4.215238184028513691e-09
9.250000000000000000e+00 2.060292772542455852e-08 1.892580084419224869e-09
9.750000000000000000e+00 1.518648488221683297e-08 1.834207787351135547e-09
1.100000000000000000e+01 6.491036498958995758e-09 3.928686529082732963e-10
1.300000000000000000e+01 2.332306326369784470e-09 2.584626168311909034e-10
1.500000000000000000e+01 5.859123333226259444e-10 4.420662940785554150e-11
1.700000000000000000e+01 2.063576488370544718e-10 1.627296442492642969e-11
1.900000000000000000e+01 6.995540794840918014e-11 4.978182315929577072e-12
