5.250000000000000000e+00 6.006582909485225319e-06 6.295141856957846969e-07
5.750000000000000000e+00 2.169741624324115000e-06 2.799316220939814291e-07
6.250000000000000000e+00 7.802835290383375975e-07 7.992985536556263008e-08
6.750000000000000000e+00 6.353288239902395676e-07 9.315708304543352542e-08
7.250000000000000000e+00 2.364540492590724385e-07 1.715478336758409629e-08
7.750000000000000000e+00 1.388708934933048504e-07 1.147314053388352615e-08
8.250000000000000000e+00 9.368554208716769956e-08 7.820969993229212079e-09
8.750000000000000000e+00 6.335348014350447319e-08 6.139804457254521630e-09
9.250000000000000000e+00 4.522390189595238225e-08 6.040864644611419577e-09
9.750000000000000000e+00 3.040270242694668108e-08 4.566429418361898064e-09
1.100000000000000000e+01 1.168560963715961582e-08 8.589220764746719608e-10
1.300000000000000000e+01 4.089699719002110449e-09 5.808454015925804462e-10
1.500000000000000000e+01 1.168814136963518877e-09 6.864374594580718373e-11
1.700000000000000000e+01 4.048507470796055886e-10 2.361273131045819599e-11
1.900000000000000000e+01 1.585101141958238997e-10 1.030995958444910505e-11
