5.250000000000000000e+00 5.263159546355483067e-06 5.456133799737686126e-07
5.750000000000000000e+00 2.492123167077537930e-06 3.250531308469759189e-07
6.250000000000000000e+00 1.100560091960694461e-06 1.265195644568101664e-07
6.750000000000000000e+00 4.932894540039292502e-07 5.831270270964437369e-08
7.250000000000000000e+00 3.344766281121466445e-07 3.717561608872680530e-08
7.750000000000000000e+00 1.796741998923186426e-07 1.271595654492526983e-08
8.250000000000000000e+00 9.262484274909175163e-08 5.272879077425827303e-09
8.750000000000000000e+00 6.900453492222149956e-08 4.677379330283009037e-09
9.250000000000000000e+00 4.262668103478881711e-08 3.611461573432812385e-09
9.750000000000000000e+00 3.418043026555125162e-08 3.360795401733092273e-09
1.100000000000000000e+01 1.439012795249632892e-08 5.518999725217557376e-10
1.300000000000000000e+01 4.090810181619699293e-09 1.648804685297777129e-10
1.500000000000000000e+01 1.415988768527142559e-09 7.479968567613843625e-11
1.700000000000000000e+01 4.632428505312934272e-10 2.367183569856453526e-11
1.900000000000000000e+01 1.898797209859608144e-10 1.113725941319325228e-11
