5.250000000000000000e+00 3.148792428509323757e-06 3.896805449731143249e-07
5.750000000000000000e+00 1.394292415048912393e-06 1.498518902685443137e-07
6.250000000000000000e+00 7.795551151585001287e-07 1.650307587074138723e-07
6.750000000000000000e+00 4.455536115829722646e-07 7.761687090068339644e-08
7.250000000000000000e+00 1.886006002253948989e-07 2.855327819057940576e-08
7.750000000000000000e+00 1.294840442624963548e-07 3.696672006113715018e-08
8.250000000000000000e+00 5.732059606949721813e-08 5.510437356994134505e-09
8.750000000000000000e+00 3.716724920980875196e-08 4.272346762904564978e-09
9.250000000000000000e+00 2.991742330313424699e-08 4.165976069091447344e-09
9.750000000000000000e+00 1.970409986044194277e-08 1.756720688472110639e-09
1.100000000000000000e+01 7.459439358043502042e-09 4.022617786288648824e-10
1.300000000000000000e+01 2.398318953230333979e-09 1.857583448842219413e-10
1.500000000000000000e+01 7.182884882031899008e-10 4.890214550130884027e-11
1.700000000000000000e+01 2.653666148915213643e-10 1.959746460392747194e-11
1.900000000000000000e+01 1.023514381256923724e-10 7.152946590733879749e-12
