5.250000000000000000e+00 8.241847152322537824e-06 5.462142154868168959e-07
5.750000000000000000e+00 3.988833527870599945e-06 3.658149219239005801e-07
6.250000000000000000e+00 1.638085815076012669e-06 1.030498885192200565e-07
6.750000000000000000e+00 7.292965961396724368e-07 4.969723708631215873e-08
7.250000000000000000e+00 4.476164069893903533e-07 3.162757040008536414e-08
7.750000000000000000e+00 2.945472833734801112e-07 3.935189199422974612e-08
8.250000000000000000e+00 1.975213463452817810e-07 1.915131394889149581e-08
8.750000000000000000e+00 1.309522499552441560e-07 1.578628718336149899e-08
9.250000000000000000e+00 8.636548164563143911e-08 7.377346169341286781e-09
9.750000000000000000e+00 6.985266674216720082e-08 1.351523641112080955e-08
1.100000000000000000e+01 2.411632817663275758e-08 1.277003569015330005e-09
1.300000000000000000e+01 6.550720303404433441e-09 3.227699873904420053e-10
1.500000000000000000e+01 2.209270069873621551e-09 1.477298952978151746e-10
1.700000000000000000e+01 7.321937391041817442e-10 3.187859190723190647e-11
1.900000000000000000e+01 2.757800513585870480e-10 2.329209390257203551e-11
