5.250000000000000000e+00 1.290005345241700414e-05 7.400066012396358104e-07
5.750000000000000000e+00 6.698877421851554916e-06 4.724965959177464992e-07
6.250000000000000000e+00 3.215777719012392461e-06 2.379033800511562487e-07
6.750000000000000000e+00 1.950930748603442763e-06 1.349939448105037048e-07
7.250000000000000000e+00 1.103226704340102543e-06 7.823432251840769638e-08
7.750000000000000000e+00 6.220481571150099480e-07 4.013708726678913554e-08
8.250000000000000000e+00 4.010815553970040428e-07 2.884254722016641205e-08
8.750000000000000000e+00 2.749766889388494073e-07 3.756236544405466315e-08
9.250000000000000000e+00 1.683176112508630519e-07 9.755244906559225264e-09
9.750000000000000000e+00 1.067745518567696181e-07 5.767980786439285841e-09
1.100000000000000000e+01 5.533407624545887409e-08 4.145030663960302285e-09
1.300000000000000000e+01 1.342057088104336995e-08 4.745970050690723642e-10
1.500000000000000000e+01 4.329664540971420726e-09 2.082622185691221437e-10
1.700000000000000000e+01 1.537052562950253403e-09 7.344615855105991210e-11
1.900000000000000000e+01 5.523345240457985556e-10 2.449727137951414621e-11
