5.250000000000000000e+00 5.354159940758088845e-06 5.880968332021079688e-07
5.750000000000000000e+00 1.974115651391073416e-06 2.320973577194368190e-07
6.250000000000000000e+00 9.824508667790693306e-07 1.768975920003618179e-07
6.750000000000000000e+00 3.383368994549886429e-07 4.711336369271431050e-08
7.250000000000000000e+00 1.957487793703781864e-07 1.968003164095370718e-08
7.750000000000000000e+00 1.190521527816319006e-07 8.660709056856691668e-09
8.250000000000000000e+00 7.824241986837122059e-08 7.779872709682197016e-09
8.750000000000000000e+00 5.340406921584420310e-08 5.648370787107844476e-09
9.250000000000000000e+00 3.746981608389693749e-08 5.122639562026940442e-09
9.750000000000000000e+00 2.289453078311452081e-08 2.630324601535846809e-09
1.100000000000000000e+01 9.668088817938271322e-09 4.503028459781185266e-10
1.300000000000000000e+01 3.160495521556628898e-09 1.695882350996682860e-10
1.500000000000000000e+01 9.362299130355675539e-10 5.131908510855532429e-11
1.700000000000000000e+01 3.652238586183145586e-10 2.126957821066641009e-11
1.900000000000000000e+01 1.488077737271520149e-10 9.522656562199305077e-12
