5.250000000000000000e+00 6.725204075201031478e-06 6.522228836443640909e-07
5.750000000000000000e+00 3.383993764873938477e-06 4.385038702458990365e-07
6.250000000000000000e+00 1.414357176478528134e-06 2.027043448662748792e-07
6.750000000000000000e+00 8.629019278546388066e-07 1.036737670272746538e-07
7.250000000000000000e+00 5.033069739437175260e-07 6.900568266466619836e-08
7.750000000000000000e+00 2.343803230639451298e-07 2.177782647813487097e-08
8.250000000000000000e+00 1.922565056839457563e-07 2.640389419588781262e-08
8.750000000000000000e+00 9.964750785657295196e-08 4.921825147110622403e-09
9.250000000000000000e+00 6.998862604899995484e-08 4.668995098124571857e-09
9.750000000000000000e+00 4.889405188779859225e-08 4.728616450934690785e-09
1.100000000000000000e+01 2.283618914327882670e-08 9.841003138472237280e-10
1.300000000000000000e+01 6.819574222537741767e-09 6.144571123407366876e-10
1.500000000000000000e+01 2.146599589248288911e-09 9.281476821383414995e-11
1.700000000000000000e+01 6.895069338683548062e-10 3.081583698406352941e-11
1.900000000000000000e+01 2.890510355214753984e-10 3.229312161606956480e-11
