5.250000000000000000e+00 1.237431372360435987e-05 8.418146908134285676e-07
5.750000000000000000e+00 5.436375385146842605e-06 3.791093858390217134e-07
6.250000000000000000e+00 2.228804932768117267e-06 1.390698279162264550e-07
6.750000000000000000e+00 1.549291203121885177e-06 1.787398481681637826e-07
7.250000000000000000e+00 7.338529151025669644e-07 5.483277267998734187e-08
7.750000000000000000e+00 4.761484930323243900e-07 4.634810209296185134e-08
8.250000000000000000e+00 2.875145708499887408e-07 2.619081390717718608e-08
8.750000000000000000e+00 1.902066417411766708e-07 1.160104650206125043e-08
9.250000000000000000e+00 1.091138684805908948e-07 5.599561880545797081e-09
9.750000000000000000e+00 7.933143360088245285e-08 4.422095768855082189e-09
1.100000000000000000e+01 3.629804087077060027e-08 1.288744285748506843e-09
1.300000000000000000e+01 1.022009418288325758e-08 4.224730927599575480e-10
1.500000000000000000e+01 3.277199034330286615e-09 1.591164333794538465e-10
1.700000000000000000e+01 1.063830049641425116e-09 4.517318150811325446e-11
1.900000000000000000e+01 4.683008490397609629e-10 2.894886948954987283e-11
