5.250000000000000000e+00 6.270108575147133633e-06 5.157823932682135936e-07
5.750000000000000000e+00 2.528112377086340495e-06 3.126775596810122173e-07
6.250000000000000000e+00 1.321541134454063127e-06 1.847768421968474626e-07
6.750000000000000000e+00 5.350661741056385388e-07 6.149751905362917774e-08
7.250000000000000000e+00 4.283935245508867882e-07 5.503332089484115766e-08
7.750000000000000000e+00 1.757780159049738147e-07 1.221227393719131591e-08
8.250000000000000000e+00 1.182477574390427792e-07 9.451830063250548782e-09
8.750000000000000000e+00 7.434507576964477705e-08 6.250972580883633094e-09
9.250000000000000000e+00 4.521116507953140748e-08 3.541090149279972640e-09
9.750000000000000000e+00 3.689190414747090400e-08 4.007813771333322586e-09
1.100000000000000000e+01 1.506618564683161486e-08 8.568167936730876671e-10
1.300000000000000000e+01 4.071252527041793967e-09 1.944458871652885954e-10
1.500000000000000000e+01 1.402489639892921710e-09 8.619766714000856552e-11
1.700000000000000000e+01 5.224532742872310805e-10 3.070923918078954136e-11
1.900000000000000000e+01 2.030191639808280433e-10 1.686168835457036441e-11
