5.250000000000000000e+00 7.846365548047626041e-06 5.927859538687234890e-07
5.750000000000000000e+00 4.115073054722543326e-06 4.603915127732751057e-07
6.250000000000000000e+00 1.803242638868430938e-06 1.868974012503821796e-07
6.750000000000000000e+00 1.075958649376181285e-06 1.935836911164575133e-07
7.250000000000000000e+00 5.094059601823340751e-07 5.309676871291349338e-08
7.750000000000000000e+00 2.773844897502165962e-07 2.122991783211226885e-08
8.250000000000000000e+00 1.802263886049203516e-07 1.196190692914245801e-08
8.750000000000000000e+00 1.296824809220839346e-07 1.582899157745299174e-08
9.250000000000000000e+00 9.731477900180490867e-08 1.458821223232558751e-08
9.750000000000000000e+00 4.978108256496275749e-08 3.743277979680018849e-09
1.100000000000000000e+01 2.535510895006536568e-08 1.236290590564889933e-09
1.300000000000000000e+01 6.680263616642135829e-09 3.104255375944928806e-10
1.500000000000000000e+01 2.189087567381973430e-09 1.091859547521876592e-10
1.700000000000000000e+01 7.112025402636188711e-10 2.964932774295172038e-11
1.900000000000000000e+01 2.995181306167655714e-10 1.792380284289735314e-11
