5.250000000000000000e+00 8.326621149121851185e-06 6.484732562749800231e-07
5.750000000000000000e+00 3.895532975226175679e-06 3.024417945603613661e-07
6.250000000000000000e+00 2.010018321930670350e-06 1.809101424639816287e-07
6.750000000000000000e+00 1.208550454249607492e-06 8.121452063061703061e-08
7.250000000000000000e+00 6.221612040899324863e-07 4.222496434610006208e-08
7.750000000000000000e+00 3.780225133338302990e-07 2.547076741610762740e-08
8.250000000000000000e+00 2.906296509634477825e-07 3.518604386137978488e-08
8.750000000000000000e+00 1.692990705966140905e-07 9.612094610866932127e-09
9.250000000000000000e+00 1.230108846075592282e-07 7.270988323025994904e-09
9.750000000000000000e+00 7.712446054458633120e-08 4.719962737129485691e-09
1.100000000000000000e+01 3.429738979136095332e-08 1.339266587371240462e-09
1.300000000000000000e+01 9.785821887271508732e-09 5.517033153070795832e-10
1.500000000000000000e+01 3.521139495775873935e-09 4.220738592237650809e-10
1.700000000000000000e+01 1.020825139428951047e-09 4.001528902092076353e-11
1.900000000000000000e+01 4.243166902560324364e-10 2.170919657031878869e-11
