5.250000000000000000e+00 1.016959248082047322e-05 8.075279108902743176e-07
5.750000000000000000e+00 4.799352853372878434e-06 4.463389097054016515e-07
6.250000000000000000e+00 2.085583491832306356e-06 2.199211932834396570e-07
6.750000000000000000e+00 1.371397775519009049e-06 1.907294706277179831e-07
7.250000000000000000e+00 6.537302048426977964e-07 6.556241118545144193e-08
7.750000000000000000e+00 3.982544861222459423e-07 3.363079445713808231e-08
8.250000000000000000e+00 1.873570809663838869e-07 1.139918051748578056e-08
8.750000000000000000e+00 1.230737980681236464e-07 8.138314589247369214e-09
9.250000000000000000e+00 8.603767977739960560e-08 5.929860072406008393e-09
9.750000000000000000e+00 6.781617144938881855e-08 6.812165248508200233e-09
1.100000000000000000e+01 2.818823787228590460e-08 1.505761368679569398e-09
1.300000000000000000e+01 7.439187912756628844e-09 3.563441091099415520e-10
1.500000000000000000e+01 2.272311184872997780e-09 1.144462999290936122e-10
1.700000000000000000e+01 8.323703188431259469e-10 4.647097421114956328e-11
1.900000000000000000e+01 2.853825107478551444e-10 1.685648620356772816e-11
