5.250000000000000000e+00 1.061407355767094946e-05 6.984247019008278868e-07
5.750000000000000000e+00 5.095726650603352666e-06 4.539670031919294227e-07
6.250000000000000000e+00 2.566435508144937245e-06 2.351406981128211265e-07
6.750000000000000000e+00 1.388216883327253980e-06 1.755166472299241414e-07
7.250000000000000000e+00 7.605426563063806108e-07 6.470067850003752411e-08
7.750000000000000000e+00 3.687232446296184865e-07 2.851276983788349697e-08
8.250000000000000000e+00 2.917975097718021501e-07 3.072286860562804195e-08
8.750000000000000000e+00 1.441397514787889624e-07 8.643337331751721574e-09
9.250000000000000000e+00 1.062685488391527599e-07 6.779324394153479025e-09
9.750000000000000000e+00 9.683108500946197273e-08 1.471916719149470363e-08
1.100000000000000000e+01 3.297114410955620504e-08 1.331812788770890255e-09
1.300000000000000000e+01 9.174341575377162169e-09 3.636361122479942555e-10
1.500000000000000000e+01 2.892565291431527845e-09 1.333464215478496092e-10
1.700000000000000000e+01 1.085077363011452108e-09 5.791750805485267419e-11
1.900000000000000000e+01 3.504561450251797801e-10 1.811693118249497155e-11
