5.250000000000000000e+00 4.659407785180466712e-06 4.137659478593590174e-07
5.750000000000000000e+00 2.380336300418198235e-06 3.302480149237811515e-07
6.250000000000000000e+00 1.626458165761866730e-06 2.938623081453356801e-07
6.750000000000000000e+00 4.774684858726515746e-07 5.051035579720410761e-08
7.250000000000000000e+00 3.173329606797957553e-07 4.160030343303365236e-08
7.750000000000000000e+00 2.176773856777705300e-07 3.394839752695088105e-08
8.250000000000000000e+00 1.161608880520948236e-07 8.788385889455575962e-09
8.750000000000000000e+00 7.069083911837082197e-08 1.659107821856365803e-08
9.250000000000000000e+00 5.886386501138792473e-08 1.565098283200930242e-08
9.750000000000000000e+00 2.799333738622581122e-08 3.250288862431503036e-09
1.100000000000000000e+01 1.366719640976719379e-08 1.049722714874625028e-09
1.300000000000000000e+01 3.552348092708911880e-09 1.716716934902902683e-10
1.500000000000000000e+01 1.368171691308894332e-09 7.793190240316879537e-11
1.700000000000000000e+01 5.017283351288505548e-10 4.251785630141709511e-11
1.900000000000000000e+01 1.520744605647995045e-10 9.725208272108112491e-12
