5.250000000000000000e+00 2.212739149619111410e-05 1.043577465406763374e-06
5.750000000000000000e+00 1.063228531902715380e-05 5.713208900432459114e-07
6.250000000000000000e+00 4.663593502374599531e-06 2.147361441610231512e-07
6.750000000000000000e+00 2.769550548100396589e-06 1.535291078630490852e-07
7.250000000000000000e+00 1.733806115629683738e-06 1.200030384946290435e-07
7.750000000000000000e+00 1.035726378376761381e-06 6.327535070706113806e-08
8.250000000000000000e+00 5.139327451516927500e-07 2.438963408657490781e-08
8.750000000000000000e+00 4.151555194866588797e-07 3.338728462033225283e-08
9.250000000000000000e+00 2.690686931921359082e-07 1.933662659581548167e-08
9.750000000000000000e+00 1.796048873109600485e-07 1.609802003538231921e-08
1.100000000000000000e+01 6.539786654113866292e-08 2.198689191067859042e-09
1.300000000000000000e+01 1.869082279435536732e-08 7.856950404150447140e-10
1.500000000000000000e+01 5.280215793942197478e-09 1.949820354057276446e-10
1.700000000000000000e+01 2.004214819672796731e-09 1.309994089915249931e-10
1.900000000000000000e+01 7.384089015797918211e-10 3.357965568139157072e-11
