5.250000000000000000e+00 3.938903989947869319e-06 4.694158464356302591e-07
5.750000000000000000e+00 1.621980194848535410e-06 2.476673188883294618e-07
6.250000000000000000e+00 1.040266935221834153e-06 2.522354580090957861e-07
6.750000000000000000e+00 3.856381911383994197e-07 5.671715489858195666e-08
7.250000000000000000e+00 2.291721488608329303e-07 3.107451532217218391e-08
7.750000000000000000e+00 1.068806162770608103e-07 6.511752572520533529e-09
8.250000000000000000e+00 6.758813036480706283e-08 5.025607297012034561e-09
8.750000000000000000e+00 4.655473678132352350e-08 5.282750632049974721e-09
9.250000000000000000e+00 3.511611792744894749e-08 3.814720936684097090e-09
9.750000000000000000e+00 2.091229926215029308e-08 1.625627492177690157e-09
1.100000000000000000e+01 1.171769675336462618e-08 1.044037823513607078e-09
1.300000000000000000e+01 3.176904680473679004e-09 2.130108253715077779e-10
1.500000000000000000e+01 9.358621697998976287e-10 4.452096524111890261e-11
1.700000000000000000e+01 3.696713017136125624e-10 2.239954322295709203e-11
1.900000000000000000e+01 1.539128757321730259e-10 1.244344128777098170e-11
