5.250000000000000000e+00 5.912034548524824857e-06 6.980155868670582110e-07
5.750000000000000000e+00 1.818893676181367327e-06 3.028010160431072714e-07
6.250000000000000000e+00 8.217947721089890011e-07 1.701193330354191920e-07
6.750000000000000000e+00 5.101161289977215390e-07 1.515847708156894227e-07
7.250000000000000000e+00 2.241788951355893564e-07 4.125457706393628553e-08
7.750000000000000000e+00 9.492882549891436004e-08 8.425385370171137311e-09
8.250000000000000000e+00 6.562861595827725633e-08 5.747735488292158876e-09
8.750000000000000000e+00 4.614806091605626913e-08 5.243694698434623519e-09
9.250000000000000000e+00 2.751555190415089897e-08 2.092819352277949544e-09
9.750000000000000000e+00 1.784100426393530625e-08 1.465596959730268901e-09
1.100000000000000000e+01 8.165768193212970526e-09 4.240639339550596812e-10
1.300000000000000000e+01 2.337733715854148827e-09 1.264847598506923682e-10
1.500000000000000000e+01 7.385576897624607451e-10 5.717507745234432366e-11
1.700000000000000000e+01 2.616558020155762223e-10 1.642339757895863508e-11
1.900000000000000000e+01 1.022951605406982098e-10 7.719593432663024404e-12
