5.250000000000000000e+00 1.316321869187496022e-05 8.912920694969206369e-07
5.750000000000000000e+00 6.312353058463413932e-06 5.634239316936980315e-07
6.250000000000000000e+00 3.454046964320838704e-06 3.565769098872982381e-07
6.750000000000000000e+00 2.031051295201629792e-06 2.976272307518216358e-07
7.250000000000000000e+00 9.637844078061378428e-07 7.740022683250595251e-08
7.750000000000000000e+00 6.465400624704062367e-07 5.921954420889557361e-08
8.250000000000000000e+00 3.902843703204316059e-07 4.633712381446742501e-08
8.750000000000000000e+00 2.243248070564742078e-07 2.024470208765897444e-08
9.250000000000000000e+00 1.346333004295561510e-07 7.610357437457677698e-09
9.750000000000000000e+00 1.087636471200158439e-07 7.525952349330661552e-09
1.100000000000000000e+01 4.160714686747564092e-08 1.470494089756842790e-09
1.300000000000000000e+01 1.142825278176280097e-08 4.367819584374110099e-10
1.500000000000000000e+01 3.619943716616506874e-09 1.721988857058157747e-10
1.700000000000000000e+01 1.271173041496207149e-09 6.863898768971744909e-11
1.900000000000000000e+01 5.146329343655788935e-10 2.922401973460190927e-11
