5.250000000000000000e+00 4.198371540851368910e-06 5.719082548860860993e-07
5.750000000000000000e+00 1.267380665156031080e-06 2.055584653126952747e-07
6.250000000000000000e+00 7.065511821937525234e-07 8.789209999495173253e-08
6.750000000000000000e+00 3.236034466270485573e-07 3.641275141698584952e-08
7.250000000000000000e+00 1.909607498247797253e-07 3.940995410676553714e-08
7.750000000000000000e+00 1.516449910244619933e-07 2.938233538841279346e-08
8.250000000000000000e+00 9.516217205812712378e-08 1.685857874702129565e-08
8.750000000000000000e+00 5.446842235762090752e-08 1.476131938622749726e-08
9.250000000000000000e+00 3.147299257698804144e-08 3.348253876292135823e-09
9.750000000000000000e+00 2.688775400749615882e-08 3.840594493912646410e-09
1.100000000000000000e+01 9.121851687171650873e-09 3.255085772832778185e-10
1.300000000000000000e+01 2.589113888335006325e-09 1.279943668027399221e-10
1.500000000000000000e+01 9.124684131435130821e-10 5.799329823359145152e-11
1.700000000000000000e+01 3.388383507626796861e-10 2.406837936305761517e-11
1.900000000000000000e+01 1.226310016323938441e-10 7.239299143434698957e-12
