5.250000000000000000e+00 1.415100713503399552e-05 8.073642845541962142e-07
5.750000000000000000e+00 6.989481408736142844e-06 4.889926882679193235e-07
6.250000000000000000e+00 2.988860901660385244e-06 3.027076712933553666e-07
6.750000000000000000e+00 1.594363454350304584e-06 1.022659530027703525e-07
7.250000000000000000e+00 1.000365301275879694e-06 7.763096323342803975e-08
7.750000000000000000e+00 5.572208386221692365e-07 4.168971185667611489e-08
8.250000000000000000e+00 3.391912873655285105e-07 2.080923145715603187e-08
8.750000000000000000e+00 2.719162322235556643e-07 2.941766161029659581e-08
9.250000000000000000e+00 1.861878445131284724e-07 2.017375459546561795e-08
9.750000000000000000e+00 1.058971174450112312e-07 1.321962303373806098e-08
1.100000000000000000e+01 4.656974869230001762e-08 2.073206650140673112e-09
1.300000000000000000e+01 1.230393779628038936e-08 6.297123127192605611e-10
1.500000000000000000e+01 3.788522305482355375e-09 1.605883506971440741e-10
1.700000000000000000e+01 1.346034583304722293e-09 5.577291763972161614e-11
1.900000000000000000e+01 4.846059894530478802e-10 2.467021653553961415e-11
