5.250000000000000000e+00 6.308987398116710440e-06 6.442336811171449787e-07
5.750000000000000000e+00 2.474606460389846621e-06 3.181923421650101621e-07
6.250000000000000000e+00 1.255370104749319707e-06 2.088588924713826856e-07
6.750000000000000000e+00 5.857687837658764072e-07 5.657028719129601704e-08
7.250000000000000000e+00 3.100978610034392454e-07 4.402226143847642134e-08
7.750000000000000000e+00 1.895543371129324240e-07 2.103078304951144994e-08
8.250000000000000000e+00 1.248056534584071616e-07 1.003333490066899270e-08
8.750000000000000000e+00 7.894835827033091078e-08 6.574310859327352775e-09
9.250000000000000000e+00 5.238728534112437386e-08 4.224944066920160727e-09
9.750000000000000000e+00 4.234227733947106065e-08 4.746962068764656454e-09
1.100000000000000000e+01 1.512090974243098676e-08 5.746634088343066303e-10
1.300000000000000000e+01 4.490147757279263790e-09 2.100870755458292085e-10
1.500000000000000000e+01 1.526579024871166635e-09 8.528804170369323293e-11
1.700000000000000000e+01 5.708269752279794037e-10 4.149991512968697413e-11
1.900000000000000000e+01 2.002889912102350933e-10 1.117821208953603670e-11
