5.250000000000000000e+00 4.698370661366389997e-06 4.845656559742963838e-07
5.750000000000000000e+00 1.783762974388846060e-06 2.619624520047064842e-07
6.250000000000000000e+00 1.199535292248269620e-06 2.742477122381657290e-07
6.750000000000000000e+00 3.845943535015773287e-07 5.488656660881332940e-08
7.250000000000000000e+00 2.014044484173898102e-07 2.533026857689258263e-08
7.750000000000000000e+00 1.080894188793934872e-07 8.447483915967694236e-09
8.250000000000000000e+00 7.921387546963893332e-08 6.973152104242666751e-09
8.750000000000000000e+00 5.591731111525349697e-08 1.375168405179609435e-08
9.250000000000000000e+00 2.540920128712479387e-08 1.582243121734242212e-09
9.750000000000000000e+00 2.190163228970400691e-08 1.546250759689324595e-09
1.100000000000000000e+01 1.064134609894615563e-08 7.722228767095927294e-10
1.300000000000000000e+01 2.892227700191043712e-09 1.438469236296151541e-10
1.500000000000000000e+01 9.883804749317720746e-10 4.875473683851503554e-11
1.700000000000000000e+01 3.191346897559772412e-10 1.754028107179729548e-11
1.900000000000000000e+01 1.387500566546175979e-10 1.214824453629125460e-11
