5.250000000000000000e+00 1.340522413605021750e-05 8.105133659512714690e-07
5.750000000000000000e+00 5.837831685084851408e-06 4.645277401519788324e-07
6.250000000000000000e+00 2.780824807856389706e-06 2.455714748240258860e-07
6.750000000000000000e+00 1.699798601298409623e-06 2.147779147038552078e-07
7.250000000000000000e+00 8.021476931393902982e-07 5.512901537680938120e-08
7.750000000000000000e+00 5.373630576185564644e-07 5.024425471704321271e-08
8.250000000000000000e+00 3.117354085794737444e-07 2.991342455119067033e-08
8.750000000000000000e+00 2.588093754269425452e-07 2.845219175194797694e-08
9.250000000000000000e+00 1.159929666819732722e-07 7.959695166420586745e-09
9.750000000000000000e+00 7.743489212085591512e-08 4.611792022413708641e-09
1.100000000000000000e+01 3.387923977757887460e-08 1.501483283521535757e-09
1.300000000000000000e+01 8.864749937155386423e-09 4.016351860813458415e-10
1.500000000000000000e+01 2.805026539057504696e-09 1.842957555078148487e-10
1.700000000000000000e+01 9.539122536169168779e-10 4.525647730623447915e-11
1.900000000000000000e+01 3.144643473812684058e-10 1.586399619064566051e-11
