3.182564351979019074e-02
3.182349767594516710e-02
3.662548986268793216e-02
3.789578014184222243e-02
4.055836253732108404e-02
5.785026835586969118e-02
1.036315586457105115e-01
1.567756269025854243e-01
1.540966335300980317e-01
1.061037228376083066e-02
4.438468204234428949e-02
4.368065933568310993e-02
4.368065933568310993e-02
4.427188724235731759e-02
4.661544808322665157e-02
4.976946855251721674e-02
4.939635614091387322e-02
5.124451190127583128e-02
5.728001396647874194e-02
7.180529228406497266e-02
8.036168241145776048e-02
9.352005132590551773e-02
1.176435293588219411e-01
1.656804152578089107e-01
