1.989331672811985308e-01
1.970932497873983391e-01
2.241953627096227863e-01
2.249912698134114430e-01
2.211259129443631788e-01
2.405566395657871837e-01
3.256572274301465231e-01
3.747325879579527230e-01
2.621311261497257239e-01
3.510967821033185166e-01
3.269522600227864340e-01
3.426739147553483078e-01
4.007432426321163033e-01
3.710605557508960262e-01
4.090500286459567980e-01
5.237683198302962584e-01
3.697536283778732336e-01
4.520906720955420455e-01
1.809999999999999942e-01
2.020000000000000129e-01
2.260000000000000064e-01
2.510000000000000009e-01
2.790000000000000258e-01
3.130000000000000004e-01
3.420000000000000262e-01
3.469999999999999751e-01
4.149999999999999800e-01
4.749999999999999778e-01
5.270000000000000240e-01
5.420000000000000373e-01
5.629999999999999449e-01
5.699999999999999512e-01
5.600000000000000533e-01
3.980000000000000204e-01
4.279999999999999916e-01
4.550000000000000155e-01
4.829999999999999849e-01
5.290000000000000258e-01
5.570000000000000506e-01
5.889999999999999680e-01
5.929999999999999716e-01
6.800000000000000488e-01
7.189999999999999725e-01
7.530000000000000027e-01
7.730000000000000204e-01
8.139999999999999458e-01
8.840000000000000080e-01
