1.989331672811985308e-01
1.970932497873983391e-01
2.241953627096227863e-01
2.249912698134114430e-01
2.211259129443631788e-01
2.405566395657871837e-01
3.256572274301465231e-01
3.747325879579527230e-01
2.621311261497257239e-01
1.809999999999999942e-01
2.020000000000000129e-01
2.260000000000000064e-01
2.510000000000000009e-01
2.790000000000000258e-01
3.130000000000000004e-01
3.420000000000000262e-01
3.469999999999999751e-01
4.149999999999999800e-01
4.749999999999999778e-01
5.270000000000000240e-01
5.420000000000000373e-01
5.629999999999999449e-01
5.699999999999999512e-01
5.600000000000000533e-01
