idx,beta_1,beta_2,beta_3,T_star,Q0,g_inel_hard
0,-0.79720,0.37320,1.68920,0.20182,4.54000,0.37240
1,1.30840,1.38680,-0.29320,0.45818,1.22800,0.13320
2,0.27240,-0.71880,0.33960,0.32286,2.19600,0.47000
3,1.96360,1.77880,1.88520,0.30314,3.63600,0.27160
4,-0.27640,1.05080,1.37560,0.38338,2.63600,0.19960
5,0.85480,-0.35480,-0.38280,0.16782,3.18000,0.33800
6,-0.52840,-0.48920,-0.11400,0.40786,4.84400,0.11640
7,1.72280,1.12360,1.17960,0.23786,1.02800,0.48520
8,-0.03560,1.84040,-0.76360,0.25146,4.31600,0.15400
9,1.44280,0.26680,1.31400,0.49694,3.94800,0.31160
10,-0.69640,0.63080,0.20520,0.36366,1.10000,0.29880
11,0.47400,1.93560,0.39000,0.19502,1.56400,0.22520
12,1.63880,-0.23720,0.70360,0.43234,2.58000,0.41240
13,1.79560,-0.65720,1.94120,0.37114,1.78000,0.12680
14,0.11560,1.19080,-0.20920,0.47654,3.71600,0.47880
15,0.61960,1.28600,0.73160,0.30178,4.97200,0.42920
16,0.51880,0.03160,1.65000,0.45750,1.95600,0.26040
17,0.37880,0.32280,-0.68520,0.30994,1.00400,0.21240
18,1.57160,1.81800,0.00920,0.48674,1.75600,0.33880
19,0.58040,0.67000,0.94440,0.23922,3.24400,0.18360
20,-0.32120,1.51000,-0.45560,0.35618,3.01200,0.43880
21,0.14360,0.84920,1.51000,0.26438,4.75600,0.29640
22,1.03960,-0.08600,-0.64600,0.41738,4.59600,0.23240
23,1.13480,0.41240,-0.55080,0.24670,2.71600,0.40440
24,-0.00760,0.79320,1.14600,0.40242,1.61200,0.44680
25,1.07880,1.61640,1.74520,0.32014,1.14800,0.17720
26,0.96680,-0.34360,1.34760,0.48266,1.58800,0.10840
27,1.67800,0.62520,1.01160,0.37862,4.42800,0.10040
28,-0.65720,-0.58440,1.82360,0.49218,3.10800,0.32040
29,1.86840,-0.79720,0.08200,0.40446,2.41200,0.23800
30,0.06520,-0.53960,1.99160,0.17054,4.56400,0.18920
31,-0.19240,1.21880,0.87160,0.16510,2.15600,0.49400
32,-0.74680,1.95800,-0.33800,0.34870,4.47600,0.23960
33,-0.61800,0.75400,0.81560,0.49898,4.71600,0.40680
34,0.26120,1.57720,1.84040,0.46430,4.38800,0.12920
35,1.54360,-0.56200,-0.48920,0.44118,1.03600,0.28440
36,1.28040,1.02840,0.44600,0.34190,4.18800,0.14760
37,0.31160,0.99480,-0.73560,0.49830,2.93200,0.24680
38,-0.39960,0.01480,0.13800,0.25282,3.13200,0.11000
39,1.90200,1.87400,-0.46680,0.21134,3.80400,0.46040
40,1.82360,0.60840,-0.09720,0.19026,3.02800,0.38360
41,-0.29320,-0.75240,1.49880,0.22086,1.83600,0.27400
42,1.77320,1.90760,0.51320,0.45342,4.02800,0.29240
43,1.84600,1.54360,1.20200,0.22426,4.70800,0.16840
44,-0.73000,0.97240,1.89640,0.23650,1.93200,0.42760
45,1.24680,0.16040,0.27240,0.42554,3.47600,0.47480
46,1.61080,0.46840,1.83480,0.27934,1.70800,0.30600
47,-0.09720,-0.02440,-0.66840,0.46362,1.51600,0.41480
48,-0.45560,1.67800,-0.06920,0.42010,2.31600,0.39880
49,1.45960,0.08200,1.81800,0.19162,4.22800,0.10600
50,0.39000,-0.07480,0.72040,0.35890,3.53200,0.34280
51,-0.65160,-0.14760,1.02840,0.26642,1.13200,0.14920
52,0.04840,1.37000,1.15720,0.31742,3.81200,0.22120
53,0.68680,1.46520,1.84600,0.20726,3.32400,0.44520
54,-0.44440,-0.53400,0.78200,0.21610,2.92400,0.47400
55,1.33080,1.24120,1.44840,0.27186,2.83600,0.25800
56,1.05640,1.31400,0.50760,0.23718,2.39600,0.10520
57,0.13240,0.34520,1.60520,0.36638,3.26800,0.49560
58,-0.52280,1.96920,1.43160,0.24398,2.08400,0.16200
59,-0.38280,0.66440,-0.65160,0.31674,4.43600,0.47640
60,-0.78600,-0.10280,-0.20360,0.22154,3.99600,0.21160
61,1.98040,0.19960,1.24680,0.26370,4.19600,0.43400
62,0.31720,1.75640,1.79000,0.25486,2.46000,0.34440
63,0.18280,0.22760,1.98040,0.43778,4.86800,0.36520
64,0.82680,1.26360,0.98920,0.49286,1.05200,0.16040
65,1.60520,0.98360,0.63080,0.17802,4.52400,0.42120
66,-0.13080,0.41800,0.42360,0.21066,4.14000,0.28840
67,1.36440,-0.64040,0.31720,0.20250,2.02800,0.15160
68,-0.57880,0.51880,0.89960,0.30110,1.79600,0.36120
69,0.37320,1.63880,-0.05240,0.27322,4.23600,0.46760
70,0.81000,1.97480,-0.22600,0.43914,1.69200,0.44200
71,0.77640,1.91320,0.21640,0.39698,4.82000,0.17160
72,-0.29880,-0.04680,-0.70760,0.17394,3.69200,0.29960
73,-0.06360,-0.70760,-0.31000,0.45274,4.66800,0.25960
74,-0.47800,0.18280,-0.46120,0.32354,1.97200,0.18040
75,-0.39400,1.52120,1.35320,0.47314,1.15600,0.47320
76,1.51560,0.81560,-0.25960,0.23310,2.62800,0.24120
77,1.26920,1.58280,0.21080,0.17190,1.07600,0.45480
78,-0.23720,-0.48360,1.23000,0.16918,1.27600,0.38440
79,0.73720,1.11240,1.42040,0.34802,2.22800,0.40200
80,1.66680,0.04840,-0.43320,0.47178,2.90000,0.22040
81,1.97480,1.71720,0.03720,0.18210,4.92400,0.33080
82,-0.73560,-0.41080,1.30280,0.42486,3.30800,0.25480
83,-0.67400,1.65000,0.26680,0.49082,3.76400,0.14840
84,0.91640,1.71160,0.53000,0.43098,1.31600,0.24200
85,0.40120,-0.36600,-0.75240,0.43710,3.98000,0.16760
86,1.17960,-0.39400,1.58840,0.17598,3.83600,0.14520
87,-0.51160,-0.18120,1.70600,0.48470,2.34000,0.48600
88,-0.22040,-0.72440,-0.13640,0.18414,2.74000,0.19480
89,1.15720,0.46280,1.62760,0.44186,4.49200,0.44920
90,0.33400,-0.20920,1.32520,0.16170,4.88400,0.31720
91,1.12360,-0.66280,1.11800,0.47790,1.01200,0.42280
92,0.22200,-0.52280,-0.28760,0.26846,1.68400,0.22360
93,0.86600,0.17720,1.07880,0.17734,1.57200,0.48920
94,-0.41640,1.81240,1.59400,0.31266,4.58800,0.32440
95,1.34200,-0.19240,0.17720,0.49966,1.48400,0.22600
96,1.42600,1.76760,-0.55640,0.31470,3.89200,0.10440
97,1.24120,-0.06920,1.16280,0.25350,2.22000,0.19000
98,0.74840,1.70600,-0.65720,0.19774,2.69200,0.29480
99,-0.12520,1.86840,0.48520,0.26778,1.88400,0.39480
100,1.56040,1.49320,0.93880,0.33986,3.36400,0.35000
101,0.34520,1.40360,-0.51160,0.45410,3.42800,0.38200
102,-0.71880,0.09880,0.32840,0.28886,4.24400,0.39800
103,1.99160,-0.64600,1.69480,0.33306,3.49200,0.40520
104,-0.04680,-0.05240,1.25240,0.48878,4.37200,0.17560
105,0.11000,-0.44440,0.08760,0.30518,4.94800,0.28200
106,-0.38840,1.95240,-0.72440,0.44730,3.59600,0.11960
107,-0.46120,0.28920,1.90760,0.41058,2.78000,0.21560
108,0.29480,-0.28200,-0.15880,0.48538,1.14000,0.40120
109,-0.18120,0.56360,-0.42200,0.16034,1.40400,0.20920
110,0.71480,0.73720,-0.08040,0.47722,4.91600,0.21800
111,1.42040,0.04280,1.68360,0.27594,4.93200,0.48200
112,0.69240,-0.73000,0.82120,0.39902,4.58000,0.45560
113,0.72040,1.36440,-0.41640,0.17938,4.36400,0.49640
114,1.85720,0.35080,-0.69080,0.41126,4.17200,0.37720
115,0.64200,0.42920,0.02600,0.41874,3.35600,0.27320
116,-0.79160,1.80680,1.06760,0.35142,3.61200,0.47160
117,1.70600,1.44280,0.44040,0.47450,2.43600,0.45240
118,1.50440,1.99720,1.41480,0.39086,1.28400,0.21400
119,0.91080,-0.50600,0.57480,0.26234,3.43600,0.29400
120,-0.11960,0.83240,-0.34360,0.38474,2.09200,0.32200
121,1.58840,0.30600,0.23320,0.34326,2.24400,0.25320
122,0.40680,0.09320,-0.59560,0.19298,1.76400,0.35240
123,0.32280,0.95000,0.22760,0.37658,4.66000,0.48440
124,1.05080,1.98600,0.80440,0.17530,2.05200,0.37640
125,-0.60120,-0.04120,0.46840,0.46634,2.11600,0.13480
126,-0.11400,1.40920,1.53800,0.28206,1.30800,0.12840
127,1.11240,-0.52840,-0.21480,0.19434,4.32400,0.37080
128,-0.24280,-0.29320,-0.67960,0.33170,2.59600,0.13160
129,1.35320,0.87160,-0.66280,0.48402,4.05200,0.18280
130,1.89640,0.28360,1.17400,0.17258,2.94000,0.23400
131,0.53000,1.35320,1.05640,0.40854,1.26000,0.36840
132,-0.43880,1.03960,0.17160,0.47110,4.78800,0.33720
133,0.97800,1.21320,0.28360,0.49558,3.06800,0.41880
134,0.09880,-0.74680,-0.69640,0.25010,3.91600,0.43640
135,1.34760,0.49640,-0.16440,0.35686,2.57200,0.48280
136,0.46280,0.22200,-0.03000,0.28546,2.67600,0.10280
137,-0.55080,1.74520,0.65320,0.45002,4.34800,0.37400
138,1.22440,0.11000,1.53240,0.34734,1.06000,0.29000
139,-0.59000,-0.66840,0.68680,0.34258,2.64400,0.30760
140,0.67560,1.00040,1.87960,0.40106,1.44400,0.16920
141,0.24440,0.74280,1.54360,0.16374,2.66000,0.44280
142,0.89400,1.23560,-0.08600,0.32762,2.18000,0.14200
143,1.12920,1.96360,1.72280,0.35414,2.98800,0.33320
144,-0.64040,0.74840,1.72840,0.24738,3.40400,0.10200
145,-0.28200,0.92760,0.11000,0.16850,4.26800,0.15880
146,1.90760,-0.38840,0.28920,0.29974,3.31600,0.44120
147,1.47080,0.40680,1.48200,0.37454,1.98800,0.43800
148,-0.15320,0.14360,0.10440,0.34938,1.80400,0.45400
149,1.21880,1.58840,1.03960,0.38746,4.15600,0.26520
150,1.78440,-0.67400,1.30840,0.29566,4.68400,0.35080
151,1.70040,0.63640,-0.63480,0.43370,1.46000,0.32920
152,1.54920,0.55800,1.28600,0.46498,2.72400,0.17960
153,0.55240,1.47080,-0.27640,0.30790,4.51600,0.12520
154,-0.20360,-0.69640,1.13480,0.43846,1.43600,0.11800
155,0.28920,1.00600,0.67560,0.24126,1.09200,0.12200
156,1.67240,0.96120,1.45960,0.49354,4.86000,0.23320
157,0.05960,1.62760,1.36440,0.41466,3.17200,0.32760
158,1.86280,-0.37160,-0.22040,0.25214,4.99600,0.17800
159,-0.34920,0.20520,-0.79720,0.36434,4.22000,0.26360
160,0.78760,1.15160,-0.71880,0.30654,1.82000,0.47240
161,0.36200,-0.51720,1.66680,0.34598,2.27600,0.15320
162,0.90520,0.30040,1.26920,0.22970,4.95600,0.19800
163,1.43160,0.84360,1.86280,0.47858,3.25200,0.47080
164,0.25000,-0.13640,0.36760,0.39834,4.08400,0.12360
165,0.93880,0.68680,0.91080,0.44322,3.84400,0.33560
166,1.19640,1.20200,1.54920,0.44866,2.55600,0.11720
167,1.81800,1.24680,0.12120,0.33850,4.60400,0.28600
168,0.09320,-0.00200,0.95000,0.34122,1.20400,0.22920
169,1.61640,0.12120,-0.71320,0.26098,4.74000,0.34040
170,-0.34360,1.28040,0.96120,0.20114,3.48400,0.39560
171,1.28600,-0.45000,-0.45000,0.21814,1.25200,0.41560
172,0.03160,1.10120,-0.25400,0.18278,1.50000,0.45800
173,0.15480,-0.76920,0.54120,0.42418,1.67600,0.37560
174,1.52120,-0.24280,0.98360,0.31402,4.30800,0.25080
175,-0.66280,0.50760,1.61080,0.39018,4.83600,0.24440
176,0.19400,1.14040,1.71160,0.20590,3.74800,0.15640
177,-0.69080,0.57480,-0.70200,0.47586,2.26800,0.19560
178,0.79320,-0.34920,-0.03560,0.35958,1.34000,0.25720
179,1.91320,-0.18680,-0.60680,0.23446,3.64400,0.10760
180,0.75960,0.00360,1.12920,0.21950,3.95600,0.36360
181,-0.00200,0.61400,0.61960,0.33510,4.96400,0.16680
182,1.76200,0.87720,-0.36600,0.40174,1.18000,0.49480
183,1.02840,1.88520,0.65880,0.31198,3.50800,0.18760
184,1.93560,1.43160,1.70040,0.46702,4.76400,0.37000
185,0.04280,0.47400,-0.41080,0.48810,3.98800,0.36680
186,-0.25960,-0.57880,0.16600,0.37522,3.56400,0.38680
187,1.19080,0.21640,0.46280,0.19842,2.53200,0.33480
188,0.47960,-0.76360,1.64440,0.24534,2.61200,0.49800
189,1.27480,-0.61800,0.03160,0.46974,4.11600,0.34520
190,-0.06920,1.77320,1.43720,0.21542,4.26000,0.41720
191,-0.72440,1.25800,-0.19800,0.41534,2.84400,0.12280
192,-0.47240,1.17960,0.97240,0.43642,1.87600,0.31240
193,0.33960,1.75080,0.31160,0.38202,1.46800,0.11400
194,0.97240,-0.01320,0.41240,0.30926,4.74800,0.44760
195,1.71720,0.78760,0.47960,0.27866,3.51600,0.36280
196,1.00040,0.36200,1.96920,0.24806,4.10000,0.31800
197,1.16280,-0.78600,-0.35480,0.23106,3.28400,0.47720
198,-0.70760,1.86280,1.10680,0.19978,4.02000,0.18120
199,-0.59560,1.26920,1.28040,0.39290,2.38000,0.46280
200,1.62760,-0.51160,-0.02440,0.49014,3.26000,0.12040
201,-0.18680,0.03720,0.77640,0.40650,2.54000,0.15960
202,1.41480,1.79000,1.93560,0.39766,4.70000,0.40360
203,1.99720,-0.17000,1.29720,0.32218,1.35600,0.30280
204,0.63080,1.39240,1.76200,0.25078,4.61200,0.20840
205,1.87960,-0.70200,0.75400,0.18754,3.94000,0.29080
206,0.22760,0.56920,1.27480,0.32694,3.70800,0.41960
207,0.59160,0.06520,-0.17000,0.16238,3.39600,0.45080
208,1.63320,-0.57320,1.03400,0.36706,1.30000,0.46120
209,1.84040,1.05640,1.66120,0.21474,1.64400,0.28360
210,0.18840,-0.63480,-0.44440,0.18822,3.33200,0.10360
211,0.89960,1.65560,0.37320,0.22494,2.97200,0.35320
212,-0.01320,0.14920,1.22440,0.28750,2.40400,0.31080
213,1.66120,1.52680,0.79320,0.41262,4.30000,0.47800
214,-0.75240,1.45960,-0.00760,0.18006,3.78800,0.37960
215,-0.28760,0.48520,0.96680,0.28478,4.62800,0.11560
216,-0.21480,1.42040,1.92440,0.36774,1.08400,0.39240
217,-0.10840,-0.49480,1.58280,0.47518,3.58800,0.28120
218,0.12120,0.96680,-0.04680,0.32082,3.11600,0.34680
219,0.48520,1.72280,1.02280,0.29498,1.90800,0.17000
220,1.95800,0.53560,0.64760,0.20794,3.45200,0.48680
221,0.98360,0.93320,1.25800,0.40922,2.10800,0.24840
222,1.93000,-0.73560,-0.52280,0.31538,1.65200,0.25880
223,-0.60680,1.73400,0.58040,0.16714,1.66000,0.43480
224,1.87400,1.59960,1.45400,0.35550,3.58000,0.12120
225,1.64440,1.38120,-0.79160,0.34666,2.87600,0.39400
226,0.83240,-0.62360,0.73720,0.32150,1.23600,0.11240
227,1.39800,1.98040,0.40680,0.33102,3.96400,0.48840
228,0.32840,-0.37720,1.18520,0.39630,3.10000,0.39000
229,-0.15880,1.79560,0.15480,0.24262,2.76400,0.25160
230,-0.14200,-0.69080,-0.74120,0.31130,3.23600,0.32680
231,0.68120,0.24440,0.78760,0.33034,3.14000,0.24040
232,-0.01880,-0.32680,0.24440,0.22018,3.50000,0.17080
233,-0.66840,0.90520,-0.14200,0.43982,4.14800,0.28040
234,-0.50600,1.89080,0.79880,0.36162,1.38800,0.33640
235,-0.61240,-0.25400,1.65560,0.29362,4.41200,0.16440
236,-0.77480,-0.30440,1.80120,0.18142,1.39600,0.41000
237,1.38680,-0.15320,-0.26520,0.41398,3.77200,0.35560
238,-0.53960,0.61960,1.37000,0.18074,3.67600,0.13000
239,-0.74120,1.56040,1.40920,0.43302,4.62000,0.43240
240,0.10440,0.70360,0.09320,0.45546,1.32400,0.17480
241,1.80120,1.01720,-0.64040,0.36094,3.46800,0.45640
242,-0.32680,0.35640,-0.50600,0.21406,2.42800,0.14600
243,0.01480,-0.22040,0.63640,0.38066,1.98000,0.28520
244,1.18520,-0.29880,-0.77480,0.48198,2.98000,0.44040
245,0.05400,0.39560,-0.78600,0.19570,4.98800,0.32280
246,-0.58440,-0.36040,1.85160,0.44390,1.73200,0.20120
247,-0.25400,0.15480,-0.04120,0.20318,4.69200,0.22440
248,1.30280,0.51320,0.70920,0.26574,3.06000,0.13720
249,1.74520,1.89640,0.91640,0.27390,2.51600,0.42200
250,0.45160,1.92440,1.24120,0.16646,4.16400,0.11480
251,-0.50040,-0.08040,1.91880,0.23990,4.64400,0.29320
252,-0.40520,1.57160,0.72600,0.39562,2.18800,0.23000
253,0.35080,-0.46680,0.74840,0.46770,4.42000,0.23640
254,1.94680,1.85720,-0.34920,0.36842,2.65200,0.36040
255,0.87720,1.94680,1.04520,0.24058,4.46800,0.38600
256,1.81240,0.39000,0.77080,0.49762,1.53200,0.36920
257,0.56920,0.98920,1.33640,0.29022,4.10800,0.37160
258,0.75400,-0.54520,1.94680,0.38882,3.37200,0.42840
259,0.84360,0.68120,-0.47240,0.29634,1.19600,0.34920
260,1.25240,0.64200,1.40360,0.20658,4.34000,0.27480
261,1.62200,1.25240,0.37880,0.16102,2.46800,0.17640
262,0.95560,-0.77480,1.62200,0.19230,4.81200,0.30520
263,1.06200,-0.13080,-0.23720,0.37318,1.54000,0.17240
264,0.54120,-0.61240,1.48760,0.16578,2.86800,0.21480
265,1.72840,1.33080,0.71480,0.29430,1.38000,0.26280
266,1.79000,1.47640,1.75080,0.42894,2.48400,0.22280
267,-0.57320,1.55480,0.07080,0.32558,4.87600,0.18600
268,-0.75800,0.53000,1.19640,0.45478,2.50000,0.40040
269,0.70360,0.82680,0.09880,0.25554,1.50800,0.40760
270,0.41240,0.92200,1.86840,0.32830,4.45200,0.31000
271,-0.62360,1.43720,0.85480,0.26302,3.88400,0.26760
272,0.42360,1.04520,-0.49480,0.28274,2.36400,0.43560
273,0.08760,0.45160,1.95800,0.18890,1.42000,0.13880
274,-0.17000,1.69480,1.87400,0.35006,3.34000,0.14680
275,-0.26520,0.72040,1.21880,0.42962,1.02000,0.26840
276,1.68360,1.53240,-0.30440,0.28002,2.10000,0.10920
277,-0.31000,1.11800,1.78440,0.29702,4.94000,0.25240
278,-0.62920,1.14600,-0.32680,0.33646,3.52400,0.42360
279,-0.53400,-0.27080,0.25000,0.31606,1.54800,0.31880
280,0.21640,0.78200,0.92200,0.49422,2.14000,0.28920
281,0.53560,0.18840,1.20760,0.44662,3.54000,0.15480
282,0.56360,1.16280,0.14920,0.48946,1.94000,0.20040
283,-0.35480,-0.15880,0.83800,0.39426,4.98000,0.33240
284,0.50760,1.30280,1.98600,0.21678,2.94800,0.29800
285,1.77880,0.69800,0.59720,0.21882,2.68400,0.11880
286,0.26680,-0.78040,0.84920,0.37046,3.22000,0.20440
287,1.03400,0.52440,0.12680,0.42826,4.00400,0.11320
288,-0.55640,-0.40520,1.71720,0.22766,4.06800,0.45000
289,0.35640,-0.59560,-0.40520,0.45886,1.59600,0.49080
290,1.32520,1.29720,-0.57320,0.32966,1.52400,0.44360
291,0.21080,0.07640,-0.38840,0.40990,4.50800,0.40920
292,0.83800,-0.74120,-0.01320,0.29090,4.18000,0.21080
293,1.91880,-0.22600,1.85720,0.18550,2.66800,0.32840
294,1.01720,-0.26520,1.31960,0.26030,3.21200,0.49240
295,0.23320,1.09560,1.59960,0.46906,1.22000,0.21960
296,-0.33240,-0.50040,-0.52840,0.42146,4.13200,0.46840
297,-0.76360,-0.55080,1.23560,0.35346,4.27600,0.12440
298,1.80680,-0.01880,0.22200,0.39154,3.22800,0.32120
299,1.04520,0.17160,0.62520,0.44934,1.41200,0.30920
300,-0.51720,0.79880,1.47080,0.31810,2.80400,0.39080
301,0.64760,1.85160,0.05960,0.46226,2.34800,0.48120
302,-0.54520,0.55240,0.56920,0.26914,4.85200,0.46200
303,1.09000,-0.19800,-0.73000,0.32422,2.30800,0.38840
304,0.00920,0.11560,1.90200,0.17666,3.90000,0.38760
305,1.45400,1.13480,0.42920,0.45614,4.90800,0.37880
306,1.49880,-0.42200,-0.18680,0.28954,1.60400,0.34200
307,-0.13640,0.94440,1.95240,0.33918,2.58800,0.47560
308,0.07640,1.49880,1.00600,0.25894,2.06800,0.45160
309,1.20760,-0.24840,-0.51720,0.46158,4.82800,0.12760
310,0.98920,-0.33240,0.60280,0.20998,2.20400,0.42440
311,1.98600,1.29160,0.01480,0.44050,3.65200,0.39160
312,0.17160,-0.67960,0.76520,0.23174,4.78000,0.15000
313,1.68920,0.21080,1.42600,0.30042,3.46000,0.20760
314,1.57720,-0.03000,1.73400,0.43574,3.86000,0.27880
315,-0.56760,1.07320,-0.18120,0.21746,2.56400,0.37320
316,1.23560,0.33960,0.64200,0.37182,4.54800,0.21720
317,-0.14760,1.23000,-0.59000,0.49490,4.33200,0.27640
318,1.85160,1.80120,0.43480,0.38950,1.99600,0.15800
319,1.59400,1.34760,-0.14760,0.20046,1.82800,0.43080
320,0.13800,-0.43880,1.07320,0.48334,2.52400,0.35160
321,0.49080,1.66120,1.75640,0.47042,2.14800,0.42520
322,0.79880,0.59160,-0.32120,0.24874,1.77200,0.15560
323,1.48200,0.93880,0.07640,0.42214,2.75600,0.44840
324,0.30600,0.88280,0.97800,0.17326,1.36400,0.34120
325,0.84920,-0.09720,1.82920,0.39494,2.89200,0.13400
326,1.46520,1.31960,0.90520,0.17462,4.09200,0.20280
327,1.75640,0.73160,1.89080,0.41670,2.04400,0.37480
328,-0.48920,-0.65160,0.45720,0.18958,4.55600,0.41080
329,0.19960,-0.32120,0.67000,0.29294,3.78000,0.48040
330,-0.36040,-0.38280,-0.42760,0.28070,2.26000,0.27000
331,1.39240,1.67240,-0.24280,0.28342,4.73200,0.22680
332,-0.05240,0.89960,-0.56200,0.35482,4.77200,0.39960
333,1.75080,0.29480,1.67240,0.24602,1.16400,0.13080
334,0.66440,0.97800,0.27800,0.20522,2.16400,0.26600
335,0.16600,1.48200,-0.39400,0.22290,1.62000,0.27720
336,-0.30440,0.00920,0.53560,0.44798,3.82000,0.42680
337,1.07320,1.22440,0.02040,0.22562,1.34800,0.49880
338,1.23000,1.03400,1.99720,0.25826,1.24400,0.24360
339,1.53800,0.05400,0.75960,0.22698,3.19600,0.39720
340,0.28360,0.49080,1.93000,0.30586,4.29200,0.49160
341,1.48760,0.19400,-0.62920,0.16306,3.00400,0.28760
342,0.93320,0.77080,-0.60120,0.39222,4.25200,0.13960
343,1.31960,1.93000,0.87720,0.31946,1.84400,0.27800
344,0.42920,1.68920,0.69800,0.17870,3.60400,0.26120
345,1.02280,0.23880,-0.33240,0.38270,3.86800,0.46600
346,0.65880,-0.31000,1.35880,0.33714,3.90800,0.19640
347,1.56600,0.47960,0.59160,0.41942,1.10800,0.20600
348,0.44040,1.16840,1.52680,0.40310,3.79600,0.34840
349,-0.63480,0.27240,-0.62360,0.27458,4.79600,0.20680
350,1.08440,-0.11960,1.97480,0.47382,2.45200,0.25400
351,-0.17560,0.25000,1.05080,0.42282,4.40400,0.30120
352,1.37560,-0.60680,-0.75800,0.40038,2.74800,0.20520
353,0.23880,-0.46120,0.00360,0.36502,2.78800,0.43320
354,0.73160,1.84600,1.67800,0.27798,2.01200,0.21640
355,1.65560,-0.05800,1.63880,0.17122,4.39600,0.35720
356,-0.46680,1.34200,0.54680,0.41806,4.57200,0.16360
357,0.57480,0.70920,0.50200,0.39358,2.28400,0.35480
358,0.92200,0.91080,1.47640,0.19706,1.06800,0.18840
359,0.49640,-0.20360,-0.05800,0.46566,3.07600,0.19080
360,1.29160,1.44840,-0.47800,0.36570,4.28400,0.33160
361,-0.70200,1.39800,-0.61240,0.29158,2.73200,0.35640
362,1.88520,0.58600,-0.13080,0.43166,4.65200,0.19240
363,-0.23160,0.12680,0.30600,0.49150,2.37200,0.24280
364,1.06760,0.37880,0.92760,0.21270,1.74800,0.25640
365,-0.07480,1.87960,-0.53960,0.40514,3.68400,0.24920
366,0.81560,0.71480,1.91320,0.26982,3.57200,0.20360
367,1.94120,-0.42760,0.04280,0.37386,4.04400,0.13560
368,0.60840,1.19640,-0.43880,0.42350,1.37200,0.29160
369,-0.02440,-0.60120,0.89400,0.25418,4.44400,0.34760
370,-0.20920,0.83800,1.11240,0.23378,4.53200,0.46920
371,0.80440,1.90200,1.81240,0.49626,3.38800,0.35960
372,0.51320,-0.09160,-0.10840,0.33238,1.42800,0.42600
373,1.52680,1.08440,1.38120,0.25758,3.82800,0.46440
374,1.40360,0.02600,0.36200,0.18346,4.63600,0.26680
375,-0.10280,1.83480,1.29160,0.44254,2.21200,0.29560
376,1.20200,1.62200,0.74280,0.47926,2.70800,0.38280
377,0.43480,1.35880,1.39240,0.48606,2.44400,0.14120
378,0.25560,0.75960,-0.23160,0.24194,3.66000,0.33000
379,0.27800,1.45400,-0.19240,0.33578,2.38800,0.21000
380,-0.22600,-0.03560,1.61640,0.23582,1.47600,0.18440
381,0.59720,0.81000,0.84360,0.41330,3.66800,0.10680
382,-0.27080,0.38440,0.58600,0.31062,2.12400,0.40600
383,1.95240,0.65320,-0.37160,0.46022,4.35600,0.44600
384,0.69800,1.06200,1.06200,0.18686,3.05200,0.32360
385,0.46840,0.33400,0.04840,0.19910,3.92400,0.41320
386,-0.41080,-0.28760,0.81000,0.19366,1.70000,0.16600
387,1.82920,0.02040,-0.48360,0.27254,1.86000,0.13640
388,-0.64600,-0.21480,0.38440,0.36910,3.41200,0.46520
389,1.00600,1.50440,0.29480,0.18618,3.70000,0.16520
390,1.51000,1.41480,0.61400,0.28682,2.23600,0.49720
391,-0.33800,0.91640,0.32280,0.38610,1.21200,0.42040
392,1.14040,1.82360,0.93320,0.42758,1.94800,0.46680
393,1.17400,1.70040,-0.53400,0.38406,2.25200,0.18680
394,1.38120,1.56600,1.15160,0.45138,3.04400,0.19880
395,-0.45000,1.15720,-0.54520,0.23514,3.08400,0.30440
396,1.14600,0.64760,0.55240,0.36026,4.07600,0.38520
397,0.95000,0.50200,1.08440,0.29226,2.77200,0.27960
398,0.41800,0.36760,1.16840,0.35210,1.33200,0.10120
399,1.58280,-0.62920,1.77880,0.25962,2.30000,0.43960
400,1.35880,0.32840,1.09000,0.46838,1.81200,0.38920
401,1.92440,-0.59000,0.86040,0.45954,3.38000,0.25000
402,-0.76920,0.67560,1.55480,0.21338,2.13200,0.31400
403,1.83480,-0.33800,0.16040,0.32898,1.11600,0.36200
404,1.73400,1.07880,-0.01880,0.27118,4.50000,0.16120
405,-0.78040,0.23320,-0.67400,0.22630,2.79600,0.44440
406,-0.71320,0.05960,1.52120,0.37726,3.09200,0.17880
407,1.96920,1.33640,1.12360,0.35822,2.02000,0.33960
408,0.63640,1.78440,1.34200,0.23242,3.02000,0.13240
409,0.76520,1.64440,0.60840,0.40718,3.87600,0.41640
410,-0.36600,0.85480,1.19080,0.27526,1.96400,0.14280
411,1.33640,-0.12520,0.83240,0.16986,2.33200,0.30680
412,0.55800,-0.16440,0.33400,0.24942,2.82000,0.36760
413,0.72600,0.31160,1.73960,0.37794,1.58000,0.31560
414,-0.43320,-0.25960,-0.37720,0.38542,3.74000,0.21880
415,0.86040,0.88840,1.38680,0.34394,4.67600,0.11160
416,0.58600,1.53800,1.46520,0.30246,1.49200,0.24520
417,0.96120,1.06760,-0.10280,0.16442,4.89200,0.40280
418,0.92760,0.26120,-0.36040,0.48062,1.86800,0.23720
419,-0.42760,0.43480,-0.58440,0.45206,1.63600,0.28680
420,1.11800,0.95560,-0.61800,0.34054,1.92400,0.30840
421,-0.31560,-0.31560,0.99480,0.47994,3.18800,0.15240
422,-0.67960,1.61080,1.63320,0.30450,3.12400,0.41400
423,0.88280,1.72840,-0.78040,0.27662,3.42000,0.41160
424,1.47640,-0.11400,0.19960,0.35754,4.46000,0.41800
425,0.65320,-0.43320,-0.50040,0.29906,2.95600,0.11080
426,0.30040,1.32520,0.47400,0.37250,3.73200,0.30200
427,-0.03000,0.86600,-0.06360,0.43506,1.71600,0.12600
428,0.74280,1.48760,0.25560,0.45070,1.90000,0.35800
429,1.10680,0.13240,-0.39960,0.31878,4.90000,0.24600
430,1.59960,1.27480,1.96360,0.33442,3.97200,0.23560
431,0.14920,1.99160,-0.15320,0.28410,2.81200,0.30040
432,0.99480,1.37560,1.21320,0.19094,2.54800,0.47960
433,1.69480,0.10440,0.52440,0.36298,1.74000,0.18200
434,0.94440,1.76200,1.56040,0.36230,3.93200,0.45880
435,-0.05800,0.31720,0.51880,0.25690,2.49200,0.48760
436,0.12680,0.86040,-0.57880,0.18482,2.50800,0.25560
437,0.62520,1.68360,0.88840,0.26506,1.04400,0.37800
438,1.44840,0.54680,0.39560,0.22902,1.85200,0.31960
439,0.78200,-0.41640,1.00040,0.22834,2.29200,0.22200
440,1.71160,-0.14200,1.56600,0.35074,3.15600,0.38120
441,0.03720,1.09000,1.77320,0.44458,2.91600,0.38040
442,0.60280,-0.56760,1.57160,0.28138,1.78800,0.33400
443,1.01160,-0.71320,1.33080,0.37998,1.18800,0.27080
444,1.31400,1.12920,0.05400,0.35278,3.20400,0.22840
445,0.88840,0.69240,1.76760,0.24330,1.45200,0.46360
446,1.37000,0.82120,1.80680,0.33782,1.62800,0.19320
447,-0.56200,0.72600,0.19400,0.25622,4.38000,0.22760
448,0.39560,-0.75800,0.23880,0.45682,2.96400,0.31640
449,0.00360,0.58040,-0.07480,0.23038,4.03600,0.49320
450,0.02040,1.91880,1.01720,0.21202,3.30000,0.26920
451,-0.09160,-0.27640,-0.29880,0.40378,2.86000,0.48360
452,1.26360,0.76520,0.14360,0.31334,2.00400,0.49000
453,1.89080,-0.10840,0.40120,0.42690,1.29200,0.39320
454,0.17720,0.54120,1.50440,0.42622,1.55600,0.15080
455,1.65000,1.66680,0.34520,0.37590,3.44400,0.24760
456,0.20520,1.94120,0.13240,0.30382,3.85200,0.14360
457,0.50200,0.42360,1.26360,0.48742,1.66800,0.45960
458,0.87160,-0.79160,-0.24840,0.38678,4.48400,0.32520
459,0.52440,0.13800,-0.76920,0.36978,2.06000,0.14440
460,1.21320,1.54920,-0.09160,0.23854,1.72400,0.21320
461,-0.16440,1.10680,0.82680,0.30858,4.06000,0.17400
462,-0.48360,0.89400,0.86600,0.46294,3.16400,0.43160
463,1.43720,1.02280,0.66440,0.44526,2.35600,0.23480
464,1.76760,-0.45560,1.49320,0.38134,4.21200,0.30360
465,-0.37160,1.60520,-0.00200,0.19638,2.90800,0.13800
466,1.15160,0.08760,0.88280,0.28614,3.72400,0.23160
467,-0.04120,0.40120,0.69240,0.47246,2.82800,0.32600
468,-0.49480,-0.55640,-0.27080,0.29770,2.17200,0.49960
469,0.02600,0.80440,-0.74680,0.34462,3.55600,0.19720
470,0.70920,1.18520,-0.56760,0.26166,4.12400,0.23880
471,-0.42200,-0.17560,1.79560,0.20862,3.03600,0.23080
472,0.77080,1.42600,1.57720,0.32626,2.62000,0.27560
473,-0.37720,-0.47240,0.35080,0.41194,1.91600,0.19400
474,0.44600,1.82920,0.26120,0.33374,2.70000,0.40840
475,1.09560,1.01160,0.18840,0.28818,2.60400,0.18520
476,1.10120,0.59720,0.49080,0.48130,3.29200,0.28280
477,1.73960,1.63320,1.44280,0.20454,1.89200,0.34360
478,1.29720,-0.23160,0.11560,0.20386,4.20400,0.45720
479,-0.68520,0.45720,0.45160,0.43438,3.62000,0.34600
480,0.38440,1.20760,1.10120,0.34530,4.80400,0.45320
481,0.61400,0.25560,-0.11960,0.38814,1.12400,0.16280
482,0.54680,1.73960,-0.17560,0.39970,2.99600,0.26440
483,0.67000,-0.68520,0.95560,0.46090,2.07600,0.36440
484,1.49320,-0.39960,0.49640,0.41602,4.72400,0.29720
485,0.36760,-0.00760,1.51560,0.29838,2.03600,0.39640
486,0.82120,-0.47800,1.09560,0.42078,3.75600,0.14040
487,1.40920,0.44600,0.30040,0.32490,2.85200,0.17320
488,-0.24840,1.30840,-0.31560,0.26710,3.34800,0.20200
489,0.16040,1.51560,0.56360,0.37930,2.88400,0.19160
490,-0.19800,0.60280,0.06520,0.27050,2.42000,0.36600
491,-0.08600,1.59400,0.68120,0.30722,1.17200,0.35400
492,0.45720,0.07080,0.18280,0.20930,1.26800,0.15720
493,0.08200,0.65880,0.35640,0.43030,2.47600,0.43000
494,1.25800,1.17400,0.41800,0.22222,3.62800,0.43720
495,1.16840,0.77640,-0.28200,0.44594,3.14800,0.31320
496,0.07080,-0.06360,0.55800,0.27730,4.01200,0.27240
497,1.55480,0.44040,1.14040,0.24466,3.54800,0.26200
498,1.53240,0.16600,1.39800,0.40582,2.32400,0.35880
499,-0.08040,0.27800,-0.12520,0.22358,3.27600,0.31480
