-8.981000000000000094e-01 2.343000000000000083e-01 4.631600000000000161e-01 8.432899999999999840e-01 3.805000000000000049e-01
7.320999999999999730e-01 -5.826999999999999957e-01 1.930000000000000049e-01 4.118700000000000139e-01 2.064999999999999891e-01
3.289999999999999869e-02 8.954999999999999627e-01 5.766799999999999704e-01 5.157500000000000417e-01 1.542999999999999927e-01
-3.965000000000000191e-01 -8.106999999999999762e-01 3.399599999999999844e-01 7.754499999999999726e-01 2.646999999999999909e-01
3.597000000000000197e-01 -2.217000000000000082e-01 2.721999999999999975e-01 8.835699999999999665e-01 1.170999999999999958e-01
9.867000000000000215e-01 1.241000000000000020e-01 3.769199999999999773e-01 6.196300000000000141e-01 2.893000000000000016e-01
3.825000000000000067e-01 -8.981000000000000094e-01 4.746000000000000218e-01 5.009099999999999664e-01 3.402999999999999914e-01
-2.331000000000000016e-01 6.941000000000000503e-01 2.229200000000000070e-01 4.563900000000000179e-01 3.013000000000000123e-01
-6.434999999999999609e-01 -4.002999999999999892e-01 5.247600000000000042e-01 7.097299999999999720e-01 1.849000000000000088e-01
-4.535000000000000142e-01 4.128999999999999893e-01 4.376399999999999735e-01 5.814700000000000424e-01 1.026999999999999996e-01
8.043000000000000149e-01 -2.179000000000000103e-01 5.898799999999999599e-01 3.747699999999999920e-01 3.859000000000000208e-01
6.028999999999999915e-01 8.346999999999999975e-01 4.156400000000000095e-01 7.033700000000000507e-01 3.618999999999999995e-01
2.228999999999999870e-01 -4.687000000000000055e-01 3.126800000000000135e-01 5.570899999999999741e-01 3.948999999999999733e-01
2.076999999999999957e-01 2.988999999999999990e-01 5.168399999999999661e-01 4.288299999999999890e-01 2.419000000000000039e-01
5.648999999999999577e-01 5.763000000000000345e-01 1.701199999999999934e-01 7.627300000000000191e-01 1.759000000000000008e-01
-8.410999999999999588e-01 -8.715000000000000524e-01 2.185199999999999920e-01 5.507300000000000528e-01 2.268999999999999906e-01
-2.029999999999999860e-02 3.289999999999999869e-02 3.082799999999999985e-01 3.991500000000000048e-01 1.356999999999999873e-01
1.279000000000000137e-01 -7.080999999999999517e-01 1.868400000000000061e-01 8.125499999999999945e-01 3.318999999999999728e-01
-3.205000000000000071e-01 9.486999999999999877e-01 4.913199999999999790e-01 6.408300000000000107e-01 3.210999999999999965e-01
-8.145000000000000018e-01 6.409000000000000252e-01 5.476400000000000157e-01 8.740299999999999736e-01 1.471000000000000085e-01
