1.364400000000000057e+00 2.164000000000000090e-01 5.995599999999999818e-01 5.810984466677520111e+00 1.315000000000000058e-01
9.332000000000000295e-01 1.022799999999999931e+00 3.408399999999999763e-01 5.220796622890488514e+00 2.215000000000000024e-01
1.672400000000000109e+00 7.371999999999999664e-01 2.845199999999999951e-01 7.305664455011775971e+00 2.827000000000000068e-01
5.960000000000000020e-02 8.604000000000000536e-01 5.669999999999999485e-01 9.320814336113587117e+00 2.046999999999999931e-01
8.828000000000000291e-01 1.901999999999999913e+00 2.114800000000000013e-01 4.631820558541972943e+00 1.542999999999999927e-01
1.207600000000000007e+00 -6.572000000000000064e-01 2.493200000000000138e-01 4.376502983940926406e+00 2.371000000000000052e-01
1.773200000000000109e+00 -2.999999999999999889e-02 3.593199999999999728e-01 8.516027702327077620e+00 1.824999999999999956e-01
1.526799999999999935e+00 1.694800000000000084e+00 5.687600000000000433e-01 6.816526286901036791e+00 3.925000000000000155e-01
-7.299999999999999822e-01 1.392400000000000082e+00 3.857200000000000073e-01 1.171827981602624291e+01 1.242999999999999938e-01
1.504399999999999959e+00 1.258000000000000007e+00 1.912399999999999933e-01 5.762376635860570140e+00 1.711000000000000021e-01
7.092000000000000526e-01 1.073199999999999932e+00 1.639599999999999946e-01 1.086503679212060369e+01 3.216999999999999860e-01
-2.091999999999999971e-01 -3.940000000000000169e-01 5.247600000000000042e-01 8.234642908252668647e+00 1.333000000000000018e-01
1.218800000000000106e+00 1.196399999999999908e+00 4.226800000000000002e-01 8.046602880982547390e+00 3.276999999999999913e-01
1.980399999999999938e+00 2.780000000000000249e-01 4.825200000000000045e-01 9.679884796212995468e+00 2.328999999999999959e-01
8.379999999999999671e-01 4.179999999999999827e-01 3.469999999999999751e-01 8.844094958580235755e+00 2.964999999999999858e-01
2.051999999999999935e-01 -7.599999999999999985e-03 4.728399999999999825e-01 7.079122787791948923e+00 3.306999999999999940e-01
-7.244000000000000439e-01 3.004000000000000004e-01 3.153199999999999892e-01 1.041815544477265654e+01 3.630999999999999783e-01
7.875999999999999668e-01 -4.835999999999999743e-01 3.830799999999999761e-01 4.516557099725484470e+00 3.210999999999999965e-01
1.946800000000000086e+00 -1.812000000000000000e-01 1.956400000000000083e-01 1.121273291536576977e+01 1.549000000000000099e-01
-3.155999999999999917e-01 8.995999999999999552e-01 2.334799999999999931e-01 5.847709230356100463e+00 1.165000000000000063e-01
-5.732000000000000428e-01 -2.540000000000000036e-01 1.771600000000000119e-01 1.166916625148139453e+01 3.355000000000000204e-01
1.689200000000000035e+00 1.504399999999999959e+00 5.916400000000000547e-01 9.720625808593819528e+00 1.794999999999999929e-01
1.291600000000000081e+00 1.323999999999999899e-01 3.065200000000000147e-01 5.946780614908319329e+00 3.180999999999999939e-01
8.200000000000000344e-02 1.846000000000000085e+00 3.865999999999999992e-01 9.659578367353862660e+00 3.408999999999999808e-01
1.846000000000000085e+00 9.163999999999999924e-01 5.071600000000000552e-01 6.660869289608323918e+00 1.363000000000000045e-01
8.100000000000000533e-01 -7.915999999999999703e-01 4.429199999999999804e-01 5.666377360186120704e+00 1.015000000000000069e-01
1.543600000000000083e+00 -1.363999999999999935e-01 5.450000000000000400e-01 4.820366680685585159e+00 3.654999999999999916e-01
1.028399999999999981e+00 3.059999999999999942e-01 3.813199999999999923e-01 6.536161064987370928e+00 1.705000000000000127e-01
