-7.972000000000000197e-01 -3.548000000000000043e-01 2.237999999999999989e-01 4.099438446247853918e+00 1.375000000000000111e-01
1.985999999999999988e+00 1.314000000000000057e+00 5.450000000000000400e-01 2.154082560679559677e+01 3.643000000000000127e-01
7.092000000000000526e-01 1.985999999999999988e+00 3.337999999999999856e-01 6.559077709448563276e+00 2.977000000000000202e-01
1.044000000000000067e-01 1.212000000000000022e-01 4.270800000000000152e-01 2.587429487483226254e+01 2.011000000000000010e-01
-3.827999999999999736e-01 7.036000000000000032e-01 1.630800000000000027e-01 1.384812715466589772e+01 3.919000000000000261e-01
1.308400000000000007e+00 6.755999999999999783e-01 5.238800000000000123e-01 3.333590662179089392e+00 2.197000000000000064e-01
1.056400000000000006e+00 -7.468000000000000194e-01 3.091599999999999904e-01 3.078876959656278700e+01 3.318999999999999728e-01
1.582799999999999985e+00 -5.228000000000000425e-01 5.722800000000000109e-01 1.492966241335878408e+01 1.633000000000000007e-01
-7.187999999999999945e-01 1.532399999999999984e+00 4.930800000000000183e-01 1.879611124933148858e+01 1.074999999999999983e-01
9.108000000000000540e-01 3.452000000000000068e-01 2.695600000000000218e-01 1.202695042085756860e+01 1.224999999999999978e-01
-1.083999999999999964e-01 -1.700000000000000122e-01 5.291599999999999637e-01 6.228590106218597988e+00 3.474999999999999756e-01
1.364400000000000057e+00 1.129199999999999982e+00 1.894800000000000095e-01 2.951356534930489062e+01 1.489000000000000046e-01
1.918800000000000061e+00 1.660000000000000087e-01 2.537200000000000011e-01 4.419603561063715880e+00 3.378999999999999782e-01
-6.964000000000000190e-01 5.412000000000000144e-01 3.769199999999999773e-01 5.512123835574055164e+00 2.550999999999999934e-01
1.868400000000000061e+00 1.806799999999999962e+00 4.464400000000000035e-01 3.257515886830704943e+01 2.437000000000000000e-01
1.480000000000000066e-02 1.588400000000000034e+00 3.082799999999999985e-01 3.766891027126021196e+00 3.991000000000000103e-01
1.476399999999999935e+00 -3.603999999999999981e-01 3.566799999999999971e-01 1.034755231046205814e+01 3.865000000000000102e-01
-4.388000000000000234e-01 1.235600000000000032e+00 5.652399999999999647e-01 1.020267560390266937e+01 1.932999999999999996e-01
3.731999999999999762e-01 1.392400000000000082e+00 1.789199999999999957e-01 8.614527308091638247e+00 2.424999999999999933e-01
-3.099999999999999978e-01 1.868400000000000061e+00 2.194000000000000117e-01 1.951629972993534778e+01 2.635000000000000120e-01
5.692000000000000393e-01 4.292000000000000259e-01 5.942800000000000304e-01 4.567426878244476462e+00 1.345000000000000084e-01
1.756399999999999961e+00 8.828000000000000291e-01 2.123599999999999932e-01 7.138124023342284907e+00 2.725000000000000200e-01
-6.236000000000000432e-01 -6.907999999999999696e-01 5.441200000000000481e-01 1.185856035964809863e+01 3.043000000000000149e-01
2.220000000000000029e-01 -1.363999999999999935e-01 3.250000000000000111e-01 3.240896535450869642e+00 2.646999999999999909e-01
3.227999999999999758e-01 1.907599999999999962e+00 5.714000000000000190e-01 8.028116961313116917e+00 3.876999999999999891e-01
1.515600000000000058e+00 -4.680000000000000132e-02 2.466800000000000104e-01 2.026408282522914561e+01 2.335000000000000131e-01
9.444000000000000172e-01 5.355999999999999650e-01 5.177199999999999580e-01 1.694969771933693181e+01 3.996999999999999997e-01
-5.844000000000000306e-01 1.941200000000000037e+00 2.977199999999999847e-01 2.648954163997298750e+01 1.297000000000000097e-01
4.279999999999999777e-02 1.711600000000000010e+00 5.582000000000000295e-01 2.993265425427772186e+01 2.917000000000000148e-01
1.946800000000000086e+00 8.548000000000000043e-01 3.804400000000000004e-01 3.892882944589812322e+00 1.183000000000000024e-01
-2.932000000000000162e-01 3.160000000000000309e-02 3.689999999999999947e-01 3.303772201504514072e+01 3.120999999999999885e-01
6.139999999999999902e-01 -5.899999999999999689e-01 2.097199999999999898e-01 1.302733705563848332e+01 1.776999999999999968e-01
1.767600000000000060e+00 1.594000000000000083e+00 3.584399999999999809e-01 1.417741208692710408e+01 1.453000000000000125e-01
9.612000000000000544e-01 1.543600000000000083e+00 1.727599999999999969e-01 3.256164601015612003e+00 1.693000000000000060e-01
-9.719999999999999474e-02 9.724000000000000421e-01 4.622800000000000242e-01 9.287319730967007914e+00 1.129000000000000004e-01
1.784399999999999986e+00 -5.116000000000000547e-01 4.173999999999999932e-01 4.042041960294857184e+00 2.934999999999999831e-01
-6.919999999999999762e-02 1.123599999999999932e+00 2.730799999999999894e-01 4.654106741272071801e+00 2.827000000000000068e-01
1.980399999999999938e+00 -7.748000000000000442e-01 4.649199999999999999e-01 6.083924714634175501e+00 1.663000000000000034e-01
-6.403999999999999693e-01 8.100000000000000533e-01 5.027599999999999847e-01 3.679401120710287909e+00 3.361000000000000099e-01
8.771999999999999797e-01 -2.651999999999999913e-01 4.851599999999999802e-01 2.468633866161458812e+01 1.381000000000000005e-01
