2.723999999999999755e-01 -7.187999999999999945e-01 3.396000000000000130e-01 3.228599999999999803e-01 2.196000000000000174e+00 4.699999999999999734e-01
8.548000000000000043e-01 -3.548000000000000043e-01 -3.827999999999999736e-01 1.678199999999999970e-01 3.180000000000000160e+00 3.380000000000000226e-01
-5.283999999999999808e-01 -4.892000000000000237e-01 -1.140000000000000041e-01 4.078600000000000003e-01 4.844000000000000306e+00 1.164000000000000035e-01
-6.964000000000000190e-01 6.308000000000000274e-01 2.051999999999999935e-01 3.636599999999999833e-01 1.100000000000000089e+00 2.988000000000000100e-01
1.155999999999999944e-01 1.190800000000000081e+00 -2.091999999999999971e-01 4.765400000000000191e-01 3.716000000000000192e+00 4.788000000000000034e-01
3.788000000000000256e-01 3.227999999999999758e-01 -6.852000000000000313e-01 3.099399999999999933e-01 1.004000000000000004e+00 2.124000000000000055e-01
5.804000000000000270e-01 6.700000000000000400e-01 9.444000000000000172e-01 2.392199999999999882e-01 3.244000000000000217e+00 1.836000000000000132e-01
1.039600000000000080e+00 -8.599999999999999312e-02 -6.460000000000000187e-01 4.173799999999999732e-01 4.596000000000000085e+00 2.323999999999999955e-01
1.134800000000000031e+00 4.123999999999999888e-01 -5.507999999999999563e-01 2.467000000000000026e-01 2.716000000000000192e+00 4.043999999999999817e-01
-7.599999999999999985e-03 7.932000000000000162e-01 1.145999999999999908e+00 4.024199999999999999e-01 1.612000000000000099e+00 4.467999999999999750e-01
-6.179999999999999938e-01 7.540000000000000036e-01 8.155999999999999917e-01 4.989799999999999791e-01 4.716000000000000192e+00 4.067999999999999949e-01
3.115999999999999881e-01 9.948000000000000176e-01 -7.356000000000000316e-01 4.983000000000000207e-01 2.931999999999999940e+00 2.467999999999999916e-01
-3.996000000000000107e-01 1.480000000000000066e-02 1.380000000000000115e-01 2.528199999999999892e-01 3.132000000000000117e+00 1.100000000000000006e-01
-7.860000000000000320e-01 -1.028000000000000025e-01 -2.036000000000000032e-01 2.215399999999999869e-01 3.995999999999999996e+00 2.116000000000000103e-01
-2.988000000000000100e-01 -4.680000000000000132e-02 -7.076000000000000068e-01 1.739400000000000113e-01 3.692000000000000171e+00 2.995999999999999774e-01
-6.360000000000000375e-02 -7.076000000000000068e-01 -3.099999999999999978e-01 4.527399999999999758e-01 4.668000000000000149e+00 2.595999999999999974e-01
-2.204000000000000126e-01 -7.244000000000000439e-01 -1.363999999999999935e-01 1.841399999999999981e-01 2.740000000000000213e+00 1.948000000000000009e-01
