-8.981000000000000094e-01 -3.508999999999999897e-01 -2.102999999999999869e-01 3.527799999999999825e-01 1.546000000000000041e+00 1.860999999999999877e-01
1.696999999999999897e-01 3.862999999999999767e-01 8.423000000000000487e-01 1.909399999999999986e-01 2.569999999999999840e+00 3.720999999999999863e-01
8.879000000000000226e-01 -7.916999999999999593e-01 -7.764999999999999680e-01 4.636199999999999766e-01 2.918000000000000149e+00 3.205000000000000071e-01
-5.829999999999999766e-02 9.031000000000000139e-01 5.117000000000000437e-01 4.969399999999999928e-01 2.077999999999999847e+00 1.597000000000000086e-01
-4.687000000000000055e-01 -8.904999999999999583e-01 2.570999999999999952e-01 2.684599999999999764e-01 2.278000000000000025e+00 2.610999999999999988e-01
9.334999999999999964e-01 6.864999999999999991e-01 6.028999999999999915e-01 3.235399999999999943e-01 1.042000000000000037e+00 2.509000000000000119e-01
-5.484999999999999876e-01 3.103000000000000203e-01 -6.472999999999999865e-01 4.357400000000000162e-01 1.213999999999999968e+00 1.009000000000000036e-01
6.864999999999999991e-01 1.355000000000000093e-01 -6.210000000000000242e-02 3.085800000000000209e-01 1.705999999999999961e+00 3.991000000000000103e-01
5.079000000000000181e-01 -4.724999999999999756e-01 4.850999999999999757e-01 2.263000000000000012e-01 1.258000000000000007e+00 1.152999999999999997e-01
-3.471000000000000196e-01 7.929000000000000492e-01 -8.942999999999999838e-01 2.127000000000000002e-01 1.822000000000000064e+00 2.442999999999999894e-01
-2.824999999999999734e-01 -3.930000000000000160e-02 6.522999999999999909e-01 3.983400000000000274e-01 1.354000000000000092e+00 3.564999999999999836e-01
-5.940999999999999615e-01 9.980999999999999872e-01 -3.965000000000000191e-01 1.644200000000000106e-01 2.605999999999999872e+00 1.512999999999999901e-01
3.521000000000000241e-01 -2.748999999999999777e-01 -5.636999999999999789e-01 4.799399999999999777e-01 2.310000000000000053e+00 2.310999999999999999e-01
-8.410999999999999588e-01 -5.523000000000000131e-01 8.917000000000000481e-01 4.296200000000000019e-01 2.950000000000000178e+00 2.215000000000000024e-01
-5.104999999999999538e-01 -6.359000000000000208e-01 -5.332999999999999963e-01 1.997800000000000131e-01 1.022000000000000020e+00 3.793000000000000260e-01
2.913000000000000034e-01 5.306999999999999496e-01 -2.064999999999999891e-01 2.732200000000000184e-01 2.994000000000000217e+00 3.133000000000000229e-01
