2.389059790524728777e-01 2.472170598536582442e-01 3.032872891708424112e-01 3.025753001284174348e-01 3.143878878665462562e-01 3.336357453532878270e-01 2.822022592205887248e-01 3.662287610637035562e-01 3.265998730555473850e-01 6.050386097249440542e-01 7.389157943466696521e-01 5.977760739478005236e-01 7.923094319925726436e-01 6.790721532535414218e-01 5.959187975580462204e-01 6.084699782938750579e-01 6.082389826198421057e-01 6.069316965741665681e-01
1.051849681066042569e-01 1.045652051131923804e-01 9.182700416168652902e-02 1.093969990207203508e-01 1.346809642256037165e-01 1.259091806686566117e-01 1.186057367475410879e-01 1.409018196275535206e-01 1.234931326386446565e-01 4.592799809816817125e-01 4.390772429037261282e-01 5.070223857753251018e-01 5.756081744842290737e-01 4.927218552184889910e-01 4.522448586287801664e-01 4.214594172880333223e-01 4.421845143683603152e-01 4.514434444458745865e-01
2.110644619067206518e-01 2.147975419935282404e-01 2.342169605814080346e-01 2.560958541283242518e-01 2.670749212528915062e-01 2.891478771416817750e-01 2.309164444656504334e-01 3.234184167827487411e-01 2.446492956695589527e-01 6.162955086144827899e-01 6.078736453142048468e-01 6.640281697390736371e-01 7.890043671354260990e-01 6.942435981399980305e-01 6.232844623477512558e-01 6.296656795555672925e-01 6.808862435966213100e-01 6.207284482644968016e-01
1.830450857662278275e-01 2.042565082031445878e-01 1.966450521239780092e-01 2.712670997130926520e-01 2.394800936298403793e-01 2.480848311484354363e-01 2.239059540481997401e-01 3.162158930605608598e-01 2.891079154817022823e-01 5.151223532090282164e-01 4.724806706281055591e-01 5.293970090126982608e-01 6.174174594539894034e-01 6.088820807594813589e-01 5.582855176903930294e-01 5.564958043241009511e-01 5.996264985721606600e-01 5.695566489682047928e-01
1.917177054355723442e-01 1.753232859418522860e-01 2.024346852900819060e-01 2.364982373527254322e-01 2.338738076692394585e-01 2.492312350355222750e-01 2.301585967901344232e-01 3.024085884628806009e-01 3.321283812125937485e-01 5.546289872560830059e-01 5.220777833834012727e-01 5.857557352832717390e-01 6.379413562495419576e-01 6.372153176640662497e-01 5.816567361442918083e-01 5.809961650398111077e-01 5.862505880289105020e-01 6.052020762231618001e-01
1.884043273169244692e-01 2.370142188618095946e-01 2.087405810834736253e-01 2.605282261103379904e-01 2.395926732849257834e-01 2.405725578416294252e-01 2.473635920143968658e-01 2.304145447399032209e-01 3.417633891386158695e-01 4.608810824343853030e-01 5.363136948861905173e-01 6.128006235694818393e-01 6.341591983038189495e-01 5.988011467477172278e-01 5.688095358880654873e-01 5.765318311602000145e-01 5.916653938738095642e-01 4.975341025643296722e-01
2.528818781284971062e-01 3.050795826708361247e-01 2.915549063830882859e-01 3.771300677483788166e-01 3.713055992752536394e-01 3.643751693778937706e-01 3.211515971173031225e-01 4.164571394499961832e-01 4.084493214109839454e-01 6.058679271815019529e-01 5.934221344381387375e-01 5.879145359589245112e-01 7.430829643501367654e-01 6.671921489051246823e-01 6.582681407592964051e-01 6.263969737891615930e-01 6.538838990416897534e-01 6.111071304416945127e-01
1.203097726460572031e-01 1.088123415384971565e-01 1.297227841333829790e-01 1.532007340983580768e-01 1.579487521913854331e-01 1.752505724913590857e-01 2.045279821010621835e-01 1.556533688401629534e-01 1.420911922509280889e-01 4.654451798923793238e-01 4.248644380392184172e-01 4.858642139410367933e-01 5.204943944960458424e-01 5.259617701865207939e-01 4.694739531073886529e-01 5.028155224071473306e-01 4.928760334967248191e-01 4.545293307801558935e-01
2.130181962187232270e-01 2.278816411390940100e-01 2.697651503054001032e-01 2.895153738319528047e-01 2.811659141172035414e-01 2.802568465284118182e-01 3.039182689989884945e-01 3.405476980918674124e-01 2.776587779457691529e-01 6.157168081294975837e-01 4.982459552313797668e-01 5.594115162899898630e-01 7.123744973973158423e-01 6.424313597840053403e-01 5.951796812835956629e-01 5.944596646183935018e-01 6.092476371644228728e-01 5.668336879489453972e-01
1.799657782180069665e-01 1.625980974100908472e-01 1.844251475114285499e-01 2.328471689687482138e-01 2.338904889702163592e-01 1.957758714628907992e-01 2.317376945191445270e-01 3.165194289830964292e-01 2.703422042463236030e-01 4.814567207867450627e-01 4.948650376008743024e-01 5.656129015663311499e-01 6.575292147975086987e-01 6.047289695413723409e-01 5.612313184190487192e-01 5.500361072553405783e-01 5.666477206593566462e-01 5.702400769497852906e-01
1.947188364404802419e-01 1.728874079184372081e-01 1.824509198990474090e-01 2.265876467044973253e-01 2.124311122487949344e-01 1.942769953924585458e-01 1.996126763883245836e-01 2.377501520813648794e-01 1.842501534216551273e-01 4.986172826072379771e-01 5.286527906704746593e-01 5.200980633850698087e-01 6.177465525449964412e-01 5.519089421835315923e-01 5.094153402150708443e-01 4.917397607798734138e-01 5.396369431362122437e-01 4.849073637859704911e-01
1.866224816063713488e-01 1.957933909989848509e-01 1.887452836882120288e-01 2.297059922963238798e-01 2.232138544582978890e-01 2.603871386971858826e-01 2.273953072524930730e-01 3.128234321984617039e-01 2.878462306663207571e-01 5.017480212433724773e-01 4.446909011667289913e-01 5.822201422718160657e-01 6.862116168602392374e-01 6.177849515955992077e-01 5.555248579420717370e-01 5.837922362239142959e-01 6.157499220762852055e-01 5.704499282641373181e-01
2.272355858354031255e-01 2.466568885518609366e-01 2.488867216172463148e-01 2.997156933702886383e-01 2.927392677709555469e-01 2.954885645575134889e-01 2.526352743443592286e-01 3.431539747799010609e-01 2.725066453588434467e-01 5.720428626735025723e-01 5.580831886782758877e-01 6.779682980060093289e-01 7.205937870799865586e-01 7.144767234311265591e-01 6.253535731324315616e-01 6.177231053924830961e-01 6.977612972356233012e-01 6.319272746666664275e-01
1.831377344921436001e-01 2.031600630569110888e-01 2.018751067239404340e-01 3.077591510754303927e-01 2.592518980195175904e-01 2.573099043289602261e-01 2.407942725522622396e-01 2.618898487635540895e-01 3.225453006407876244e-01 5.683159856561426082e-01 5.715539073514672719e-01 6.036279546565961329e-01 7.091092514201833286e-01 6.688206558257426826e-01 6.113417974983654801e-01 6.050741548522934332e-01 7.001788802380208843e-01 6.178012871417752905e-01
2.095286854164507828e-01 2.153589383034785476e-01 2.056844803978104264e-01 2.453286799533820617e-01 2.422843709221184638e-01 2.362396553658663301e-01 2.408385618270675599e-01 2.951402099377549160e-01 2.395735885624296624e-01 5.190269282995623179e-01 5.354143490716319898e-01 5.525188023156898387e-01 6.820944844201324297e-01 6.477655012299344817e-01 5.482764642968279700e-01 5.432266897423368990e-01 5.640825753780557283e-01 5.351968033231596644e-01
1.534099601082536402e-01 1.395544441855181006e-01 1.440047076296981365e-01 1.573157369698856833e-01 1.736405378081272433e-01 1.615283620331827708e-01 1.629117673931727017e-01 2.017192420987008739e-01 2.053318285673007559e-01 5.573101285774525460e-01 4.611487465094952776e-01 4.654925414366017367e-01 6.454696464545115475e-01 5.723322983654332008e-01 5.145533556025428945e-01 5.178070306765235609e-01 5.830993686170726775e-01 5.675087031980794450e-01
1.522500762220642678e-01 1.934040654197905773e-01 1.750216333488879006e-01 2.421989971450017320e-01 1.999114039661972209e-01 2.050019749027526816e-01 2.031080315545831794e-01 2.093559360094280897e-01 1.928316262476239829e-01 4.788112990217209819e-01 5.092392575964748147e-01 4.817115513595994769e-01 5.474924433811710900e-01 5.717704769243543428e-01 5.158021123375690076e-01 4.868114353668509531e-01 5.382413738496294453e-01 5.010628293314562942e-01
3.109326900408106442e-01 2.895361506745177671e-01 2.536734423131381533e-01 3.176858393517708046e-01 3.189599391597103817e-01 3.036618287729216381e-01 3.360628795179410044e-01 3.783233146919596779e-01 3.450290669718307779e-01 6.254740622237888736e-01 6.712935737413229242e-01 6.914611163849445630e-01 7.533730682766466291e-01 7.518127895080712886e-01 6.812248828470122142e-01 6.769636414666676538e-01 7.158405062212572778e-01 6.770246081129153159e-01
1.346318984752170600e-01 1.254049860819180240e-01 1.411385641131837620e-01 1.857937277200595871e-01 1.554328846838752276e-01 1.588257725298191647e-01 1.622963639952144932e-01 1.783883342327749200e-01 1.543657802212574093e-01 4.956764320945526436e-01 5.096282533834454176e-01 4.834827871649981512e-01 5.530626032968116723e-01 5.709269548605711009e-01 4.914500336307288109e-01 5.093720092972735536e-01 5.497517299427319148e-01 5.195055289308868618e-01
1.460303944193265535e-01 1.598329789134647627e-01 1.517668737251722799e-01 1.859353379812882512e-01 2.060830159120008720e-01 1.962652272604041570e-01 2.097394210557569916e-01 2.187128369399529704e-01 2.128850468788810180e-01 5.557024213368573218e-01 4.728392471243579864e-01 5.150277156427882641e-01 5.800014423863697477e-01 5.359645250295823615e-01 5.296279262474549165e-01 5.289344994860152305e-01 5.696112007016270740e-01 5.073191288257578035e-01
