8.213586727311861235e-02 9.216664555057463293e-02 1.005756025458999364e-01 1.057878033803571483e-01 1.080373960065969252e-01 1.266774462469417717e-01 1.100353507569916955e-01 1.339836192138045556e-01 1.210547811822172831e-01
1.236566352633338139e-01 1.363351809287611238e-01 1.467836860384194586e-01 1.537674549759458498e-01 1.581628206194921060e-01 1.522016411334873864e-01 1.493515934578523163e-01 1.766268241672366013e-01 1.788654005002884573e-01
1.891068096416738120e-01 1.854950383955246695e-01 1.949091106677344198e-01 2.196645435951082304e-01 3.024784271631007493e-01 3.061938256175146811e-01 4.370439663003585218e-01 4.754301801046716403e-01 4.076626363442316658e-01
1.547693206557827772e-01 1.704008833116172350e-01 1.835816769528887948e-01 1.924782703661571670e-01 1.994052929825367027e-01 2.107374713257732790e-01 2.093312821899449838e-01 2.816642288675926808e-01 2.477675213146038613e-01
7.228639884525253634e-02 7.156839804355002999e-02 7.070274615459364032e-02 7.040992615836930146e-02 7.245232650343683134e-02 8.142715247850781934e-02 9.665982573999495897e-02 1.098948565118502141e-01 1.168252339164611714e-01
2.301888947049919032e-01 2.136426735194030258e-01 2.003856718455351849e-01 1.967896206654241864e-01 2.214024374846527143e-01 2.769941684776204283e-01 3.094215847255700202e-01 2.977868829459550115e-01 2.939022860409060134e-01
9.013229733814734357e-02 9.936466387231268627e-02 1.062175159635425498e-01 1.095233924157914540e-01 1.102232412968088965e-01 1.549974523385551362e-01 1.532754644512732967e-01 1.628440586510991883e-01 1.693127785866632429e-01
1.768411851234465981e-01 1.712206703818601738e-01 1.730506644778575798e-01 1.879223871635673226e-01 2.541950713914804538e-01 2.718732009926417281e-01 2.357158151098675825e-01 3.165484495392437703e-01 2.839552916332386823e-01
7.587326457913046163e-02 7.383497856137122284e-02 7.735292972504927145e-02 8.518145368789349636e-02 1.086149638260638928e-01 1.138587627356602988e-01 1.324994067234372130e-01 1.554149311883165907e-01 1.348880731935448996e-01
9.393479684477523683e-02 9.299274484675570940e-02 9.193589640794985751e-02 9.169677065608698718e-02 1.004798594740529127e-01 1.595958538767105195e-01 1.273039422631261353e-01 1.436065375481423989e-01 1.389633935743318782e-01
7.875067616748433752e-02 7.564784260145002159e-02 7.513688319864636478e-02 7.957716351332758120e-02 1.021227756450573815e-01 1.079583231325047105e-01 1.154247969486614650e-01 1.213721891324725383e-01 1.423747179837015209e-01
1.354224100254430019e-01 1.367534821248982957e-01 1.444297026905316805e-01 1.578080911691260302e-01 1.974206566297687926e-01 2.163418404142051776e-01 2.278551473609222444e-01 2.303182078428281931e-01 2.922179999045132481e-01
1.189617572390521683e-01 1.200885319955669883e-01 1.242413076260955873e-01 1.332801460070636435e-01 1.747182522562545359e-01 2.791295586929756767e-01 2.331799550127847398e-01 2.564340737483322141e-01 2.543616733387801254e-01
1.283918906510964353e-01 1.302497822496400393e-01 1.392931301013167478e-01 1.593035594418848455e-01 2.252454324870332703e-01 2.136275949116683837e-01 2.265901725286248725e-01 3.068797340520054151e-01 2.648094197495794999e-01
1.288517388825739240e-01 1.372032410393136947e-01 1.461221577722811582e-01 1.556316301372648314e-01 1.756658505005506965e-01 1.832693154273870306e-01 1.901091534202078159e-01 2.222737572439301146e-01 2.135922540429302519e-01
1.971370583120026776e-01 1.954237338115875355e-01 1.948168641752413555e-01 1.983560788225200433e-01 2.230494023197240605e-01 2.695462267170563586e-01 2.736856040902477250e-01 3.518274485402340668e-01 3.411789379166095815e-01
1.474230896977691274e-01 1.579853597847040714e-01 1.692779930005682831e-01 1.819336765322547289e-01 2.149306793562770213e-01 2.639652438194456385e-01 2.532936307809147136e-01 2.622270996269389087e-01 2.998318060561535603e-01
