2.360265314268663595e-01 2.122189398784468384e-01 2.042345928276599054e-01 2.287777888469912646e-01 2.589602354776952553e-01 2.330849385878721314e-01 2.290722950815089198e-01 2.569715049283622932e-01 2.417490533644240658e-01
3.550517894546430520e-01 2.778969273788360894e-01 3.062985706143069864e-01 3.085951078144493764e-01 3.011171457126575746e-01 2.924150808866546325e-01 2.820568520225038567e-01 3.169354642115670417e-01 2.897880612992559946e-01
1.584236242281345242e-01 1.699930454554589021e-01 1.535628880191823864e-01 1.969021734177945626e-01 2.084231580945640483e-01 1.926377995243308272e-01 2.145364089120133100e-01 2.126644716709256144e-01 2.244951587869779552e-01
4.316485875789310978e-01 4.646358481795065942e-01 4.313926134280441360e-01 5.372849624913932365e-01 4.942808755945107824e-01 4.049792711454249239e-01 4.136123545034176563e-01 3.964788923753157501e-01 4.243016578852272236e-01
2.355433640759303782e-01 2.058548985593677549e-01 2.486180969336592439e-01 2.826334979734730912e-01 2.738735248867146810e-01 2.562614799940992061e-01 2.701552451576355596e-01 2.863242247211182367e-01 2.705672595328691421e-01
1.613417110202578220e-01 1.447380812710124809e-01 1.407374386068228900e-01 1.720089044451344751e-01 1.643364136467561909e-01 1.640944564374504366e-01 1.691239148612359022e-01 1.875365549615947147e-01 1.580084166985522842e-01
5.259097096368764435e-01 6.130177642526235537e-01 5.315222959125739388e-01 5.527631032288156110e-01 5.502201898088168175e-01 4.858936227234155747e-01 4.701706277682954904e-01 4.757831844104934427e-01 4.258577420105910671e-01
7.221811735579312941e-02 1.020717665753004405e-01 1.194553654998687098e-01 1.005140211414248252e-01 8.675472436102121820e-02 1.002566825707251058e-01 9.310152705759942859e-02 1.013239739100051384e-01 8.965751855477591126e-02
3.781777897946741462e-01 4.097245517472831722e-01 4.167363025833881185e-01 4.505946627009506655e-01 4.901986637798293467e-01 4.732529514374376189e-01 4.573074562853032821e-01 4.088233843851532545e-01 4.432885665017168852e-01
1.938414145123815713e-01 2.048123808591292838e-01 2.201764058929394918e-01 2.685056812327242248e-01 2.797644422790217522e-01 2.425920795450344780e-01 2.336210123890736789e-01 2.633287638449409163e-01 2.485231079290435019e-01
2.034013847155199395e-01 2.201146289661378153e-01 1.803977617558851776e-01 2.594981844129377602e-01 2.260261845861228913e-01 1.792042040767302113e-01 1.937702739827748266e-01 2.156161903021146797e-01 2.358499713024158340e-01
8.082471061419269076e-02 1.086632462659826576e-01 7.883821604168811392e-02 1.016156183609265851e-01 9.308112901422539720e-02 8.292443052860770658e-02 8.964767124479960936e-02 9.954024677434532287e-02 9.255571738942020010e-02
1.652284264690863924e-01 1.623091241866971568e-01 1.479733097023321620e-01 1.848761874372722991e-01 1.774006576793789036e-01 1.576149276061259707e-01 1.504399619895318563e-01 1.844769589937373944e-01 1.691127877105374766e-01
2.541745719891059241e-01 2.142509537779012374e-01 2.274126920251755002e-01 2.116570869350556383e-01 2.461347793192994737e-01 2.138127729386277431e-01 2.379443161791368333e-01 2.503472249297578056e-01 2.184236140509007440e-01
6.334771269370834124e-02 6.412663225057446681e-02 7.012264091430203683e-02 7.151044015689003719e-02 7.497226132625552097e-02 7.599232585113793736e-02 7.811453567459290814e-02 8.866176765208405586e-02 8.702362126403949405e-02
6.411993260923866123e-01 6.125752725921090880e-01 6.052219398520009008e-01 5.918829651413226589e-01 6.452479982548473547e-01 5.856430613936726148e-01 5.441939734778382665e-01 5.771845917204625476e-01 5.172994968867149490e-01
2.403516133331574101e-01 2.093412109987711489e-01 2.199967279692873756e-01 2.508731140791873315e-01 2.640373381664558594e-01 2.367741474147678493e-01 2.267401381719183762e-01 2.532542680760422327e-01 2.653360486881251590e-01
2.153490266442850409e-01 2.428387398848178003e-01 1.892837159633777022e-01 2.580835497044846605e-01 2.113289040620300041e-01 2.299097126294518956e-01 2.095498400331511080e-01 1.929887877226067472e-01 1.891998325214861998e-01
1.023515762200151447e-01 1.038897455266902803e-01 1.068914336504895729e-01 1.208720915651812777e-01 1.427750746915517899e-01 1.115571899138558809e-01 1.251474707622209359e-01 1.292608899009347889e-01 1.296674126633375335e-01
2.067298451665606218e-01 2.080090685334921585e-01 2.261838003728017521e-01 2.421367362149835778e-01 2.627056531350324131e-01 2.265727225843402470e-01 2.402550307244191996e-01 2.710445216920707168e-01 2.497017868296286525e-01
4.977287569645730825e-01 4.852681509979108188e-01 5.456948268573681426e-01 6.009569157430603159e-01 5.403443356838147915e-01 4.689867742062240885e-01 4.675743318339381505e-01 5.056153246345193031e-01 4.629990714088323411e-01
1.582112310454884818e-01 2.159265573702706387e-01 1.423680037181246638e-01 1.628520317666020123e-01 1.500271356141309187e-01 1.657968603357906356e-01 1.719662244048650313e-01 1.617151336485119772e-01 1.458809685694137659e-01
9.754753057192550036e-02 1.026586411465055942e-01 1.230675368882386544e-01 1.426876375719690337e-01 1.389198010584520582e-01 1.339744155047113972e-01 1.251085066913776855e-01 1.528434919245491297e-01 1.586079700261692482e-01
4.653881562018623574e-01 4.033037626536900566e-01 4.711227913550315449e-01 4.794026679369243205e-01 4.469637205318930939e-01 3.753361448735338390e-01 3.814973506622044153e-01 3.833727639089436479e-01 3.994221700089298221e-01
2.647034615523687906e-01 2.600187457177158268e-01 2.420725218606538665e-01 3.113223147353432196e-01 2.338245186932369213e-01 2.217621311237117643e-01 2.156461496249703902e-01 2.124159709533059437e-01 1.967399914545846229e-01
1.062844935376474620e-01 1.158598719472468258e-01 1.105529812747053919e-01 1.278592469863784886e-01 1.391944108794382629e-01 1.154536392129141970e-01 1.388932544498899802e-01 1.379069468009194721e-01 1.409237505623610887e-01
3.050402203184633954e-01 3.282938503652080287e-01 2.958072304443438716e-01 3.263949677986055509e-01 3.209940445410854881e-01 3.455297723740146099e-01 2.907930408730725058e-01 3.290030546368656883e-01 3.226361428481833715e-01
3.020881023998526205e-01 3.346680136157382801e-01 3.228258540243465480e-01 3.196338200636403837e-01 3.125313737426455019e-01 3.217971542505799198e-01 2.604391856620039136e-01 2.863805099306330204e-01 2.766216905812471372e-01
8.710546112069574021e-02 8.929573320900463518e-02 1.535205691693995456e-01 1.199710111710391852e-01 1.084522496496673205e-01 1.114441413326822949e-01 1.212216061261788824e-01 1.271403283132682693e-01 1.200645836174046022e-01
2.845620565280235215e-01 2.052953094609883400e-01 2.021871341640937847e-01 2.555730977261454484e-01 2.721645269914934606e-01 2.505733269303117572e-01 2.378373897569351914e-01 2.859018352393457030e-01 2.303870011405995677e-01
1.982578557342253023e-01 2.252032219766389731e-01 1.945758661184179839e-01 2.891272469558840430e-01 2.235627035201898094e-01 2.041845263123374388e-01 2.011046517632006647e-01 2.118142393339201290e-01 2.076380798365567160e-01
1.450429897306463045e-01 1.212503993909398586e-01 1.699438126970331253e-01 1.650575739828416266e-01 1.564802373344303943e-01 1.643973526675397978e-01 1.506572509982640473e-01 1.650223010484423991e-01 1.597581602810917711e-01
1.960753120740630073e-01 1.810869049241534967e-01 2.146329891769139797e-01 2.273235206941403852e-01 2.157485039250270631e-01 2.111516582262161212e-01 2.063021702910818878e-01 2.219672147314421529e-01 2.362661868262259657e-01
1.379765152334281875e-01 1.442380894737906039e-01 1.772645260738925366e-01 2.133886421412910794e-01 1.778748332390027720e-01 1.593600803971951807e-01 1.490869057689239163e-01 1.695497817318022127e-01 1.710550374569157484e-01
1.491815971359190252e-01 1.289095663887245002e-01 1.739834909270469299e-01 1.973507104636277876e-01 1.729934803962635548e-01 1.596586874325401084e-01 1.713344602119194759e-01 1.798517069280794467e-01 1.887045777762899890e-01
1.539160880441862445e-01 1.771212052586614016e-01 1.563649685462613625e-01 1.625272256823580008e-01 2.000987018073854540e-01 1.834378728002032666e-01 1.613526060222860992e-01 2.194030068274625545e-01 1.619143310189594398e-01
1.385086905700403659e-01 1.369755222110184412e-01 1.406499962582754282e-01 1.630657526581654471e-01 1.562787746884541362e-01 1.533762970735066122e-01 1.598290181368766383e-01 1.793480477272274554e-01 1.628677501132518579e-01
1.449934292489960530e-01 1.571979770238291774e-01 1.486766150090405580e-01 1.870234713387161074e-01 1.730909697482425069e-01 1.777323997365549690e-01 1.754638015418541197e-01 1.875999885446436588e-01 2.064291607090466274e-01
8.594081026913484578e-02 7.639563652899024337e-02 8.563400393554596035e-02 1.314918390004455595e-01 8.656641803104336841e-02 7.845230409540519811e-02 8.696282818763252653e-02 8.927503386127694229e-02 9.040615267275425859e-02
1.565170867016892620e-01 1.453696973002061577e-01 1.251481094920079418e-01 2.167806118397682114e-01 1.573951211367816683e-01 1.577648148250978266e-01 1.571640699235799243e-01 1.552262511785842125e-01 1.569847573839666388e-01
