1.143375745137971064e-02 1.749671249276633922e-02 2.192663881202009876e-02 2.309682046427618748e-02 1.488074881294737181e-02 1.075710015809601926e-02 1.221719774407281113e-02 1.321672831245962985e-02 1.380998648866135770e-02
1.751640557132410486e-02 2.277056927681470402e-02 2.638546019557207190e-02 2.713388345696070292e-02 2.045536130644566575e-02 1.178257906830841757e-02 1.390875020857700560e-02 1.417001545546725527e-02 1.689977261532604053e-02
2.565601564597693070e-03 3.403637809858756601e-03 9.449446665263306483e-03 1.639432407748994333e-02 2.473377642168802029e-02 1.564560422465468420e-02 6.348935882680281639e-02 4.517730866763253195e-02 2.944893733156135271e-02
1.569736651751873699e-02 2.059532287905384978e-02 2.408153775678396197e-02 2.489560892661126998e-02 1.869025994858808035e-02 1.442890045893265027e-02 1.685949289512421109e-02 3.123460051421280553e-02 2.447282899007332049e-02
9.679377699850211930e-03 8.244062393812279579e-03 6.924309532878833093e-03 6.012596217615409459e-03 5.481821581639814006e-03 7.198146765346170872e-03 1.305427343115989243e-02 1.250174570748965180e-02 1.761479865845629392e-02
1.939071145961095144e-02 1.666835149909479466e-02 1.434928293954989414e-02 1.299094332315121371e-02 1.338077727929205818e-02 1.872777191691159943e-02 2.534508578593371378e-02 2.002602078363696636e-02 2.296202629160717240e-02
1.478321074825294894e-02 2.251974246190143608e-02 2.737724487867774018e-02 2.711189618200474799e-02 1.232364806589165800e-02 2.133972407877726338e-02 1.569672454990432911e-02 1.254452065339277216e-02 1.500571274264320305e-02
1.416416965875881909e-02 1.277210491452636897e-02 1.241475599981477565e-02 1.357090661255226476e-02 1.979874714821620862e-02 2.002779352220146816e-02 1.545162970840452572e-02 3.249495131280048105e-02 1.693102446253370863e-02
1.780712854902800945e-03 2.008445431794946348e-03 5.079950026879858326e-03 8.542412780142496706e-03 1.295350879648586064e-02 1.116629087941794878e-02 1.316613001002938169e-02 1.543352058963618108e-02 1.612711587321492834e-02
1.128419767599068979e-02 1.009995329060548244e-02 8.839400257093165195e-03 7.642934234905258105e-03 7.760297036160641523e-03 2.725286388939153134e-02 1.191018102260857359e-02 1.199447269763835242e-02 1.618852777766111375e-02
8.944456666716780677e-03 7.672694294443833767e-03 6.949798757524515425e-03 7.216897508324843051e-03 1.023674296078345980e-02 9.247501180218701058e-03 1.277637997684988140e-02 1.073290148990312110e-02 1.711782109351449310e-02
6.214068165230245827e-03 6.487339085676488426e-03 9.371744679481510548e-03 1.223521539200124290e-02 1.411944814579102828e-02 1.565775653130356895e-02 1.978866736931063006e-02 1.396616259218564672e-02 5.719474257146901081e-02
8.894647141660974934e-03 8.967612294297232223e-03 9.300218271397580477e-03 9.785296957019837261e-03 1.308756897168726792e-02 3.320171262968205778e-02 1.845595453665146643e-02 1.727896359776914456e-02 2.042522193859996893e-02
9.896616753375943668e-03 9.649196783099766098e-03 1.085900154577153394e-02 1.402152204120888680e-02 2.424674574298364693e-02 1.693690742629877857e-02 2.018316999153275254e-02 3.383643336291949910e-02 2.571994060104726421e-02
1.709543212440246818e-02 2.193007930541916034e-02 2.492806451802394643e-02 2.487856500526127584e-02 1.717368244836828609e-02 1.323474599732887488e-02 1.557662899790851832e-02 1.736209571934033830e-02 1.969036928286970606e-02
1.740191429397458522e-02 1.628144035492085084e-02 1.504975292277312138e-02 1.384189348863636149e-02 1.298950752788691383e-02 2.552116117911563259e-02 2.201534815091183914e-02 2.417456638226743795e-02 2.583292823039601629e-02
1.556429378318814442e-02 2.016535434720967759e-02 2.355640333743939593e-02 2.471996698913622378e-02 2.084959836429180202e-02 1.851771971176264034e-02 2.428823049515483820e-02 1.728458261466090870e-02 2.789024090818756005e-02
