2.701217475771540422e-02 1.348303139289942949e-02 1.212689683016178466e-02 1.415969971350549729e-02 1.290128672876779403e-02 9.809092396029034377e-03 1.289397427666146012e-02 1.347422328782846290e-02 1.254810794040181650e-02 1.279891170031890839e-02 2.298685833883688454e-02 1.507401394765594226e-02 1.780336456804755552e-02 1.632990235808137042e-02 1.730994622019095888e-02 2.153060565130209686e-02 2.431273852747897410e-02 1.986275174439614336e-02 2.508519231386165463e-02 2.337770410637476579e-02 2.193519626627032232e-02 2.458691087789482282e-02 2.781570491306991494e-02 2.776107638086733331e-02
4.160107036119429363e-02 2.728987147485548506e-02 3.054708586050128988e-02 1.707702665863364971e-02 1.180009797037328764e-02 1.543788665048910665e-02 1.478992087026767023e-02 1.860177930395883958e-02 1.510270147097639293e-02 1.619488629931258028e-02 1.647574079507502579e-02 2.114552878180022202e-02 2.213883842250992037e-02 2.254980793486124208e-02 2.447057546758310206e-02 2.718979870662088447e-02 3.062812844450457650e-02 2.257224298466967150e-02 2.607929933330862052e-02 2.659644004028020176e-02 2.632721104501069623e-02 2.812119987865738246e-02 4.277590191855520918e-02 3.719129341084453921e-02
8.387198314464553578e-03 1.212728796142760988e-02 7.566699790508155110e-03 1.040364785527808991e-02 1.096053412846329997e-02 7.056042235258663461e-03 1.007009397790699715e-02 1.036116329230313444e-02 1.210027889025586979e-02 1.737338568607076777e-02 1.399349104536189506e-02 2.083219965962114853e-02 1.710583654509025692e-02 1.898143274519543955e-02 3.664116931342348976e-02 2.091439781483635588e-02 3.204281047293423834e-02 2.612820614476197775e-02 2.383621620559303253e-02 2.164122357486563189e-02 2.361911562470484297e-02 2.908009714492238926e-02 3.532858354666285755e-02 4.404915481739109240e-02
2.888069908628741050e-02 3.407938086539223643e-02 2.468986669653749216e-02 5.160624862714785488e-02 2.862849600221124488e-02 1.501543551450849542e-02 2.013805818633664785e-02 1.796224272753163889e-02 2.194507173312858217e-02 2.362710699054487370e-02 3.260006516432131796e-02 2.641492061744717124e-02 3.207713808057478799e-02 2.408226586545056738e-02 3.059273101190368785e-02 3.599313721745736605e-02 3.521143004753374273e-02 3.266837051662550839e-02 4.078613513495190496e-02 2.388240175260745654e-02 2.896307144188473709e-02 3.033317574142695497e-02 4.758416749683385544e-02 3.909167243552694876e-02
1.257855240987547536e-02 1.119854063884805594e-02 2.852983804191141365e-02 1.896419168258831056e-02 9.853371825323489763e-03 8.468886618942744401e-03 1.596110181110500445e-02 1.056474105276839631e-02 1.251922889040459237e-02 1.779642632405720529e-02 1.878367285425466479e-02 2.091076340677506390e-02 2.646124884680513267e-02 2.551855916022247039e-02 2.932108800962901149e-02 3.943702828188214854e-02 3.804418232423224799e-02 3.836937471228050317e-02 3.456268715227917010e-02 4.659643228565851086e-02 3.867834825219817335e-02 3.185669467326841808e-02 4.542908742135631783e-02 5.264188142010757521e-02
1.728121289473175809e-02 1.001995615391906500e-02 1.071318098016327443e-02 1.742734497604306321e-02 6.375005637308793841e-03 7.958871468136577421e-03 1.146047301728965288e-02 1.646682380399631246e-02 8.815092231901473785e-03 1.356872999448391175e-02 1.264194521882637881e-02 1.308388177109020938e-02 1.315443562848087576e-02 1.643940275799706321e-02 3.194425263066740656e-02 2.235849414262236490e-02 2.395855902259441672e-02 1.585234936107161874e-02 1.826403246235006744e-02 1.692956129442711039e-02 1.965697513144975747e-02 3.315579090556810410e-02 2.275320322688051053e-02 3.335277016077266288e-02
4.808473053183291712e-02 7.232457565561450918e-02 6.062168687847077631e-02 3.011514771117398612e-02 3.348304808357742413e-02 2.605224117315949051e-02 4.274088517003370863e-02 2.424480840853954558e-02 2.085310160029336599e-02 2.573317610621487714e-02 2.530664074307534608e-02 1.941719240646200967e-02 2.926784875400713359e-02 2.323022615935572271e-02 2.526071507217518552e-02 2.513001102562905861e-02 2.424878437664603967e-02 2.171473521050765534e-02 2.368493419400225647e-02 3.531219956442697289e-02 2.379518565968780433e-02 4.219034489925183734e-02 3.015924458736598049e-02 3.317245891503595862e-02
6.403609243051797649e-03 3.413759310988997292e-02 3.242069433572945802e-02 1.163509782719900770e-02 4.553857661925507158e-03 1.415609957361020632e-02 7.009360495643199296e-03 5.821514145345479431e-03 5.889075704336522825e-03 9.905301392858480158e-03 7.644711743734210717e-03 9.573084473028684732e-03 7.952108488806706316e-03 1.107277737807507885e-02 1.541025842459329068e-02 1.182689449083601692e-02 2.245224089991209107e-02 1.058721605357807599e-02 1.551166288233492112e-02 1.269259154962325276e-02 1.808847114396977887e-02 1.896597892626963183e-02 1.918899357943858533e-02 2.171168075933338840e-02
1.731165294140757718e-02 2.952865847700333890e-02 2.522774341969273235e-02 2.276938584843413854e-02 1.909142228818742210e-02 2.392357679490843270e-02 3.936039514402170370e-02 1.454935026903290442e-02 2.604830306738581402e-02 2.403806717709465121e-02 2.525939503798642002e-02 2.698499248484485455e-02 3.310019841277002384e-02 3.171329398248325798e-02 3.374709704361312373e-02 3.692863375112485913e-02 4.041417348007692034e-02 3.957554103107149140e-02 3.548504344602893684e-02 3.473100098356229903e-02 3.186962664760286529e-02 3.754385582460523230e-02 4.090280201030691010e-02 4.899754930930421554e-02
1.772145341189445764e-02 1.198306287691607540e-02 1.655748390293400665e-02 2.078639498084111636e-02 2.764906034013282776e-02 1.616430633247313217e-02 1.052566157337862275e-02 1.135068977193086880e-02 1.327298273834161789e-02 1.672852528544887390e-02 2.192273651521293304e-02 1.768362742148393840e-02 2.046801207139951548e-02 2.254482674531525788e-02 2.251782280390170199e-02 2.673490061516916108e-02 3.432841836539164693e-02 2.722058725793357475e-02 2.886551245623882392e-02 3.672162268540547087e-02 2.964700955850829017e-02 3.371711069591453586e-02 4.244551139362619241e-02 4.511987699548837549e-02
1.815377120076784936e-02 2.106936701238800586e-02 1.286140020907612300e-02 2.396364232669512609e-02 1.973161286381922702e-02 8.195699719405388425e-03 9.943534583807648458e-03 1.189686632021380759e-02 2.189297607706729848e-02 1.309058096157233314e-02 2.170646097572396724e-02 1.335805814613174811e-02 1.988879978996838452e-02 1.389149218667939424e-02 1.597712246038125727e-02 1.635049189781514686e-02 2.139018822640793155e-02 1.942675986637822788e-02 1.811758191404996138e-02 2.284452208649968147e-02 1.838204844253241155e-02 1.904538493490761861e-02 1.953599315846898943e-02 2.179580624757182852e-02
6.641153943823331456e-03 2.697144972866301338e-02 7.606594831006136675e-03 1.416668370346982342e-02 4.178594760044044079e-03 4.767902777906719153e-03 4.667010341259669910e-03 6.631971785986706669e-03 6.496624318190053621e-03 9.744872409243302350e-03 1.460613633736287248e-02 1.054425152071189475e-02 1.148737412397035466e-02 1.012783896555894195e-02 1.104775118933261878e-02 1.241594636970788472e-02 1.834492189740579912e-02 1.450041039729206734e-02 1.191878519140579691e-02 1.145106184510138667e-02 1.577084715365153697e-02 1.854909818511883690e-02 1.964221049323667742e-02 1.988460517338810907e-02
1.888195781631404196e-02 1.369299800961860936e-02 1.202034076093481951e-02 1.557242887074910404e-02 1.086599779850216593e-02 7.527073458686426091e-03 8.143594906590667648e-03 1.296222506609159310e-02 1.160635297810261486e-02 8.688144211665214944e-03 1.049089645350685315e-02 1.269554774193893711e-02 1.053229470003731912e-02 1.241667479157531305e-02 1.265824888304947597e-02 1.477174241451193436e-02 2.002232392110665088e-02 1.194473305427813659e-02 1.924539640377579200e-02 1.970216493545821554e-02 1.469152953362928837e-02 1.847981582292067618e-02 1.852778441526255204e-02 3.111521155800930222e-02
3.123579279107306650e-02 2.363153648271666338e-02 3.337215943234449200e-02 1.085608110035417295e-02 1.181754460391625308e-02 8.553979460487482964e-03 1.422371427858988742e-02 1.403930471900556240e-02 1.147090932593615789e-02 1.573452620382330761e-02 1.291728109491821139e-02 1.788779157928986618e-02 1.726276264947887787e-02 1.568883882927951320e-02 2.079332062331593761e-02 2.303902910659462802e-02 3.149094059526515166e-02 2.472640233306560437e-02 2.183311668321406482e-02 2.597610777188672990e-02 2.540036942001170500e-02 2.570470379969245697e-02 3.328097887793288884e-02 2.618869082720830591e-02
5.830620665213418971e-03 5.542635332927412818e-03 4.993372672771599109e-03 4.932574494564759271e-03 3.356702436669467115e-03 3.266189123240916242e-03 5.356089749008334164e-03 6.855382338084897893e-03 6.848468038484226139e-03 9.119477394438781082e-03 8.714509399208167015e-03 1.017323367095312667e-02 9.324505154076588587e-03 1.149441087425034751e-02 1.619501556790743299e-02 1.452273028129361966e-02 1.964501164507496955e-02 1.473788453368400989e-02 1.996891964597771393e-02 1.639016390866992329e-02 1.913338171079629821e-02 2.355422974945457770e-02 2.779550881628132034e-02 3.049723460037367245e-02
4.931021064784865682e-02 5.474468452487850356e-02 5.051138063645243398e-02 2.981999871619743850e-02 3.188151888109273108e-02 2.537240106264900680e-02 2.399004653854093158e-02 2.679896831829902196e-02 2.278696868341632473e-02 3.184030393935938924e-02 4.046362651590178217e-02 3.180185328439742720e-02 3.292692850758115880e-02 3.329408687351302631e-02 3.833101220251110275e-02 3.712606315126814466e-02 3.692852140514685244e-02 3.464162226025385011e-02 5.675442558669983872e-02 3.205583225777212941e-02 3.161822168587112569e-02 3.998136588927719837e-02 3.788125823635549866e-02 4.031724697343413294e-02
3.533181807185820089e-02 1.375497921812498039e-02 1.607506101748008842e-02 1.602111022062761847e-02 1.192456681436252983e-02 8.717671347126214679e-03 8.857887852509729529e-03 1.271388100177425762e-02 2.158108443620240097e-02 1.358399003587399193e-02 1.535174555218312212e-02 1.622686487007906145e-02 2.521393273896505374e-02 1.856281037355529684e-02 2.349536865688734225e-02 2.485286188206443578e-02 2.651587275025215143e-02 2.778775835018450907e-02 2.677396420614762060e-02 2.683245944525471452e-02 2.927061773815908818e-02 2.824828228817509793e-02 3.379470861501259610e-02 3.979311791542105431e-02
1.836349735374682296e-02 3.144336649671946454e-02 1.372248007731626147e-02 1.995456733671598093e-02 7.838161252701869586e-03 1.638951837391541475e-02 1.218496352717390527e-02 1.045563696420934163e-02 1.057920769197813818e-02 1.190033305245406445e-02 1.957639741074507223e-02 1.665140257977430066e-02 1.560370770455021469e-02 1.602762269107348841e-02 1.625798538840488375e-02 2.470651565817956474e-02 1.989389683696092884e-02 1.665748531352501116e-02 1.936895209885892630e-02 2.951145985602588936e-02 2.253614769587022892e-02 1.939687735564627272e-02 3.471687864408114915e-02 3.190629044613629839e-02
7.527568548892109822e-03 8.007355296359940783e-03 1.046271923123161945e-02 8.033413909756651622e-03 2.153133936864494100e-02 4.642485674455308457e-03 1.097379747743932633e-02 7.427215278553189227e-03 7.457978843919883284e-03 1.262254069944514744e-02 9.903913346471020576e-03 1.053355126731612447e-02 9.243765138424198460e-03 2.364283152049580575e-02 1.470257380007922686e-02 1.637357670644861221e-02 1.842300252609295821e-02 1.645931051709782419e-02 3.006560147665168423e-02 2.043098865585569676e-02 1.420247277033897214e-02 3.027920044678799466e-02 2.471508870095586938e-02 3.480873222416050461e-02
1.639428584241772735e-02 1.246906414428737390e-02 1.516978747964387378e-02 1.529826874258531644e-02 2.291699093588866684e-02 7.398841554215714739e-03 1.310630840979628772e-02 1.120756099761920262e-02 1.204009554849907321e-02 1.968774894283828111e-02 1.577589807241229491e-02 1.555621817377219641e-02 2.314878833992134802e-02 2.149819783004094931e-02 3.665532300725711512e-02 3.050769841901420157e-02 3.279483300894277253e-02 3.412328842611675461e-02 2.878613970821781304e-02 2.672385594325258837e-02 3.006973663354674253e-02 3.379150442748868333e-02 3.514511519232938613e-02 5.313463623996825258e-02
