2.701217475771540422e-02 1.348303139289942949e-02 1.212689683016178466e-02 1.415969971350549729e-02 1.290128672876779403e-02 9.809092396029034377e-03 1.289397427666146012e-02 1.347422328782846290e-02 1.254810794040181650e-02
4.160107036119429363e-02 2.728987147485548506e-02 3.054708586050128988e-02 1.707702665863364971e-02 1.180009797037328764e-02 1.543788665048910665e-02 1.478992087026767023e-02 1.860177930395883958e-02 1.510270147097639293e-02
8.387198314464553578e-03 1.212728796142760988e-02 7.566699790508155110e-03 1.040364785527808991e-02 1.096053412846329997e-02 7.056042235258663461e-03 1.007009397790699715e-02 1.036116329230313444e-02 1.210027889025586979e-02
2.888069908628741050e-02 3.407938086539223643e-02 2.468986669653749216e-02 5.160624862714785488e-02 2.862849600221124488e-02 1.501543551450849542e-02 2.013805818633664785e-02 1.796224272753163889e-02 2.194507173312858217e-02
1.257855240987547536e-02 1.119854063884805594e-02 2.852983804191141365e-02 1.896419168258831056e-02 9.853371825323489763e-03 8.468886618942744401e-03 1.596110181110500445e-02 1.056474105276839631e-02 1.251922889040459237e-02
1.728121289473175809e-02 1.001995615391906500e-02 1.071318098016327443e-02 1.742734497604306321e-02 6.375005637308793841e-03 7.958871468136577421e-03 1.146047301728965288e-02 1.646682380399631246e-02 8.815092231901473785e-03
4.808473053183291712e-02 7.232457565561450918e-02 6.062168687847077631e-02 3.011514771117398612e-02 3.348304808357742413e-02 2.605224117315949051e-02 4.274088517003370863e-02 2.424480840853954558e-02 2.085310160029336599e-02
6.403609243051797649e-03 3.413759310988997292e-02 3.242069433572945802e-02 1.163509782719900770e-02 4.553857661925507158e-03 1.415609957361020632e-02 7.009360495643199296e-03 5.821514145345479431e-03 5.889075704336522825e-03
1.731165294140757718e-02 2.952865847700333890e-02 2.522774341969273235e-02 2.276938584843413854e-02 1.909142228818742210e-02 2.392357679490843270e-02 3.936039514402170370e-02 1.454935026903290442e-02 2.604830306738581402e-02
1.772145341189445764e-02 1.198306287691607540e-02 1.655748390293400665e-02 2.078639498084111636e-02 2.764906034013282776e-02 1.616430633247313217e-02 1.052566157337862275e-02 1.135068977193086880e-02 1.327298273834161789e-02
1.815377120076784936e-02 2.106936701238800586e-02 1.286140020907612300e-02 2.396364232669512609e-02 1.973161286381922702e-02 8.195699719405388425e-03 9.943534583807648458e-03 1.189686632021380759e-02 2.189297607706729848e-02
6.641153943823331456e-03 2.697144972866301338e-02 7.606594831006136675e-03 1.416668370346982342e-02 4.178594760044044079e-03 4.767902777906719153e-03 4.667010341259669910e-03 6.631971785986706669e-03 6.496624318190053621e-03
1.888195781631404196e-02 1.369299800961860936e-02 1.202034076093481951e-02 1.557242887074910404e-02 1.086599779850216593e-02 7.527073458686426091e-03 8.143594906590667648e-03 1.296222506609159310e-02 1.160635297810261486e-02
3.123579279107306650e-02 2.363153648271666338e-02 3.337215943234449200e-02 1.085608110035417295e-02 1.181754460391625308e-02 8.553979460487482964e-03 1.422371427858988742e-02 1.403930471900556240e-02 1.147090932593615789e-02
5.830620665213418971e-03 5.542635332927412818e-03 4.993372672771599109e-03 4.932574494564759271e-03 3.356702436669467115e-03 3.266189123240916242e-03 5.356089749008334164e-03 6.855382338084897893e-03 6.848468038484226139e-03
4.931021064784865682e-02 5.474468452487850356e-02 5.051138063645243398e-02 2.981999871619743850e-02 3.188151888109273108e-02 2.537240106264900680e-02 2.399004653854093158e-02 2.679896831829902196e-02 2.278696868341632473e-02
3.533181807185820089e-02 1.375497921812498039e-02 1.607506101748008842e-02 1.602111022062761847e-02 1.192456681436252983e-02 8.717671347126214679e-03 8.857887852509729529e-03 1.271388100177425762e-02 2.158108443620240097e-02
1.836349735374682296e-02 3.144336649671946454e-02 1.372248007731626147e-02 1.995456733671598093e-02 7.838161252701869586e-03 1.638951837391541475e-02 1.218496352717390527e-02 1.045563696420934163e-02 1.057920769197813818e-02
7.527568548892109822e-03 8.007355296359940783e-03 1.046271923123161945e-02 8.033413909756651622e-03 2.153133936864494100e-02 4.642485674455308457e-03 1.097379747743932633e-02 7.427215278553189227e-03 7.457978843919883284e-03
1.639428584241772735e-02 1.246906414428737390e-02 1.516978747964387378e-02 1.529826874258531644e-02 2.291699093588866684e-02 7.398841554215714739e-03 1.310630840979628772e-02 1.120756099761920262e-02 1.204009554849907321e-02
