1.284301016438667287e-02 1.370741350972535036e-02 2.175887764663370430e-02 1.694537849798715204e-02 1.310028425772702919e-02 1.788402667065313104e-02 1.926297530101758054e-02 3.232049035738604470e-02 2.471414039320371167e-02
9.837688619924808350e-03 9.971582291155630523e-03 7.048447814807699829e-03 9.581500848007903220e-03 7.316344004592775611e-03 9.758548840952728162e-03 1.243155944347953783e-02 1.200057390337665869e-02 1.188838026612518486e-02
1.335538823902680111e-02 1.445240971941275793e-02 1.966895083179466194e-02 1.575937696571323710e-02 1.613625672635495695e-02 1.700837625478534773e-02 1.789196141694547257e-02 3.132650725106217449e-02 1.799089741301140161e-02
1.087808196190907448e-02 1.287451974170426318e-02 1.085973178367201884e-02 1.954777295082361921e-02 9.532085979221496461e-03 1.325810353968238410e-02 1.056149652445288745e-02 3.013261750082806001e-02 2.062480129280638841e-02
1.424876763895928378e-02 1.192237148047560306e-02 1.254856822506874095e-02 1.574686113265767393e-02 1.343454123630575398e-02 1.517131554836185364e-02 1.395011491239479991e-02 2.723748378090705760e-02 3.212336526169796286e-02
1.376052185488221662e-02 1.799385021078324376e-02 1.908117296830860732e-02 1.671353723114546441e-02 1.027615762339013222e-02 1.399513790202344676e-02 2.010832010468780948e-02 1.326246701992374148e-02 4.768346128279651180e-02
1.404345255056642372e-02 2.275662583570705125e-02 1.943127738121708248e-02 3.362993520953276583e-02 1.920480949750750371e-02 3.186408479951549633e-02 1.819794716688983433e-02 3.838077031290269836e-02 3.230750912342655878e-02
1.282406752946253087e-02 9.007423863473144193e-03 1.206311699728504494e-02 1.482142760967988110e-02 1.054694897456844721e-02 1.700770308303928280e-02 3.089938246906473798e-02 1.599047328701348747e-02 1.567173178844775625e-02
9.939953497575010344e-03 1.158958554853625408e-02 1.977758263545627629e-02 1.626051328869535656e-02 1.072412373798750998e-02 1.425147627441606876e-02 2.168693268397589927e-02 2.541208775602195671e-02 1.551121092745631064e-02
1.121840756582741412e-02 1.235661945380600764e-02 1.388089666835051056e-02 1.804222899876218797e-02 1.481011376601170347e-02 1.441197350210317307e-02 2.516661920995310817e-02 5.180982898372270967e-02 3.144606931735830641e-02
1.261275331884231972e-02 1.332220324690361508e-02 1.256541145831889007e-02 1.836097418505141035e-02 9.337046580400737775e-03 1.151988222562400944e-02 1.549934587515037002e-02 1.602722522592732110e-02 1.350803697975056644e-02
1.152160296890584502e-02 1.352652997540369426e-02 1.476753203806457741e-02 1.832922753416321021e-02 9.193550033110207270e-03 1.565659342963023060e-02 1.513230901787881999e-02 3.227868128738453635e-02 3.134546129287359151e-02
1.343006833235449102e-02 1.909815213244902068e-02 1.792069144580880208e-02 1.806880133643982630e-02 1.181006052115855277e-02 1.645417655165118051e-02 1.572619903326258686e-02 3.060684593713425272e-02 1.636586457771845027e-02
1.146492044287252161e-02 1.512788891456392538e-02 1.227462113812489639e-02 3.240129064183396718e-02 1.112663352150744696e-02 1.435319995951321939e-02 1.471905756983932397e-02 1.453989918799483347e-02 4.711347154395865294e-02
1.589894230565175662e-02 1.616191017407495739e-02 1.289866037329301211e-02 2.558400676210415697e-02 1.075653250376464032e-02 1.397493102377101587e-02 1.950369337744349563e-02 3.207863760011259169e-02 1.563254259297364862e-02
1.537712203254835812e-02 9.841771114184284450e-03 1.867941163519337699e-02 1.310100455823380756e-02 9.455693789746815944e-03 1.096575894624290774e-02 1.317759170140138207e-02 1.412608804864453824e-02 2.011990443419462565e-02
