-1.441295772515893248e+00 3.703342755551294885e-01 -1.080736376602392940e-01 4.458608442301363883e-01
1.264558696423487172e+00 -2.147928528422045624e-01 -1.319167347924844691e+00 -1.249638537037652819e+00
-6.843847350418851283e-01 -6.962256958854673439e-01 1.044008571876945179e+00 -8.674888874820952944e-01
-1.213698653710385100e+00 1.149012265300847352e-01 -5.503291592897068263e-01 1.045886185055931783e+00
-3.091720610423846494e-01 -8.098031682555953958e-01 -9.576945455896644921e-01 1.853363807445986278e-01
8.161240855287665852e-02 -1.633103634996130760e+00 2.101856457731197114e+00 -1.596192046558015110e-01
3.045435495913760171e+00 9.656009344113504200e-01 -9.775756945727576142e-01 -1.013845789731773195e+00
-1.168630812289682712e-03 -1.139568912620650964e+00 1.362307328439710474e+00 -5.703095237944625362e-01
3.110488226992965122e-01 3.444782717052758070e+00 2.628349504991815078e+00 -1.945722009440906675e-01
-3.245774529799720365e-01 2.611118913720969492e-01 -6.597392336629409604e-01 5.324064771058729939e-02
9.226214944589877787e-01 -1.391414587074970788e+00 1.439871063988977129e+00 1.173689634156963452e-01
-6.226280168614097832e-01 3.125353166816299821e-01 4.190175618677826064e-01 -6.024417453006918333e-01
-7.909561132501737868e-01 1.742743185361772251e-01 -8.134867817461486350e-01 6.568438937385374654e-01
4.817628127419525952e-01 -6.275576421635582491e-01 1.719482672772367549e+00 1.259050152058459160e+00
-1.106988750470888627e+00 -5.668942152444171878e-01 -2.437195758087293551e-01 4.551434773024352620e-01
-1.399410025071151198e+00 1.326012015412190437e-01 1.301796242354132382e-01 -1.257748772124429371e+00
9.338201433089851622e-02 -8.611288916939181526e-01 1.882040247186723275e-02 7.716853738205797786e-01
1.656587366303987841e+00 -2.129199362992441724e+00 -1.369310437316396012e+00 -7.704919585374169211e-01
-3.470037586842704136e-01 5.735135122744873248e-01 -2.172785072895333236e-01 -1.006854345806223350e+00
-3.992275335121959201e-01 -3.774149864145572020e-02 -2.446416705142069881e-01 1.077895606802861672e-01
-1.089917824924826695e+00 -6.137024433426360032e-02 -9.849312074082005042e-01 4.618514483907391055e-01
-1.104891221202760176e+00 1.055458113648748142e-01 -6.490551139037037398e-01 4.659151070531676320e-01
1.277202936885292850e+00 3.328839064189631491e-01 7.461620766111191072e-01 -1.735455357614883898e+00
-7.821058439785003591e-01 4.223619246772733482e-01 -2.793484607220155791e-01 6.342880896917393874e-02
-6.026278679844485620e-01 -2.013967433320177081e-01 -5.533647940341553939e-01 -1.533572222751819591e+00
3.324481695591373631e-01 -1.255677545377504867e+00 5.294005396217717554e-03 -1.309702692350165343e+00
1.049534642533022977e+00 1.159565466052321636e-01 1.652389962980285176e+00 -8.072561956886238344e-01
4.525018603438101250e-01 6.865912986127888917e-01 1.674527635819465787e-01 1.874395691630896588e+00
-3.497433959735495868e-01 -2.493634860119985433e-02 -8.176018317553719328e-01 -2.616369191800748117e-01
9.061816930836220640e-01 2.058945228938262317e-01 1.071897757188450401e-01 -9.534364777735368501e-02
-7.987307780588067674e-01 8.067169460165759531e-01 -1.702303472942523932e+00 -9.950285703516903446e-01
-1.434520457565926943e+00 -2.051936985753175513e-01 -4.006329633062428730e-01 -1.589119849056828959e-01
-1.913171347755829310e-01 1.313843397746925934e+00 9.861635846673183492e-01 -1.507071579163797026e-01
-8.729482408635225177e-01 1.773446677957578876e-01 -2.611376648313105259e-02 2.210484282775158626e-01
-5.586488861512601406e-02 7.065360789960561938e-01 -6.747777981663293234e-01 2.779563201315636167e+00
1.942562712264475300e+00 -9.967462803075016753e-01 -1.422496592820623240e+00 2.059840265389603520e+00
3.303303483530674045e-01 -4.602534541206419472e-01 7.182911455467422268e-01 1.560050072508930574e+00
6.455301497619606588e-01 9.977397403881704818e-01 2.089072247290004458e-01 1.458094792664087036e+00
5.059394256211836582e-01 2.219263224782002109e+00 -1.759860933376355741e+00 -1.502376303962474458e+00
-1.133640269627984809e+00 -1.036004441245378827e+00 9.109322037300677799e-01 3.159214703310448402e-01
-9.840654891822773198e-01 -5.112792216078995144e-01 4.261923582180560111e-01 -1.051536726545254874e+00
-2.890104945034145945e-01 -1.238916779545955693e+00 -1.169628558090688719e-01 -8.939867669439093278e-01
-6.763832536177999399e-01 4.914756721219497582e-01 -6.652115698354569284e-01 2.886154477043551547e-01
7.125038048709768645e-01 1.545149609256067702e+00 3.265648677719678039e-01 3.590106923585051346e-01
3.560610925333708154e-01 -5.517134968163311948e-01 9.871732959432787391e-01 7.172483855618136395e-02
1.595034509494843489e+00 -6.495342670825650089e-01 -9.197373292984369897e-01 7.487900805381021430e-01
1.043438208097414277e+00 8.234942417259937253e-01 3.268088279658604711e-01 3.620696869577596511e-01
