5.218565513149115098e+00 1.802352576666522407e-06 2.290642331578873819e-07
5.727653815179791330e+00 1.118818900157886031e-06 1.702506870998340657e-07
6.208565251469770452e+00 4.936248746703026405e-07 6.802946543919715706e-08
6.643580783382813770e+00 8.940102176750583021e-07 4.733249448096348481e-07
7.215960965416670980e+00 2.167659029216046018e-07 1.797700316462273305e-08
7.749584933665805586e+00 1.531230171254826069e-07 1.296178868962655228e-08
8.247541033650037434e+00 8.476705814320005768e-08 7.269895201873907792e-09
8.733438086530473043e+00 7.578537642906405048e-08 8.490362218257206133e-09
9.227591980447643394e+00 3.783507961355236821e-08 3.828051791845816047e-09
9.838682234510452318e+00 6.313976006023593858e-08 3.964561476731753755e-08
1.080312730361824691e+01 1.549737869861846248e-08 9.857877820764981686e-10
1.284252837915883738e+01 5.083106398991453345e-09 6.111068659177906650e-10
1.486820002054288814e+01 1.604361073542972803e-09 1.383421616399175824e-10
1.685004837225784158e+01 5.509901788898684577e-10 3.777876598127857256e-11
1.884501365423903252e+01 2.195361319023656382e-10 1.691432593125670525e-11
