5.234488363027577584e+00 1.813094328560115804e-06 2.100936845209554583e-07
5.772862843504264596e+00 1.442487842155279035e-06 5.037877674746899026e-07
6.247781233568186821e+00 7.256148853242754292e-07 1.128664729555940015e-07
6.709396096409435906e+00 3.245334297270602126e-07 5.492489868958202046e-08
7.254695338541183425e+00 1.790425584231633224e-07 1.578593565814341119e-08
7.733126479130230102e+00 1.276358127169874215e-07 1.422018797978584954e-08
8.228794826597876977e+00 7.726930042537437911e-08 8.182705465575636360e-09
8.741053728400634881e+00 5.023525854645369974e-08 6.271547515876014164e-09
9.245321621868168194e+00 4.193034105626825816e-08 5.846027529875323081e-09
9.898956420069804807e+00 1.922947138970607581e-08 1.459302297439488496e-09
1.102872034342300545e+01 1.277287728761081491e-08 1.472659496553045335e-09
1.275695966470367715e+01 4.125156386264742795e-09 6.801652621583486391e-10
1.481552717793026552e+01 1.227825895312935353e-09 1.254592911453064335e-10
1.673532201869084091e+01 4.723648229598972596e-10 9.017053476691848401e-11
1.888337896454977383e+01 1.353925000779454417e-10 8.434594048395986352e-12
