5.228126135891088211e+00 2.566418610237664807e-06 2.199442643757143599e-07
5.741532131287294227e+00 1.409271909891011595e-06 1.359888946415708125e-07
6.243827525098493147e+00 1.042438624384704889e-06 1.351864777553777754e-07
6.754163773826027395e+00 5.746701911900081792e-07 8.065629209523488368e-08
7.232003649654007660e+00 3.256416818785311440e-07 2.128609743512245684e-08
7.727137455059826188e+00 2.247503823659636357e-07 1.734623428811862470e-08
8.246850441359125483e+00 1.443162779499248243e-07 1.173270394308949064e-08
8.724261357213990209e+00 1.055326261965456336e-07 9.830282792113577484e-09
9.231832316394593008e+00 6.197684296211209644e-08 6.120508709857103137e-09
9.895044463174320626e+00 3.870252972514944368e-08 2.956295857880285967e-09
1.108150733586883874e+01 1.642170430113002114e-08 8.259966062710552570e-10
1.286556241339779305e+01 6.088346550553798359e-09 6.028989651737505257e-10
1.488533281600178171e+01 2.175215246661805515e-09 1.496802972398748593e-10
1.687337633490418298e+01 6.500140499495269494e-10 3.319902947630256577e-11
1.888438335932828593e+01 2.763871830503912716e-10 1.990294192086336822e-11
