5.651205846759544293e+00 8.376454489497918524e-07 6.028980752874386030e-08
7.714947836992911867e+00 1.518256939416074817e-07 1.736305361113347575e-08
9.516678067170312616e+00 2.888581579954392460e-08 1.648571334633021194e-09
1.142088041153604649e+01 8.971757033642209257e-09 1.035884696772991614e-09
1.321800464500259764e+01 4.170894487171000327e-09 8.507154857404064534e-10
1.525524920983114185e+01 1.302537623796590141e-09 1.563813865213074903e-10
1.707516054069348144e+01 4.351346030992468120e-10 3.162691459817160209e-11
1.897052179165212493e+01 1.671181394373461374e-10 8.381160298156017692e-12
2.080052140034292663e+01 9.258558467084684737e-11 1.064271209665565223e-11
2.273787326165485467e+01 3.384135566164358355e-11 1.938098209280083314e-12
2.462336899494644271e+01 1.755457176093914148e-11 1.751445216914922672e-12
2.640273379115953745e+01 8.171122060735553073e-12 6.156238362681957412e-13
2.841155047702221026e+01 4.456213398616134101e-12 4.871281708634538548e-13
3.016933872469280331e+01 1.848479593428328709e-12 2.008842717532350057e-13
3.214115990446752846e+01 7.698296244449318681e-13 4.121133406188301563e-14
3.394901836012516583e+01 3.944964934138434024e-13 2.665151752370573099e-14
3.578050739359560595e+01 2.267895321761089884e-13 1.931541503218123542e-14
3.778170774456936698e+01 1.096417335818872146e-13 9.221304980577372884e-15
3.964205132955378019e+01 6.337008368627144083e-14 8.768602985722462474e-15
4.163563239675124095e+01 3.198594017050247443e-14 6.575696976449985993e-15
4.333275265606298632e+01 1.612598799176671506e-14 1.773948003232976152e-15
4.527416955580686420e+01 8.130470651557703321e-15 1.151362577879445809e-15
4.707078577670041852e+01 3.685673481984205227e-15 4.244650911238900027e-16
4.958945519375783562e+01 5.545232359015306692e-15 3.721536281275979360e-15
