5.178031129588479331e+00 4.093510263743350530e-06 9.242573305951648367e-07
5.799051620890903536e+00 2.117979508518936514e-06 5.897113894866427295e-07
6.245158423903411915e+00 8.914944065267775116e-07 1.010805413036625222e-07
6.736822495585904846e+00 5.011628207527410092e-07 3.209490317745100963e-08
7.250449855266285049e+00 2.914056711475218587e-07 1.985488794771768425e-08
7.738771250099990340e+00 2.984145223721609476e-07 5.649031940124387203e-08
8.241803163396635767e+00 1.436090855026820684e-07 1.211364105805163616e-08
8.739841463408518862e+00 9.321942151817542403e-08 9.233767479433373831e-09
9.258516548068495666e+00 6.274304698804972153e-08 5.243809724558525254e-09
9.741058074280468659e+00 5.349911961975257000e-08 6.910359218599021928e-09
1.090595955301716913e+01 2.357474134550278488e-08 1.481617050901848954e-09
1.286841937995736096e+01 8.881552146725319408e-09 8.480932912354426234e-10
1.487490580303569132e+01 2.257291286185762585e-09 1.247521956010684037e-10
1.685257238846581274e+01 8.860219529544574424e-10 5.165702325598236871e-11
1.887894526584450006e+01 3.315008977818374018e-10 2.256777459946011996e-11
