5.649254828410177787e+00 2.829553512912948955e-06 1.968292089826244283e-07
7.550558090105067954e+00 4.097056269608401842e-07 3.190098391341903550e-08
9.549743500331807411e+00 8.700869670191061124e-08 4.621526783691268659e-09
1.139974186666407441e+01 2.143231382001152764e-08 9.238707857531306984e-10
1.332608139697989813e+01 7.411358038619313436e-09 4.444901401904671617e-10
1.506871677431860057e+01 3.070452455432115179e-09 6.026108142420155910e-10
1.703494251860051634e+01 1.118478735655946056e-09 1.009065896842503740e-10
1.889643233770217279e+01 4.550037069335001394e-10 3.582633828668621464e-11
2.082714150445837831e+01 1.903982030321805437e-10 2.053620722737188044e-11
2.269306438623797462e+01 6.934567385670680010e-11 4.905659311314908199e-12
2.458594580395077500e+01 3.338674932700641432e-11 2.690827134207109617e-12
2.648375058455195941e+01 1.507259183216786124e-11 9.698937000154215218e-13
2.846424492689291341e+01 8.002221887629390843e-12 1.111994221083651196e-12
3.018058684664035241e+01 3.919028241868945353e-12 3.897211913631913571e-13
3.203271913125250592e+01 1.730769060012161381e-12 1.847805032653219052e-13
3.397621092947386501e+01 7.540241198090996671e-13 6.155627329198016598e-14
3.578220874965611387e+01 4.050476273621627398e-13 3.919596077354519718e-14
3.770477640949490450e+01 2.717967677048650365e-13 3.905506388714356317e-14
3.956571191749112870e+01 1.237212699549968742e-13 1.350924419776515333e-14
4.151362213184491168e+01 6.000712219779305308e-14 8.089765906017119835e-15
4.335111375099607756e+01 2.673562455238802586e-14 2.658851355979222860e-15
4.523163924200567720e+01 9.710319017937810073e-15 8.679272626788742934e-16
4.702541631163117586e+01 5.402033833076549683e-15 5.742931443047671570e-16
4.896700328012575198e+01 3.657152273726959405e-15 4.820703576142644281e-16
