5.628476918043022970e+00 2.391276414754069888e-06 2.033738097278604413e-07
7.649786156250094393e+00 2.704467244987120528e-07 1.755152629032130207e-08
9.523063240044882249e+00 7.636648606057397282e-08 9.331156432935803667e-09
1.141613031990332594e+01 1.774174846379233115e-08 1.241143689793337211e-09
1.329444922741585522e+01 5.469965032732590606e-09 3.378236555872628467e-10
1.522745539978074802e+01 1.938872312019252201e-09 1.506546804683868391e-10
1.708193897131056360e+01 8.573621450010839850e-10 9.183389018038090226e-11
1.891357304208742107e+01 3.131069312594066164e-10 2.922905137442926934e-11
2.075787700050483053e+01 1.729545817857054754e-10 2.020385235668514560e-11
2.256994266911193492e+01 8.103258083473064547e-11 1.307713533027617949e-11
2.456273221647786187e+01 2.847557367690538763e-11 2.871038493470305104e-12
2.650556435792499599e+01 1.272885955236657836e-11 1.266863912136238392e-12
2.834539376484252315e+01 4.391812662465425997e-12 2.420762402343330225e-13
3.012390195120715219e+01 2.401422083549168576e-12 2.074826579204531132e-13
3.201819982289053002e+01 1.306744321290220177e-12 1.072441679163149844e-13
3.396832854226158105e+01 6.711662028828164064e-13 6.603736431540549412e-14
3.579785273982731297e+01 3.474262866229864432e-13 3.659758764688456147e-14
3.769684559719835448e+01 1.451012897456171878e-13 1.457401247271831990e-14
3.958592064142163736e+01 7.095846719442788376e-14 7.310378289140524004e-15
4.142288803356935745e+01 3.965084241557501725e-14 4.211059806990684452e-15
4.355703704530036902e+01 2.455503632872494578e-14 5.017097136675532614e-15
4.520196550322859252e+01 9.261353907488884351e-15 1.327585516176781837e-15
4.701589547814320014e+01 4.794793255776637667e-15 5.908575125747053790e-16
4.903131678119936510e+01 2.544968585097541738e-15 3.995326681699847129e-16
