5.606079732567207152e+00 1.982144461292697180e-06 2.815540870130515923e-07
7.644410060838243481e+00 2.371049642410175405e-07 1.688219367958429485e-08
9.529585158953338464e+00 5.196345700014724171e-08 2.886006647039822314e-09
1.143593332499619741e+01 1.800934590356276822e-08 1.421627848517286319e-09
1.319811538376074722e+01 7.350900359060348747e-09 8.484553171072758011e-10
1.517174896551130381e+01 2.042027233214811079e-09 1.256747784298628063e-10
1.707574286219070459e+01 7.848642522444039698e-10 4.850887922735717147e-11
1.895871702657336400e+01 3.210224069440028648e-10 2.353152323197022262e-11
2.085014691421802979e+01 1.322641143751962793e-10 6.979800491176146228e-12
2.267329756562793008e+01 6.664892589702449006e-11 4.213978001596741956e-12
2.460220417755922995e+01 3.258519104401102679e-11 2.120655475807738421e-12
2.648315985074243173e+01 1.493546898950583483e-11 1.262669998601754886e-12
2.827497533628384829e+01 6.358476852020847456e-12 4.117250602430288440e-13
3.027750310739975603e+01 3.434164831553205459e-12 2.002767630441038771e-13
3.208114074316920039e+01 1.646727660992489441e-12 1.679519024069646114e-13
3.399847569244416690e+01 7.363616562238819655e-13 5.255755570662270228e-14
3.582791723308390175e+01 7.016031859924189874e-13 1.809275952384038151e-13
3.767856420501194492e+01 1.792430824370424110e-13 1.233451739904989630e-14
3.955562088168641566e+01 1.013296917828613792e-13 7.655673048979714380e-15
4.150862906989810597e+01 5.009276665132222858e-14 3.511437401072976452e-15
4.328718594806359476e+01 2.553417881400640654e-14 2.289835013636940120e-15
4.518305512137432345e+01 1.359164741528586067e-14 1.374369367809904008e-15
4.715614675322105143e+01 5.253501316097933878e-15 5.122494642534897718e-16
4.898169728997757488e+01 3.472899048626977204e-15 3.552052205701729641e-16
