5.684689907299532940e+00 1.354252675010070437e-06 8.732419096926506503e-08
7.654061316829270822e+00 2.294977068423060273e-07 1.986129049335218095e-08
9.529148461998220299e+00 5.854803289504871668e-08 1.046480761107316042e-08
1.147800113976490088e+01 1.643941290844969638e-08 1.268465461758967835e-09
1.331025261731237030e+01 4.983413030607780378e-09 3.299105339607742287e-10
1.517091959126737599e+01 1.803753215037434112e-09 9.201232754977178395e-11
1.709154838213248340e+01 7.422443001063336942e-10 4.313006538083784693e-11
1.900773716952373604e+01 3.582793631430902033e-10 3.006819610857031657e-11
2.080741803956490799e+01 1.323821796848182121e-10 6.708418950853872136e-12
2.272205066793185324e+01 6.321096567520321171e-11 4.021945827383898837e-12
2.452969904516655575e+01 2.785987378920237150e-11 1.686104654703811943e-12
2.645841029849265880e+01 1.398530590147052797e-11 1.238766987509372283e-12
2.830204355490646151e+01 7.374989043361604689e-12 1.019298412668361346e-12
3.021242608495267490e+01 2.771232578066569737e-12 1.625968605046014224e-13
3.205534308722737080e+01 1.502776655482119789e-12 1.095920643784711124e-13
3.402118700590342115e+01 7.593302830213305590e-13 5.930452485163125217e-14
3.576024919665235302e+01 3.900329651361043002e-13 3.504848747016764452e-14
3.776122346632901383e+01 2.013924691625802609e-13 2.775735712309183855e-14
3.925192193627604098e+01 2.329514830195925521e-13 1.126115335421519093e-13
4.146195099948189977e+01 5.664045596557020257e-14 7.214799702743767551e-15
4.337011381404374788e+01 2.755837620746925714e-14 2.914541697843998096e-15
4.521829835747394810e+01 1.191393614212071961e-14 1.249717629156712578e-15
4.711912430503821270e+01 5.941362328264962310e-15 5.564869247001457438e-16
4.894582458774208078e+01 3.474538586204406512e-15 4.007595738562227398e-16
