5.227605527482189984e+00 2.823182038706345208e-06 2.737024136577243003e-07
5.765227080630641154e+00 1.296942111194283100e-06 1.520052828325773581e-07
6.204927121981564042e+00 8.568140440204357413e-07 1.086191230140967699e-07
6.728053853528297878e+00 5.277601982529713520e-07 7.263113187976054911e-08
7.251094699182177195e+00 2.523055168241128188e-07 1.886485795816760195e-08
7.727901688416413784e+00 1.742912179061439373e-07 1.375722006204446957e-08
8.231303829543927364e+00 1.142744494121239423e-07 1.017780043764226440e-08
8.720040525169682866e+00 9.364315079637703023e-08 1.039474805359500109e-08
9.241838427966788672e+00 5.113853703871147050e-08 6.227287978623782812e-09
9.739906253525923319e+00 3.669812713804144868e-08 2.811046367239456643e-09
1.079916586512849008e+01 1.828768619923177149e-08 1.273605373158382335e-09
1.278988236757325936e+01 5.683373479418175822e-09 6.665782062300891782e-10
1.482667286773680893e+01 1.608274658304108049e-09 1.174566704713447071e-10
1.690219240922113997e+01 5.418904631235056052e-10 3.357229601444968930e-11
1.885402039553282805e+01 2.182255004807163416e-10 1.696623508770075993e-11
