5.664595787558379669e+00 2.394588220506498126e-06 2.705628667503232012e-07
7.657026970837685020e+00 3.690033156335378065e-07 3.049517675950534619e-08
9.520114631726832144e+00 7.243012206348570164e-08 3.758983083317473865e-09
1.142318278358323269e+01 2.459563793163002945e-08 1.778667038221021398e-09
1.333917025738002060e+01 6.720410538635766879e-09 4.136934868334276399e-10
1.521466736319373148e+01 2.166622665500173257e-09 1.319378558391640247e-10
1.717698616014423862e+01 9.714617897522734535e-10 9.366310797422091661e-11
1.898147415304920216e+01 3.582504504999433272e-10 1.786262113261030430e-11
2.085620432179420192e+01 1.839820280895905381e-10 2.005647334480227933e-11
2.271453001158908336e+01 9.603196486080165266e-11 1.004225733475700905e-11
2.462633469329936631e+01 4.055602040360491462e-11 2.956372338990041867e-12
2.654959157994634467e+01 1.778597320107450057e-11 1.681507181862322629e-12
2.832811638159099488e+01 9.079281322840023434e-12 1.135556946004277915e-12
3.019142482602978816e+01 4.029202029120631114e-12 3.260486186528003907e-13
3.192123163647374895e+01 3.081744369008914449e-12 8.639663651971468112e-13
3.387497980940516129e+01 1.164352868664247888e-12 1.567107339082998825e-13
3.579687183191018818e+01 4.974027593720737259e-13 5.056787542504438688e-14
3.766317825143507747e+01 2.184867800087017140e-13 1.706629730606230548e-14
3.959903428653191071e+01 1.034559355150311432e-13 9.207409394508572366e-15
4.154301365541642355e+01 7.379451738600805101e-14 8.012757597937243219e-15
4.336256412066095578e+01 3.107292139124714472e-14 3.024089760524049611e-15
4.518054310336317769e+01 1.534564301723056896e-14 1.502063709924054111e-15
4.703116957537922360e+01 7.357300038981425809e-15 7.334590784853589179e-16
4.900948205675656055e+01 4.010523379226236038e-15 4.786135226929345296e-16
