5.720501537738869935e+00 1.064361616049362561e-06 7.243349302376008065e-08
7.587274183432573871e+00 1.833060838902905199e-07 1.506751117937943225e-08
9.531950056799624704e+00 4.201694261387282129e-08 3.130777419095694207e-09
1.143505405666328301e+01 1.170323590670746339e-08 6.908618848035544809e-10
1.337836064609990316e+01 4.237432099001598547e-09 6.610589586474478322e-10
1.523850732401746555e+01 1.550889202384066627e-09 1.712905036014716873e-10
1.705489297585933528e+01 5.302685037748564142e-10 4.255926435848467249e-11
1.893244174376776812e+01 2.175149122633227622e-10 2.023921058017023434e-11
2.082951297399281643e+01 9.092691060645338837e-11 5.915212626208681820e-12
2.273829934801227282e+01 3.934085995924697817e-11 2.597334154822108121e-12
2.433969280636327071e+01 2.603880302254286424e-11 8.103449607690643023e-12
2.647770856371948511e+01 9.200540020506903856e-12 1.123527842207780643e-12
2.833076448820943227e+01 4.026638433698150074e-12 3.799801748742304418e-13
3.026512708301257959e+01 2.314290018047478129e-12 2.556330531157052624e-13
3.219563937757428107e+01 1.027210182826973517e-12 1.615460872192713301e-13
3.387438104552740015e+01 5.493015633206945202e-13 5.575670698358011911e-14
3.582144436143182276e+01 2.727391091745742465e-13 2.246273081053176356e-14
3.769183198055116435e+01 1.339154929524155025e-13 2.571712093218707180e-14
3.948456459248718886e+01 6.244720330862855756e-14 7.758886101644585715e-15
4.161736872190101622e+01 3.457586745613644837e-14 5.259945996597993701e-15
4.335762406425485693e+01 2.427447882901055088e-14 6.247142462314759615e-15
4.521304736401361879e+01 7.921535235737179278e-15 8.042305296885646743e-16
4.706546245753383317e+01 4.315368990843945420e-15 5.706759647440965524e-16
4.887038130317425555e+01 2.598782585022508494e-15 4.549074770633124291e-16
