5.223659000491439386e+00 2.135710370825266182e-06 2.466916132363658364e-07
5.799448702349678797e+00 1.751557552707223022e-06 5.165212828025674901e-07
6.227316892015489991e+00 9.008986725549678085e-07 1.507488648160502077e-07
6.707034435816178863e+00 4.586391835695774425e-07 7.743952943854687078e-08
7.254697390913681154e+00 6.152090561607443852e-07 3.890658710270294895e-07
7.775334872239762163e+00 1.982066078969095821e-07 4.659263125049806675e-08
8.245623917702690875e+00 1.141030176761020772e-07 1.219948400301904812e-08
8.721498213914841813e+00 7.475212610193190557e-08 9.182055933678675564e-09
9.262053248721269227e+00 4.416160057476898331e-08 4.580321398193530383e-09
9.762633129276689914e+00 3.312150796744328189e-08 4.119656412665693906e-09
1.074803521212094815e+01 1.886788155633995731e-08 1.548524050955818978e-09
1.282293995813531140e+01 4.915966486387398908e-09 3.307301962835670667e-10
1.488594579407063456e+01 1.482023379462435357e-09 7.934725778300424594e-11
1.689997335379337429e+01 5.475143993658304659e-10 3.186793020155977467e-11
1.877782569763327913e+01 2.579771180490204042e-10 2.205044056201579826e-11
