5.265616657863228411e+00 6.150746048845191075e-06 4.364793106050912922e-06
7.600556339960542473e+00 1.764435307726190421e-07 1.819080962080890233e-08
9.515877723633774821e+00 3.277494076728733114e-08 2.354149668638241262e-09
1.147505399422382588e+01 1.026774515075045500e-08 1.130651028080980328e-09
1.328418005733469087e+01 2.943515794206622711e-09 2.629087969200718350e-10
1.515657308899066003e+01 1.225129723795361574e-09 1.140061346776073909e-10
1.707020734392646233e+01 4.695466789824145010e-10 4.486832339817986413e-11
1.894219657722385008e+01 1.703468940942386601e-10 1.958724453338943565e-11
2.085520092594928343e+01 7.363816268281721591e-11 5.877575073396202681e-12
2.273475542109539305e+01 3.365998921895104083e-11 3.150256070061740330e-12
2.460991032299091685e+01 1.269685901532055131e-11 9.423869242396681706e-13
2.646175104188617411e+01 7.130962216258781208e-12 1.182633198910409273e-12
2.836369081791876923e+01 2.964010855377260536e-12 2.991753513137139056e-13
3.022977302368636643e+01 1.302350786917855538e-12 1.041748325443847448e-13
3.217250442382856335e+01 7.262701228591764675e-13 7.256345538151936031e-14
3.385827254792906160e+01 3.984917923649774731e-13 5.209185278887499412e-14
3.595682538750869384e+01 1.711725811294271594e-13 2.726848969961865274e-14
3.779173188263047933e+01 1.041237980784586667e-13 2.529428542327073121e-14
3.965574154333392443e+01 4.257078670108601126e-14 5.833171631761700527e-15
4.153888790150284649e+01 2.285189347816966759e-14 2.619622771562846310e-15
4.338451029165904060e+01 1.492826740563471548e-14 2.469069852749233239e-15
4.533809976459922808e+01 5.547808987859774511e-15 1.116544677489417570e-15
4.699213445601519368e+01 3.395368030717610741e-15 1.006318641224199711e-15
4.897478122937429390e+01 2.506251912157278296e-15 9.620459498779883263e-16
