5.270021044106776742e+00 4.380204639117477118e-06 6.435318704513806282e-07
5.753317420520741798e+00 2.070208595617070747e-06 1.969403164724543813e-07
6.205562121014803090e+00 1.340194921555515966e-06 1.385111176538790641e-07
6.730607216060414011e+00 8.683589331056083017e-07 1.125487487893973017e-07
7.250627219564829140e+00 4.967575985795015924e-07 5.649716249185596362e-08
7.737611049095894700e+00 3.028752249351339650e-07 4.956412186641177252e-08
8.238761836748288658e+00 1.629164985885317079e-07 1.206754683863447840e-08
8.747791104296979370e+00 1.127930362431567236e-07 8.695720798666555985e-09
9.262548605674711055e+00 8.738789192806711005e-08 8.331651972155478983e-09
9.747032119270340189e+00 5.957326222001202789e-08 5.901860486271032615e-09
1.078139789507318547e+01 2.969761262854741699e-08 1.798765096633438055e-09
1.295415517979065356e+01 6.878718038942509514e-09 3.514030652325286400e-10
1.479916007609960005e+01 2.742864330247536934e-09 1.806481253833768505e-10
1.681616990124748057e+01 1.045338289777969487e-09 9.113366343380587763e-11
1.885968910634118245e+01 3.573961651312483384e-10 2.352352563127496823e-11
