5.220877933758771405e+00 3.621996845197731898e-06 6.927345380037029969e-07
5.692469212294318126e+00 2.356421495814022958e-06 6.190904479580321685e-07
6.228256010688013156e+00 8.354927588079775002e-07 6.520909490705609276e-08
6.739377458264758758e+00 6.816722460080955009e-07 9.831879160179565845e-08
7.237700920974234009e+00 4.772932188646274439e-07 7.957185895634844573e-08
7.730774797015334876e+00 2.797042250225849921e-07 4.505679570598363310e-08
8.252640910547283326e+00 1.510806423217721198e-07 1.273475990914939920e-08
8.734754534976952201e+00 9.489341318979130163e-08 9.673765652926541889e-09
9.253966676212188602e+00 6.390522387537431607e-08 7.247159288428952370e-09
9.712545638770308187e+00 5.974356054959342438e-08 7.498438054842260927e-09
1.079419759525652012e+01 2.381537250800427255e-08 1.574735370529812424e-09
1.279599754272131484e+01 6.774421716318572373e-09 6.502236859729021575e-10
1.493540876734052070e+01 1.904511968827883790e-09 1.431575797467201386e-10
1.675670213414359466e+01 8.622418622400948745e-10 1.107440679637418492e-10
1.891266673274254018e+01 2.295600596785075332e-10 1.702230485231504332e-11
