5.740536132018434046e+00 1.369960231382540895e-06 1.594265518925359290e-07
7.517313380563225955e+00 2.782568106749575427e-07 1.010800682398439942e-07
9.615025674177946513e+00 3.937934513531850840e-08 2.606751772083899310e-09
1.140039722535409616e+01 1.110225299397009024e-08 6.044696871377935184e-10
1.324679846937086403e+01 3.725369729863630349e-09 2.694777011820576647e-10
1.521311096318250300e+01 1.293072269895234827e-09 7.381558590184379666e-11
1.714368792250838780e+01 4.996700647133959511e-10 3.069439371205603399e-11
1.886247566230986905e+01 2.451796767934196177e-10 2.293071935382828748e-11
2.092091943943142596e+01 9.828320634011499127e-11 1.066959802393857881e-11
2.284638660808826316e+01 4.018853956190487149e-11 2.659335918944169463e-12
2.458290192944162555e+01 2.087483796879755095e-11 2.061359695025456805e-12
2.637732071911021947e+01 1.077353988551094455e-11 1.522930969850179707e-12
2.835598900655369192e+01 6.515421961081909145e-12 1.326356533341660507e-12
3.024072320846452300e+01 1.656981336701019903e-12 9.623100150419962734e-14
3.212626391570787376e+01 9.901216805369933209e-13 7.008450934607091132e-14
3.398712885116717786e+01 4.837247100563957599e-13 4.087291413401242840e-14
3.591736353126484005e+01 2.397453748869112929e-13 1.788115079222789281e-14
3.768760583700486677e+01 1.268221201054031319e-13 1.123728795434547855e-14
3.949561105515405046e+01 7.535036819864100610e-14 7.942751814504498722e-15
4.142528465047527675e+01 3.668938142238667693e-14 3.220865030943841230e-15
4.335974812729114092e+01 1.678092512740857418e-14 1.645602007386980481e-15
4.524963615029096076e+01 9.294821109681672963e-15 1.222612163938674787e-15
4.703298784720465875e+01 4.190107666818965127e-15 5.057973209901746034e-16
4.910278746152135909e+01 1.937095993073130120e-15 2.993458385829449305e-16
