5.247676291889386668e+00 3.843330006913435156e-06 8.152968684321764548e-07
5.743766733185949214e+00 1.368206592768608145e-06 1.829826417806951924e-07
6.219538445601387799e+00 8.459675774672904443e-07 1.404080124645117429e-07
6.713897673837273317e+00 3.897253757836051493e-07 7.116176853378731664e-08
7.213347339001591862e+00 2.053658679585806828e-07 1.766558481340974668e-08
7.723722437796048723e+00 1.616304932515655167e-07 1.614307183667409876e-08
8.225793573981592388e+00 1.158371090067727351e-07 1.325546235895066123e-08
8.719591329373832522e+00 9.656722232223766233e-08 3.766813945989106428e-08
9.259621787906443302e+00 3.686294868799140791e-08 4.400600110016335739e-09
9.757905865299846937e+00 3.804108939044426565e-08 5.407201131809633748e-09
1.075561611469353451e+01 1.305606899305738385e-08 7.304447515306403140e-10
1.283292614231346462e+01 4.186000560768594132e-09 3.272437361125060603e-10
1.478090477636128597e+01 1.598869271151856175e-09 1.933886587175886468e-10
1.688009447453498169e+01 4.070050652924717936e-10 3.092135224111050826e-11
1.875960295312370008e+01 1.782395435527072714e-10 1.670842042243586435e-11
