5.221566181499095904e+00 2.910675656935448926e-06 6.273865063974850200e-07
5.711638144588910393e+00 1.288443177104906988e-06 1.465672574074416385e-07
6.291498012250731797e+00 1.077232821356462786e-06 4.893108195811502433e-07
6.701885028542712064e+00 4.673102844926981459e-07 6.837740686378530795e-08
7.176785982777332151e+00 6.975322776411124361e-07 4.284117236852190679e-07
7.747486722153117178e+00 1.568202082851740871e-07 1.386696394236134467e-08
8.251466065659551319e+00 1.353742670780956643e-07 3.763959363120771898e-08
8.659937810246725931e+00 1.005781283120602688e-07 3.530310334068589425e-08
9.239340803311378636e+00 5.590978906019312380e-08 6.397986798107221709e-09
9.707346628881454720e+00 3.251810047656424049e-08 3.788271273052467543e-09
1.081231958367896873e+01 1.961856571495400012e-08 1.709825182949405648e-09
1.283935821329049709e+01 4.348394422979263812e-09 2.316144666739164996e-10
1.488878026479812355e+01 1.410562593618217552e-09 7.396413697524057081e-11
1.679213616254277852e+01 5.486130283878660194e-10 3.813235030567287386e-11
1.884437370143362145e+01 2.112923374349847640e-10 1.660155740937427340e-11
