5.714122957924971935e+00 2.562748248498577720e-06 1.327773462048981529e-07
7.573075581240235721e+00 3.904529658814849150e-07 3.466291222828001398e-08
9.548396557413910912e+00 7.923664311596755751e-08 4.242803603422421507e-09
1.141198126187331852e+01 2.097357225269263820e-08 1.115698273511448630e-09
1.326656085932540208e+01 7.058819554962145748e-09 6.568779690606877807e-10
1.519484726980932443e+01 2.507869809512372197e-09 1.675375370572732526e-10
1.708998782123379101e+01 1.076583556524071629e-09 6.678402954330250828e-11
1.897923816435465127e+01 4.307993177082746285e-10 2.943894875876401047e-11
2.084513507457383241e+01 1.966079997758966248e-10 1.630001112597463886e-11
2.270402798316642290e+01 8.858884370465629267e-11 1.274485281739566903e-11
2.456181560861421431e+01 3.726499545126841911e-11 2.797693600384730291e-12
2.656491713133283028e+01 1.855238457606606211e-11 1.773672991386460814e-12
2.842281159244967270e+01 9.521114878739528045e-12 1.194671497210873450e-12
3.022373555938693102e+01 3.675928317422023835e-12 2.539842628395812503e-13
3.207349356119058115e+01 1.847769587629061255e-12 1.256243959172233637e-13
3.401796836212354691e+01 1.314144413848355103e-12 2.483003145869967701e-13
3.586058172107740916e+01 4.546947198525682457e-13 3.724965126505646776e-14
3.767155374404653401e+01 2.573009353196554141e-13 3.112599074210434150e-14
3.960660004147113966e+01 1.434962062955046025e-13 1.364501865290000854e-14
4.145809171679366045e+01 6.413328329031499621e-14 4.833916187048745294e-15
4.329629952685821337e+01 2.722104823440668308e-14 2.343287824824245594e-15
4.519498273727978699e+01 1.548032210974807676e-14 1.454364478775197018e-15
4.702353623153808115e+01 7.954355365899756791e-15 7.684537287140733144e-16
4.937980061888153926e+01 2.325518940013913143e-14 1.936568850020409765e-14
