5.247401072956046519e+00 3.394765237370461808e-06 2.768872887527058715e-07
5.739425761089295364e+00 1.677876722850526436e-06 1.664456093946412178e-07
6.232916913371601808e+00 1.118614482184552162e-06 1.262769917447390085e-07
6.700714566637127056e+00 7.119705020091618888e-07 8.554065461844080447e-08
7.228497411648476145e+00 4.003220549122925083e-07 4.894407265925809879e-08
7.738499397980644012e+00 2.470763067348004001e-07 2.023483322978021793e-08
8.258003400243961067e+00 2.129469375739895911e-07 3.947225495243107593e-08
8.754624805647821972e+00 1.133877313803328807e-07 1.153051688976304668e-08
9.249317771087437023e+00 1.054773381899024912e-07 3.331676692131486940e-08
9.756518276306662685e+00 5.779363949182098083e-08 6.359615694542527306e-09
1.087184572546853722e+01 2.649116775788073348e-08 1.585269030141014512e-09
1.282423050642192308e+01 8.763812022799969209e-09 5.309538641285738721e-10
1.482750890270936850e+01 2.756575330513929473e-09 2.178348960112048024e-10
1.683959079138167780e+01 9.146713162980665886e-10 4.924517032318329899e-11
1.893358295626862997e+01 3.831802677870244520e-10 3.259671047869344971e-11
