5.875381180822555116e+00 6.521332130028067298e-06 3.909046954368468691e-06
7.667644233662129771e+00 3.470816676844417639e-07 1.610553398131279132e-08
9.465009987745608200e+00 9.871709360070086668e-08 1.045693204560515428e-08
1.140088080104065682e+01 2.568689238167123514e-08 1.644503847294664907e-09
1.326651618099841023e+01 8.502913925239551056e-09 4.892576164203295463e-10
1.515824217475874036e+01 2.726200932019780009e-09 1.842954701014456453e-10
1.708510760404412565e+01 1.236792994952291355e-09 1.034292677035468978e-10
1.893853772982307859e+01 4.793329483893833403e-10 3.543386955784379841e-11
2.099145185245849277e+01 2.641399826706720770e-10 6.238237110650351118e-11
2.270744731443044273e+01 8.444400103893745678e-11 5.383765229100242874e-12
2.448574336807100948e+01 5.125146007617744096e-11 9.185258806880103114e-12
2.642436958879143560e+01 1.751858947629235871e-11 1.108341002387507874e-12
2.831281460780522607e+01 9.231021852116556710e-12 6.968298812016793060e-13
3.023357178656821986e+01 3.976257851077372287e-12 2.933637022754071460e-13
3.205072710806632585e+01 2.211239338689136146e-12 2.271245418697498488e-13
3.404365972129058093e+01 1.132003612625871896e-12 9.746442009961861236e-14
3.586886372314261706e+01 5.032961373050054769e-13 4.331996772970194602e-14
3.769607978533473869e+01 3.011030517323775169e-13 4.450031456792252364e-14
3.957422748388800926e+01 1.530490262943676501e-13 1.630188704984189340e-14
4.151991658826297993e+01 6.279618024798345014e-14 7.029037236253599405e-15
4.342554287995552187e+01 2.890802743330257896e-14 2.177461208587823673e-15
4.521369813340781008e+01 1.604840611234387605e-14 1.610530642964222598e-15
4.703383514522429465e+01 8.734051754519998330e-15 7.986991010075774288e-16
4.896367239281754991e+01 4.546506843346042249e-15 4.854874774038221641e-16
