5.646455898723563571e+00 1.020723459581989878e-06 2.015102937328504310e-07
7.578004289657892301e+00 1.511487196050908358e-07 1.849238932188927467e-08
9.517527470885649876e+00 2.536059109031357103e-08 1.708088412533696188e-09
1.143468339647068177e+01 6.948980694724805717e-09 4.435298545635956316e-10
1.333591726205298400e+01 2.339565883178731293e-09 1.537975361569491209e-10
1.519974890987423244e+01 1.005503419772649436e-09 1.079064389777070413e-10
1.702210465145022056e+01 3.984734914508845202e-10 4.004024059285083446e-11
1.881149044196419240e+01 1.549417174589063744e-10 1.960642303914014175e-11
2.084846955448058026e+01 6.910289050977357564e-11 1.032696301509520079e-11
2.275862397542113058e+01 2.504644342449680722e-11 2.184537121928380568e-12
2.448998487468773888e+01 1.528793848245590182e-11 2.529657243793900118e-12
2.648649718894060712e+01 5.595433563249811513e-12 4.876380313366955405e-13
2.860523434102231377e+01 3.380911304295689399e-12 9.528280118591894337e-13
3.004478843200932303e+01 2.512877062634537627e-12 9.144162300005199565e-13
3.212469780430924260e+01 7.196242711198049615e-13 8.564933025086478610e-14
3.392026312920999942e+01 3.208049913630757409e-13 4.300646992423738458e-14
3.596033419371303808e+01 1.447241915763394017e-13 1.630964183238526153e-14
3.769519031872127357e+01 6.762909533701069683e-14 5.594156519318707383e-15
3.968578204731055337e+01 4.098360310143565490e-14 5.963982298787321908e-15
4.141601373450138368e+01 1.852228730289454953e-14 2.204486740985222435e-15
4.330185279282896005e+01 9.891996220882384801e-15 1.643191742429042815e-15
4.522411979741966093e+01 3.328510816550925759e-15 4.854838119158938158e-16
4.707704830301279486e+01 3.233138542849821730e-15 5.155062725341729116e-16
4.892525234588112681e+01 1.267601683061838393e-15 2.150596095289400765e-16
