5.633493482391869200e+00 1.942842143330740469e-06 2.413468446842603864e-07
7.550480328843621969e+00 2.958995958672792674e-07 2.680538903447355843e-08
9.560252592375269032e+00 5.728080725077380179e-08 3.564757588443540790e-09
1.141875811290973353e+01 1.569282417039810152e-08 1.161522474718132519e-09
1.328298216186205671e+01 4.752544783496896530e-09 3.037578936132101700e-10
1.526060722153142990e+01 1.812474138093464994e-09 1.679334539393884947e-10
1.698876637365939146e+01 7.187200068911025883e-10 8.639993602841792768e-11
1.898567317959455991e+01 2.247218800105897731e-10 1.778759565028233089e-11
2.083004142345648901e+01 1.178885199522943661e-10 1.438061932488039100e-11
2.272823230598942956e+01 5.042014842069653115e-11 3.918324777016398286e-12
2.457835594998228501e+01 2.303631440206773235e-11 2.163298875511324884e-12
2.646634222118756341e+01 1.327266051706284014e-11 1.842256507432081556e-12
2.833294060700482575e+01 4.678064384996467264e-12 4.011195341810695098e-13
3.027027056442895159e+01 2.030467722912249681e-12 1.406542587385279340e-13
3.213907986310282183e+01 1.283493272182440968e-12 1.132925186100983633e-13
3.398948374245988902e+01 5.590110076957187827e-13 5.441994685827592564e-14
3.587814848580466531e+01 3.064480542632102253e-13 4.006669851549626165e-14
3.772093568860416468e+01 1.646669382884053786e-13 1.488828991138666641e-14
3.963015607670637763e+01 8.100159963323867113e-14 1.223764985488791036e-14
4.146700081435688645e+01 3.278887144898037953e-14 3.411403128890428487e-15
4.342395929177402536e+01 1.849195942718418085e-14 1.997278834535871515e-15
4.527935515197148675e+01 9.652317726338533112e-15 1.321452748751145923e-15
4.715522779938270048e+01 4.696904029015535041e-15 6.104308386433680819e-16
4.892334531709904866e+01 2.455204526813732538e-15 3.487261447658740730e-16
