5.585101777311460403e+00 2.086976294913539718e-06 2.845811947366648864e-07
7.648049473380405416e+00 2.073075949876591857e-07 1.968535154686515023e-08
9.421528330948161667e+00 5.604687251358459489e-08 9.145169778855630385e-09
1.139485688099600402e+01 1.334696646781589418e-08 1.285631218568358697e-09
1.328509166469589431e+01 4.112228263034837654e-09 3.111792541120102336e-10
1.516792382540883644e+01 1.313360562302089671e-09 8.485863629869055641e-11
1.698603739452763151e+01 5.951519180425028567e-10 8.522882220759710906e-11
1.894562164978067287e+01 2.219216937362340778e-10 2.284024226898877239e-11
2.076043631975707626e+01 9.427685102237272280e-11 7.141988022678884768e-12
2.273110002615642600e+01 3.658828682252158794e-11 3.052272030911963070e-12
2.455029619558021281e+01 2.086001729511947269e-11 2.415617533396429231e-12
2.644082645928036257e+01 7.998902852644856497e-12 1.166416917997707940e-12
2.821462003757362424e+01 5.267108571634723665e-12 1.034975521230865246e-12
3.018756771547564099e+01 1.933572622279334010e-12 2.513276386072500636e-13
3.198438321262171158e+01 1.083591052802140595e-12 1.683286218727301635e-13
3.366936882669885733e+01 7.329117237583187386e-13 1.960159991118075421e-13
3.580005112804945355e+01 2.441778958666417647e-13 2.400004422998450541e-14
3.788989753368558411e+01 1.414710663109531153e-13 2.792555004542183818e-14
3.958998425042633329e+01 5.007258927991334751e-14 6.584188145133589398e-15
4.151399716330487877e+01 3.038102168776492639e-14 3.545778783642514373e-15
4.358495863046248786e+01 1.625335351096470183e-14 4.662145418947103675e-15
4.522140996061943952e+01 6.612175611583612328e-15 8.658641193743396053e-16
4.717642382794469569e+01 3.367102861396044880e-15 4.509662179224177585e-16
4.922543150019289016e+01 1.782469772594660146e-15 3.856512490855894528e-16
