5.547974000418940399e+00 1.796135063274190150e-06 2.607277537386795210e-07
7.648984696539162798e+00 2.147556673746194889e-07 1.868249552498890355e-08
9.527735623355782835e+00 5.483098141488403694e-08 3.709947046805719523e-09
1.145144310530990417e+01 1.289008185153980869e-08 7.017483204771720025e-10
1.335598237738181915e+01 3.926254532798751002e-09 2.563556816655402298e-10
1.512100401833832919e+01 1.743479472666409857e-09 1.674197383867257217e-10
1.697649199786197727e+01 7.129769549113649442e-10 8.702220255447182278e-11
1.896331622663269201e+01 2.363828589919622777e-10 1.788361100670083277e-11
2.073126472275063392e+01 1.177252790119444739e-10 1.147217796809392535e-11
2.270521096368389635e+01 4.811724914671825895e-11 3.833389553743327334e-12
2.461183669987079625e+01 2.057703965451855521e-11 1.828451798056495306e-12
2.646944665327026769e+01 1.039483171032773266e-11 1.752997916396179123e-12
2.829504603849423816e+01 5.796322567286316581e-12 5.217961983435259763e-13
3.026870854528542409e+01 2.298011434314206203e-12 2.442074813704557397e-13
3.209717839519451843e+01 1.115659051144957889e-12 1.571756555823440861e-13
3.391936288790278553e+01 5.473385516939662727e-13 5.444619708312293074e-14
3.566023412920383606e+01 3.950802679468286000e-13 1.270056131489469172e-13
3.777543597756561411e+01 1.582531098668737675e-13 2.680105046254248631e-14
3.955878145740485508e+01 6.017336092675286853e-14 4.956373778512961520e-15
4.154848281394333753e+01 3.465726641767454914e-14 5.266172377540058459e-15
4.331221581042481006e+01 1.732245815221925801e-14 1.908486351693346970e-15
4.514976206539004266e+01 8.760731584710649349e-15 1.273457891503586609e-15
4.702729796576301879e+01 4.072582075174126081e-15 5.680398717877425965e-16
4.904014149601195527e+01 1.971532281798475753e-15 2.688219115706582504e-16
