5.589214592896882827e+00 1.695017978150726407e-06 2.154833622861221321e-07
7.728435047687019832e+00 1.625237342530290912e-07 1.350382221285902812e-08
9.576793858242163893e+00 3.237887132007310785e-08 2.033539338935184405e-09
1.139374836387631085e+01 8.942224436672814558e-09 5.743171746287218091e-10
1.329139624111938112e+01 3.161197553919844983e-09 2.662564802503764599e-10
1.503338781861528517e+01 1.408451007324309135e-09 1.823622427395640323e-10
1.710334536969286390e+01 3.631117368526048560e-10 2.764989609043251331e-11
1.882206838991471187e+01 1.741506672059867309e-10 1.743662274615229551e-11
2.082732949620153562e+01 6.587245156424826620e-11 5.102825647905470334e-12
2.264857751018040943e+01 2.963506796830683021e-11 2.800789957941905046e-12
2.452041120758598325e+01 1.948780883208907322e-11 2.854187532925152587e-12
2.641779639797529455e+01 6.081702168373722956e-12 5.391042278657277618e-13
2.835501950756430034e+01 2.973379043604615386e-12 3.448570229319242763e-13
3.032120830942886158e+01 1.531904274249350971e-12 2.007311633518756278e-13
3.208247974879825648e+01 7.860435950595930178e-13 8.235578433381037064e-14
3.402220160786569636e+01 3.415594298921469621e-13 4.572714419563504427e-14
3.583728703402858429e+01 1.898057037937589599e-13 3.015291989056972729e-14
3.768641633083542075e+01 8.379339779841715609e-14 8.238129285139882144e-15
3.974199123639315445e+01 4.040149612439445279e-14 6.163905896274287604e-15
4.141676766035798352e+01 1.816470878153050011e-14 1.858384759236745881e-15
4.337634430701826460e+01 1.198575063690392392e-14 1.845879188758535749e-15
4.511002072988235057e+01 8.212210216076725067e-15 1.683406586944457031e-15
4.708635541539215552e+01 3.897403269791572681e-15 6.126498277724802848e-16
4.914061519636039321e+01 1.716145832872745505e-15 3.977136854921695644e-16
