5.648571585642086390e+00 1.488194660197327869e-06 1.934797826894681557e-07
7.640881984753053580e+00 2.041802577394521381e-07 2.017304050432974396e-08
9.569858510181182609e+00 4.455056436852965532e-08 2.923646985412907925e-09
1.148594503972340775e+01 1.182278523084485242e-08 9.660746090428267298e-10
1.327134814176744015e+01 3.311686810224600860e-09 2.641767242700968119e-10
1.515742045398166304e+01 1.371890435421432060e-09 1.229771287919587398e-10
1.701767042244803463e+01 5.868357566942252543e-10 8.937009328150492288e-11
1.874493905777681491e+01 2.601222997138751101e-10 7.339643721888516490e-11
2.077994428128543447e+01 8.144340918411660284e-11 6.122092978744093617e-12
2.270531393663701181e+01 3.453615438654511987e-11 3.333616834212801894e-12
2.457174464009443327e+01 1.484805907015378539e-11 1.117548710295991478e-12
2.656065407434980585e+01 7.398825996338674852e-12 1.139123094487472174e-12
2.837799386604233121e+01 3.392576686022538070e-12 2.842930799165539594e-13
2.994617295162385417e+01 2.602869312727646125e-12 9.191788266269853590e-13
3.198778652282369706e+01 9.661018973917718764e-13 1.831412475547323392e-13
3.410278398554653734e+01 5.326239474701378339e-13 1.562897854636838730e-13
3.585726693124400555e+01 3.683009700887505327e-13 1.448359985026155368e-13
3.774538914318807770e+01 1.006837042367245820e-13 1.250354208101107204e-14
3.965855745081374550e+01 4.876303990607444716e-14 8.030967575124286674e-15
4.122909490917615472e+01 5.252712193307588574e-14 2.548268207356459163e-14
4.322052576042899830e+01 1.147432010117878285e-14 1.545237321626798947e-15
4.514161830088894334e+01 6.406229551172980996e-15 8.009814406985674800e-16
4.724464332265169020e+01 3.094449353234941613e-15 4.572605281398799506e-16
4.900657406672803518e+01 1.778927166276044848e-15 3.728240635697466830e-16
