5.211928257897402439e+00 2.523274482178707879e-06 2.524717075565403329e-07
5.760275352170181051e+00 1.382101069090987467e-06 1.735797972012553472e-07
6.262077341696605792e+00 8.796874843974921702e-07 1.218803361268746082e-07
6.776641274357207756e+00 4.750839586987999059e-07 7.921373252738755921e-08
7.243943909878225007e+00 3.013408320295070521e-07 2.178720680953878367e-08
7.732038135449719185e+00 1.977758907314128523e-07 1.534553469792150967e-08
8.236501097779855840e+00 1.229324343689418410e-07 1.131544647243900949e-08
8.702862547149159411e+00 1.392747391378910487e-07 4.300518106629466986e-08
9.298985659808481685e+00 9.972369695376715454e-08 3.972834202259107011e-08
9.734325845765738450e+00 4.345371539426069514e-08 3.032345446541360550e-09
1.084123655388023444e+01 2.249588699494638516e-08 1.199820962791126419e-09
1.279039884862351961e+01 7.162423436397929718e-09 7.400589075056088735e-10
1.483661648262842725e+01 2.172659830356203503e-09 1.285214303607654384e-10
1.689470288299637346e+01 8.120571644120397847e-10 4.500572801360364835e-11
1.894066747164997722e+01 3.623040842061938808e-10 2.850096541557595962e-11
