5.659788321481170392e+00 2.647123952725245801e-06 1.764968907169487706e-07
7.527616385460273563e+00 4.912319994003543419e-07 4.265756767734086948e-08
9.449873652114298750e+00 7.968183076984336796e-08 3.854051826142671957e-09
1.141997738982632526e+01 2.106758945646687101e-08 1.089437989161923200e-09
1.329519493363629223e+01 7.398111650768306357e-09 4.612022709453357112e-10
1.515921853076634029e+01 2.781858173821194406e-09 2.041451201310911841e-10
1.705507245531615368e+01 8.978830615707638592e-10 5.322972830568775997e-11
1.897498347330278889e+01 3.715434593786046542e-10 2.649861608058000106e-11
2.087853194379165345e+01 1.525556179312487330e-10 8.269181787918352181e-12
2.273801474955716273e+01 6.583933661910153955e-11 4.402411393326077424e-12
2.455811190759684237e+01 4.421684666672846514e-11 8.455186518569375190e-12
2.646643525109397288e+01 1.824157871978087402e-11 1.942183191551157371e-12
2.820671273446522065e+01 9.849505379512581907e-12 1.437245273253449595e-12
3.020858247897565008e+01 3.420489946462039943e-12 2.046919016009798235e-13
3.204983442823079542e+01 2.407580818646189635e-12 3.364131502760696394e-13
3.401126359800259280e+01 9.181635668146710447e-13 8.137759632521946339e-14
3.587782297602862513e+01 4.089091072123406428e-13 2.964306219045397971e-14
3.768352158752502845e+01 2.268076893175421877e-13 1.836325465517499016e-14
3.967696271632894423e+01 1.024386714626834897e-13 9.285907723442124224e-15
4.142428783573123496e+01 5.029064387824422632e-14 3.766620616029573473e-15
4.350692974072825336e+01 3.293733757640608158e-14 6.724299338734716164e-15
4.519357347136748615e+01 1.796397478862773763e-14 4.436372895581091721e-15
4.698705893955967383e+01 6.687686091972363209e-15 7.262224145585625629e-16
4.904414296025194631e+01 5.203875463315772988e-15 1.081919165354017887e-15
