5.645790554847133436e+00 1.337123921027125099e-06 1.628805548902562292e-07
7.648815120900524178e+00 1.664063118139233073e-07 7.474026844742890754e-09
9.524045297782729236e+00 4.607269894594505560e-08 3.361825265440782278e-09
1.142956681915257811e+01 1.606552237534503119e-08 1.786446283299507391e-09
1.331822386442870432e+01 4.264772398314511025e-09 3.119228085022329576e-10
1.514383512683165378e+01 1.534645265987149454e-09 1.478191210855223486e-10
1.711446703432525496e+01 5.338777991868007485e-10 3.814327936103675895e-11
1.897634810892619939e+01 2.370816616218918776e-10 2.064743219459125526e-11
2.083234169143658221e+01 9.741094065783239359e-11 5.763508372999482082e-12
2.268523299228034773e+01 4.939542754118558024e-11 3.768072516961257628e-12
2.456587083088203372e+01 2.026022503734200604e-11 1.807714236174523243e-12
2.644514301520906940e+01 1.091295306062015210e-11 1.190258148376706275e-12
2.829870898467387974e+01 6.272886828196543074e-12 1.013693799403667268e-12
3.023173852196987355e+01 2.453426639036693223e-12 2.484058464749387460e-13
3.211239269018845022e+01 1.307210593492847784e-12 1.611816396957886367e-13
3.402034884499131095e+01 5.127536199050381518e-13 4.436645816654209749e-14
3.567400914695975445e+01 3.695983738614246420e-13 1.250003455080023959e-13
3.773293510161905573e+01 1.476371879336448994e-13 1.329314246860485693e-14
3.963967925074672394e+01 7.824062596765844844e-14 1.052287925716876525e-14
4.143885766867020237e+01 3.481192137028590056e-14 3.361572784631231394e-15
4.332591129542318953e+01 1.905059914582698195e-14 1.757864521069574994e-15
4.515640114903998636e+01 8.147886489635668332e-15 7.946274288578247882e-16
4.713668456745692481e+01 4.003623146839211440e-15 4.397808817229613172e-16
4.889139861748535765e+01 2.301342467993783134e-15 3.342832431314629287e-16
