5.704976428157108259e+00 6.639505196389214945e-07 6.140135735816446021e-08
7.635206435184309193e+00 1.102601137412589228e-07 1.494730450903293560e-08
9.539223687460568257e+00 2.497299042390395627e-08 1.942085630127021476e-09
1.138072190878594547e+01 6.312860556725454241e-09 4.708245466464212371e-10
1.330262949533902095e+01 2.031927663522990716e-09 1.427852072449502656e-10
1.534369664230241170e+01 1.017717443813265243e-09 1.390313914986925528e-10
1.709990341079517506e+01 3.292005347388031068e-10 2.630111372378132842e-11
1.901552507591501495e+01 1.464693981488086685e-10 1.642356709181935581e-11
2.079099627157831520e+01 5.518947802869196283e-11 4.392204568053924503e-12
2.273761373371866412e+01 2.435327470744417191e-11 2.055585813210468311e-12
2.461384399224663966e+01 1.110365114091526123e-11 8.050932515235643142e-13
2.643261147235314823e+01 4.612722757842659867e-12 3.024516872821245479e-13
2.824914600854073043e+01 2.686267973008882224e-12 2.822090043967553014e-13
3.034950623405786274e+01 1.398559792975277635e-12 1.804737651837916005e-13
3.213650659617366756e+01 6.381398450855705989e-13 6.287769072217824555e-14
3.391476083989582690e+01 3.234352256981384208e-13 3.660971445501837398e-14
3.578772227975739639e+01 1.836289609149476931e-13 3.132974692608007807e-14
3.777325826398268305e+01 7.181934440248170120e-14 6.903150134462742475e-15
3.969181552707413374e+01 4.685960727343531086e-14 6.158295319457127970e-15
4.142187934971842367e+01 1.873106866511684167e-14 2.185772956027161464e-15
4.323998664035853778e+01 1.108829818892323038e-14 1.632120132780299200e-15
4.532280683253861753e+01 8.455446496969640141e-15 1.682167454821046256e-15
4.686102143608746928e+01 3.444051199950423844e-15 9.652515534748097904e-16
4.903985856214872996e+01 1.606455199298976344e-15 2.897909449338961174e-16
