5.668570526443384772e+00 1.039285945867496091e-06 9.021338937686421183e-08
7.695485757090448686e+00 1.436120880142753679e-07 2.147768844920455626e-08
9.434578331423828956e+00 2.844902586511159186e-08 2.221503780589983383e-09
1.144900270703657341e+01 6.562137080816050552e-09 4.557551185794676498e-10
1.329377965510552251e+01 2.177479362973755924e-09 1.972060528360975732e-10
1.519314169756345656e+01 8.867145204975880212e-10 1.167901742036006091e-10
1.726549241487245823e+01 3.365896511928186538e-10 3.622867735394104504e-11
1.892884069599633534e+01 1.476489495024123234e-10 2.173028715086564922e-11
2.080254068701732351e+01 6.200776355141098671e-11 1.039769549769382554e-11
2.268329554231135248e+01 2.119447976780939835e-11 2.338762225661059173e-12
2.439536197803840167e+01 1.843731862723084033e-11 8.084145308336049699e-12
2.642331876719700290e+01 5.485924714222305962e-12 5.432084683781270710e-13
2.828859231671160757e+01 2.771109578471756245e-12 4.056368803644918383e-13
3.018509400692010658e+01 1.167693182288982333e-12 1.136134508833112390e-13
3.189802121991925432e+01 6.453755804991190203e-13 1.574119734798017115e-13
3.384495291328622102e+01 3.667085909839761443e-13 6.011211185647475471e-14
3.582202211230903544e+01 1.313078326693757759e-13 1.606105260851397347e-14
3.763808570708970791e+01 7.909261954611628376e-14 1.229495114220375288e-14
3.964685802559754535e+01 4.610454956696613582e-14 9.641485521559700701e-15
4.144522528752523982e+01 1.478983926503373077e-14 1.864572191807029322e-15
4.346585282150415708e+01 7.730369239248790207e-15 1.425807612685528672e-15
4.523282072012724342e+01 4.761342645987731649e-15 6.809339755443566006e-16
4.715340556546932760e+01 1.904101366096925355e-15 4.043697384520003967e-16
4.936973615284006200e+01 1.273264625861169337e-15 3.543080075012612371e-16
