5.184070575760322264e+00 4.533736798662861908e-06 8.368955847195778399e-07
5.736479139998122534e+00 1.809494662369589813e-06 1.995235811266609883e-07
6.218176710607470348e+00 9.329771226807215448e-07 1.249264730981417487e-07
6.742886343409178806e+00 4.718238190059787643e-07 3.012139335987864187e-08
7.251025994017500587e+00 3.957203962749149784e-07 6.790319153035960880e-08
7.745541005631956466e+00 1.979177345356291991e-07 1.620982115848464892e-08
8.252695635949638842e+00 1.358187647419401378e-07 1.316158316031052440e-08
8.756812828038066598e+00 1.265649043321103338e-07 3.880324053213682609e-08
9.231218497877557994e+00 5.965711478639721299e-08 6.006382914047431579e-09
9.725988144894138543e+00 5.219905866520791021e-08 5.721860654124749492e-09
1.086492199596521679e+01 2.172727209368604997e-08 1.226653124526146341e-09
1.283120478200515358e+01 6.100307500380675579e-09 3.637997252520523657e-10
1.488319196725455562e+01 2.085484441424591593e-09 1.722205742753940001e-10
1.687344156336152068e+01 7.552655051327484808e-10 5.176200017070847659e-11
1.882874419109259634e+01 2.898867135384055819e-10 2.594208159009250175e-11
