5.244881780159822426e+00 2.166803548664450661e-06 2.189388351307011638e-07
5.690464460680802361e+00 1.710250816297664583e-06 5.680215152367330198e-07
6.236391505602636443e+00 5.670627618643553601e-07 6.049315972801522834e-08
6.603990133537329221e+00 9.316903154359328431e-07 4.790634236645659359e-07
7.234318292058856237e+00 2.062487774452113642e-07 1.608378817433596275e-08
7.760528002778359635e+00 1.492637216420864695e-07 1.359757439086723821e-08
8.232499849504252509e+00 7.782624858123059167e-08 6.762755741110968877e-09
8.768722718480326250e+00 5.560705644601944661e-08 4.940178002011840126e-09
9.277126052152910418e+00 5.057176324296512596e-08 7.447045796082898771e-09
9.755216294889192952e+00 2.207226755135855396e-08 1.929295454626873783e-09
1.052419908648078817e+01 2.158768878627764394e-08 7.616741488410805845e-09
1.283324750327378716e+01 4.525613690432141223e-09 3.567947598491071322e-10
1.478884009955327450e+01 1.272085617259453880e-09 1.330320239268127755e-10
1.690335603893626626e+01 4.269156891763252802e-10 3.673843282005628056e-11
1.892160932386274297e+01 1.531634669564957626e-10 1.572290817468871943e-11
