5.221201022406334324e+00 6.755307546931054794e-06 4.709417291983232781e-06
7.677954078976682695e+00 2.835636121420966650e-07 2.272657700122465391e-08
9.567632371107022138e+00 6.157610991423515820e-08 3.453656105967912741e-09
1.141761965512167976e+01 1.861512055900485637e-08 1.087556030065046187e-09
1.330770043364534061e+01 5.610257327439254707e-09 3.930242338839648146e-10
1.513222728980211862e+01 2.047336468237390897e-09 1.530405211528665760e-10
1.705479341637649426e+01 7.052555937347169533e-10 4.286534544639345002e-11
1.887112493364745802e+01 3.684976583231387776e-10 7.104267750095181885e-11
2.079740211139170825e+01 1.462949244905434020e-10 1.517454195753615256e-11
2.274622842501146636e+01 6.546878100921573091e-11 9.360256556203520137e-12
2.462356494449326760e+01 2.706942494523774917e-11 1.718078615815756204e-12
2.653774043980763508e+01 1.295048580436257042e-11 1.247818819694972013e-12
2.841164112245855833e+01 7.110545570250123036e-12 1.006336662049615326e-12
3.017089390206822230e+01 2.690254284615041030e-12 1.737660844885919941e-13
3.208239278742853884e+01 1.464883622837740576e-12 1.052800394723665082e-13
3.398212419990692013e+01 7.433776299318755313e-13 6.371725054308809229e-14
3.583638027728754594e+01 3.361070640666211509e-13 3.275752924956211176e-14
3.786720462317707359e+01 2.135976519010848823e-13 2.943712073498797189e-14
3.946842687985541431e+01 1.054684938128013104e-13 2.370271406556165221e-14
4.150000456971401519e+01 4.639973336879653796e-14 3.930549204178148228e-15
4.338780254235145151e+01 2.289399667059298583e-14 2.190252273720932278e-15
4.525659006168156395e+01 1.036301586044726448e-14 8.940851471312443918e-16
4.693004157089236372e+01 6.739292847427236044e-15 1.121532690273924665e-15
4.897713258383799939e+01 3.286361251786090929e-15 4.243490667540061445e-16
