5.230662021902587888e+00 4.185645191353876311e-06 3.154923957042692834e-07
5.727543009650906569e+00 2.983490328969048005e-06 2.980013294191120595e-07
6.218492782684900355e+00 1.723036504610605855e-06 2.090316834291618458e-07
6.733218921657439182e+00 9.078062591573319853e-07 1.310692528067097666e-07
7.207797244815957960e+00 7.368478237922789654e-07 1.219277957690597023e-07
7.744206740683525325e+00 3.014916496242950273e-07 2.082195372992579271e-08
8.246850176808568023e+00 2.049160492479200577e-07 1.459106104101309809e-08
8.734139232423130395e+00 1.646862136951111046e-07 4.467227749583089593e-08
9.234516808745521388e+00 8.955896319926068877e-08 7.087365316247703123e-09
9.736566192485277327e+00 8.020342592926201911e-08 9.276941457230590530e-09
1.083194060083267374e+01 3.235247874167107907e-08 2.034388054077200372e-09
1.283772311006259059e+01 8.749549038160302452e-09 6.696790605985164146e-10
1.484595773888113612e+01 2.953021417673546588e-09 1.890550321661089750e-10
1.688665414679215715e+01 1.193622062566967194e-09 7.003785243423036131e-11
1.890298039220883197e+01 4.413354386305968113e-10 2.957876016549435258e-11
