5.213311214405741190e+00 1.685081245726952066e-06 2.019350975950489263e-07
5.746544787805639487e+00 7.580921320455934927e-07 8.943284702703799814e-08
6.253753246162057522e+00 4.864471470247262074e-07 7.741020281280528010e-08
6.740340285467175896e+00 3.075900663604367038e-07 2.813067405135168763e-08
7.232247279825681829e+00 1.685260952772886863e-07 1.702136634697002170e-08
7.743365339983158790e+00 1.297610067977165599e-07 1.396204696642781570e-08
8.191756453612963895e+00 1.726568765252065995e-07 5.653403937929146506e-08
8.742872714304100512e+00 5.288737703628887679e-08 3.681644957482161359e-09
9.236758301411445160e+00 3.532234781239875440e-08 4.968305890083584402e-09
9.753061921200437467e+00 2.946280411675174341e-08 2.578247350312492961e-09
1.086047684535795277e+01 1.205799215917171195e-08 1.067394297656111664e-09
1.281987819775207349e+01 4.726248553531422057e-09 8.296571171997576724e-10
1.489443409563996212e+01 1.637710239009292974e-09 1.755219969582799448e-10
1.687502480256523540e+01 4.847937927421781421e-10 3.404722013791285004e-11
1.889989427397943089e+01 1.705697540165254520e-10 8.261089240684301093e-12
