5.708527448681437022e+00 7.587318403380241903e-07 6.809176255363393821e-08
7.635096788834264459e+00 1.045705562265658364e-07 1.473709321627573789e-08
9.588276535274987467e+00 2.226663860620498692e-08 1.991792374506122858e-09
1.141224879314386875e+01 6.707772681993117571e-09 6.035539646792435862e-10
1.328960790570630124e+01 2.464732442850037710e-09 2.963754166157449296e-10
1.519518123549820388e+01 5.784303634012825010e-10 4.805348189165021435e-11
1.708198806280118376e+01 2.451876970144912904e-10 2.535582971079542759e-11
1.885784521631201116e+01 1.046352147633158747e-10 1.216885941212145700e-11
2.081074739314152211e+01 3.848691926843665842e-11 3.232342152618919217e-12
2.252065235850427527e+01 2.760029483958865981e-11 8.857560186596649080e-12
2.455619862771442641e+01 6.854215605417577956e-12 4.644411789976517786e-13
2.648434955620642484e+01 5.237387854037109639e-12 1.100738136895743299e-12
2.834623476419977095e+01 1.844777910910817768e-12 2.330037415392276448e-13
3.027626986812687448e+01 1.375758288016279455e-12 3.160360279866963140e-13
3.209253084167269776e+01 4.318669639716238507e-13 5.652402858500001403e-14
3.393684953502281587e+01 2.342019340694912689e-13 3.388758877641211852e-14
3.582872998183140112e+01 1.377610491164211954e-13 2.875018922721915449e-14
3.779895042647655146e+01 7.419161895941901594e-14 1.134983870628102973e-14
3.963099438833305044e+01 2.571595449649133531e-14 3.016086823351069143e-15
4.142012879170437145e+01 1.450912756067366710e-14 2.113751368406445585e-15
4.313505665152028712e+01 1.096276759045144310e-14 4.630004474263421522e-15
4.512904825778691276e+01 3.453274967177742133e-15 5.154849414280433862e-16
4.717617576229462628e+01 1.536441425087456980e-15 2.987739816313591699e-16
4.910296524298909304e+01 9.133412978815364519e-16 1.790554100507989522e-16
