5.221443583932430244e+00 2.361428739314373441e-06 2.470631578331220794e-07
5.693572016183746420e+00 1.918668681947899901e-06 5.576247694458083968e-07
6.240354262519074879e+00 7.416208650024588380e-07 1.114282014736478653e-07
6.737890015180263426e+00 4.108484434206110113e-07 5.641252223921427723e-08
7.246643063237330651e+00 3.543551671637622755e-07 8.150834613185083152e-08
7.722102933556783455e+00 1.292200191636058476e-07 9.555036463021587451e-09
8.221527726747497766e+00 8.142628721114547417e-08 6.128604825728581510e-09
8.753647053962746227e+00 9.442092061643691927e-08 3.831472635827639591e-08
9.245238724349063020e+00 5.029126997442302309e-08 7.479685774013489661e-09
9.729120727030213800e+00 2.908833706783966320e-08 2.536760167889837823e-09
1.080393168195289810e+01 1.545878367811906294e-08 1.471587518256776414e-09
1.285698472866421049e+01 5.014329875485181086e-09 7.102078313551897693e-10
1.481551208209039849e+01 1.406901593803431693e-09 1.161152285799233319e-10
1.683451141476225033e+01 4.600191855620029674e-10 3.445758968763684651e-11
1.878966234359653242e+01 1.939719115022694202e-10 2.123350449087425037e-11
