5.726630745418278323e+00 3.248925703361010623e-06 2.803531957744483532e-07
7.611727881199324308e+00 4.800212151745869832e-07 3.946883818079349380e-08
9.521132380165358455e+00 1.048538583164342060e-07 5.025925553953609063e-09
1.142869516435633770e+01 3.190305830696872031e-08 1.899929344028430412e-09
1.335086713896381916e+01 1.100723245486399509e-08 1.034349707890670000e-09
1.516836019212610509e+01 3.512494453805049334e-09 1.860844327381146555e-10
1.704029432680061618e+01 1.414932163990447177e-09 1.044574992448352292e-10
1.890706448936935402e+01 5.568707693267386521e-10 3.379084505291901892e-11
2.087575918635803873e+01 2.370240642027011709e-10 1.381931186893004515e-11
2.267762731844528190e+01 1.062704626629647045e-10 5.172724761257047754e-12
2.465668482301161291e+01 4.945832044911807793e-11 3.147052363406720567e-12
2.649795194895058259e+01 2.413324377160650530e-11 1.969092864369451287e-12
2.837771328391136549e+01 1.180432515559662453e-11 1.111232862398037810e-12
3.021277424723874105e+01 5.296729285264266293e-12 2.496087607328263907e-13
3.207416701349578858e+01 2.684735797087283934e-12 2.519953453505075209e-13
3.393642365639719571e+01 1.338507825313963182e-12 8.322151432028767832e-14
3.581299678838755796e+01 7.090796111313750719e-13 5.470424099993601693e-14
3.772183841041464092e+01 3.374304011588182781e-13 3.005109687264397946e-14
3.971707485587538855e+01 2.195065098778064812e-13 2.633460683866992406e-14
4.150678745092968569e+01 9.356079391012656958e-14 7.924469502768195801e-15
4.337861693249180206e+01 4.777095266631916402e-14 5.280828144776273330e-15
4.526746993398091945e+01 2.218836479278721028e-14 2.059877419630514441e-15
4.721717683556361322e+01 1.354511498641028728e-14 1.590235388441980802e-15
4.901392513686604246e+01 5.887702990840986523e-15 5.716857669661581035e-16
