5.545693947831635384e+00 2.023625435791761963e-06 2.191407181162784325e-07
7.580842677529813223e+00 2.362636090582356476e-07 1.874780833589942050e-08
9.411254574473119305e+00 6.025561305280932070e-08 9.763753964179415014e-09
1.140957599013167290e+01 1.600475092419645737e-08 1.094021062008277356e-09
1.328463215734859482e+01 4.739094473795016429e-09 3.270174019638163395e-10
1.525349829499160137e+01 1.744547230307707264e-09 1.269374686659936542e-10
1.712249169211828459e+01 6.778083466070173660e-10 4.899128871972831679e-11
1.893653064676481534e+01 2.698625057670449739e-10 2.329708428718274592e-11
2.077596820887385931e+01 1.104961216489690438e-10 1.093646473701675359e-11
2.274272572281452653e+01 5.448476891706726166e-11 4.232644969358872651e-12
2.458438357516112305e+01 2.290423161112600227e-11 1.580519319902954897e-12
2.641731158018594172e+01 1.218911546214049781e-11 1.255381357881508567e-12
2.836168468799430542e+01 5.267127490898030247e-12 3.630391249407616056e-13
3.026030232461932101e+01 2.518751572077918698e-12 2.639044708715766762e-13
3.200348604068052083e+01 1.142447583671049470e-12 8.830193902678186348e-14
3.394698621284216955e+01 5.950659535224241298e-13 5.225759901168088388e-14
3.581375087594398110e+01 2.705581811852672308e-13 1.937341092336449967e-14
3.770387178545565376e+01 1.707485600470692337e-13 2.828896626075413064e-14
3.962332622566205487e+01 7.267115107196102355e-14 8.190905040678414576e-15
4.145149999963514631e+01 3.880899278926709837e-14 3.421218164752442373e-15
4.333756629107735847e+01 1.799169548889248355e-14 1.664304144835547832e-15
4.513247236917630545e+01 1.037783095689031966e-14 1.024567402265216137e-15
4.710673937072165529e+01 5.724485907701948003e-15 1.060738206287792239e-15
4.900205728006264394e+01 2.511865050013968788e-15 3.059378303819074768e-16
