5.244027944813796083e+00 6.915870114145355874e-06 4.700396138518595177e-06
7.643876847016387366e+00 2.051938123637296429e-07 8.510089179504017947e-09
9.386736683560915395e+00 6.799927276871870920e-08 9.939734236743415395e-09
1.142063422905477132e+01 1.524861461332740432e-08 7.750701399480491239e-10
1.330778497669507665e+01 5.167735367217580350e-09 3.279474625862970726e-10
1.520528891755151157e+01 1.840008918210659117e-09 9.879506107866115017e-11
1.708882345962264182e+01 5.764534935966993273e-10 2.831123676103752831e-11
1.888209790435372781e+01 2.988435277377164274e-10 2.547603143531674974e-11
2.074455582345292726e+01 1.621864474933560647e-10 2.186470933587718883e-11
2.270847546424252528e+01 4.783552246349847438e-11 2.698560475980458670e-12
2.456872888474501337e+01 2.713666546252720319e-11 2.514236950201766087e-12
2.644931078235252997e+01 1.443839273377789464e-11 1.698165807621813236e-12
2.824638727217801559e+01 5.763621106968082502e-12 4.674277096219565782e-13
3.017574670777520041e+01 3.000149876174969088e-12 3.530067661119480376e-13
3.216558630252993822e+01 1.451855772477070677e-12 1.108465001328177856e-13
3.403564772344646627e+01 5.860929825867104243e-13 4.290586630429211631e-14
3.576998653304104181e+01 3.574877534463982804e-13 3.598750280730226592e-14
3.763935379483448429e+01 1.947804907567018650e-13 2.863747982050687241e-14
3.955255709329640013e+01 9.804710427443071149e-14 1.094828195876326187e-14
4.146148627482331506e+01 4.315127050212346790e-14 4.248060804626970259e-15
4.336918828370686896e+01 2.377440112450781837e-14 2.547948290125040596e-15
4.526168259730243193e+01 9.472557880633392028e-15 8.886606191447365455e-16
4.718474903417244803e+01 4.678733727016400577e-15 5.502414756877914287e-16
4.897501786403033464e+01 2.195073717871949604e-15 2.746177557641292021e-16
