5.678392629491286314e+00 1.501167179583434572e-06 2.157955945986665471e-07
7.493800456702343737e+00 3.000974224993581222e-07 1.105878041245790394e-07
9.546357128571111517e+00 4.173092516650474474e-08 2.695790116123688931e-09
1.134610138856062100e+01 1.250768452151138000e-08 1.153028113136561717e-09
1.323349628050971027e+01 3.527524134865955950e-09 2.036887446677282841e-10
1.521177251834785693e+01 1.229211123608696980e-09 7.060655540771781258e-11
1.697649248066376515e+01 4.917414124865703455e-10 3.605334996490495860e-11
1.889875904548967966e+01 2.101224915028450757e-10 1.750516884870381844e-11
2.081623496333108037e+01 8.908948926280016141e-11 6.003990365741915048e-12
2.271637476613647166e+01 4.370063988985730461e-11 3.673610689657514156e-12
2.469665853412494272e+01 2.150534146262579665e-11 2.109188118175400832e-12
2.641414650714103018e+01 9.333704729548881469e-12 1.165579016560091235e-12
2.832240596783766762e+01 3.810534439508689834e-12 3.847920165189723386e-13
3.022882335846674096e+01 1.936123981879278570e-12 2.495100261992600517e-13
3.207185690024645197e+01 9.247453570378750112e-13 7.931091690160403892e-14
3.395041073620983241e+01 4.921775356425263741e-13 5.304306663585250119e-14
3.585613345000530927e+01 2.122247972900722751e-13 1.718961024975836523e-14
3.775120995843758465e+01 9.265089747854560328e-14 7.930894529586673716e-15
3.980943083514026881e+01 7.527522819760567756e-14 2.289637744682484076e-14
4.143416080232325527e+01 2.815541470784680459e-14 2.851307441143891155e-15
4.327156864715355766e+01 1.445324992280246577e-14 1.559448400097943806e-15
4.520097174870160472e+01 8.809488984457690157e-15 1.276223462195461654e-15
4.709321030260991137e+01 3.975501909522235527e-15 5.146061708444814104e-16
4.905869683719110697e+01 1.484612774132369334e-15 2.230165922656174396e-16
