5.203789437394521045e+00 3.482876402577852111e-06 7.185853279959626414e-07
5.734658079557315880e+00 1.912684054276017002e-06 2.314047259514873909e-07
6.247358207396398910e+00 1.066194214234316451e-06 1.511373032624990302e-07
6.732632207694506654e+00 5.167186172647127745e-07 3.621046648826444070e-08
7.206932065278950361e+00 3.676783748517654249e-07 5.666304816356794301e-08
7.701661070269878451e+00 2.648864163985068802e-07 5.202067930761099314e-08
8.222629829971019433e+00 1.806697161253418093e-07 1.826321061302250005e-08
8.738576921329158864e+00 9.835086596755173811e-08 1.009422993177801573e-08
9.216223108930755359e+00 8.240908593549529239e-08 1.099944858835745156e-08
9.763945371451050903e+00 5.608302592033329719e-08 6.589198848033188668e-09
1.087575915798826998e+01 2.712080456877280596e-08 2.243039139782789853e-09
1.277511451799934683e+01 7.873948801182372089e-09 8.672894236570985728e-10
1.488785826928303635e+01 2.491151505619372173e-09 1.941063885529650160e-10
1.688001907708481752e+01 1.065393028646932523e-09 1.182124120287398163e-10
1.881767935061314034e+01 3.622857952994683648e-10 3.355516191955414302e-11
