5.641994989938226901e+00 1.818229892650431758e-06 1.930602067127071959e-07
7.609464538056415428e+00 2.593249699887472183e-07 2.123754117738726498e-08
9.518201812831438957e+00 6.007715926035535948e-08 4.007665505298946600e-09
1.142403036519778148e+01 2.147155474983467784e-08 2.214586795238409782e-09
1.333031209409524820e+01 5.264636552014544063e-09 3.313776633320901638e-10
1.526619272500222912e+01 2.169365504376517638e-09 1.939616759083673419e-10
1.714998352253279279e+01 9.306563836920606664e-10 9.749806059339090224e-11
1.892362273776057435e+01 3.346897915625878155e-10 3.059939583391149368e-11
2.075644410877585244e+01 1.675239440750631855e-10 2.110041333405921629e-11
2.270685422630649697e+01 6.162918553303805540e-11 4.239472879585251919e-12
2.457722151769457142e+01 3.008164857155892254e-11 2.380107920397981527e-12
2.646228602504384853e+01 1.165792475631583819e-11 7.069207785827782559e-13
2.833657881341159523e+01 6.318692009760362018e-12 3.640123025805423877e-13
3.019070264932966197e+01 2.846446207959759591e-12 1.632888483705735160e-13
3.209825029933185192e+01 1.291061250390263519e-12 8.181156098359932650e-14
3.402787175100636574e+01 7.883486433058207656e-13 5.554989297606707808e-14
3.587104461674782385e+01 3.762895922605001249e-13 2.635281297614388797e-14
3.766803852849303524e+01 1.985671914045447987e-13 2.720531272174188042e-14
3.958086044534964998e+01 9.435343954188889191e-14 8.824553498763261293e-15
4.144756859191375042e+01 4.443742408509693862e-14 3.537887517391014172e-15
4.334390706197753218e+01 2.532407440278428903e-14 2.293309925101441397e-15
4.515357495658017228e+01 1.741447837437182456e-14 4.501018496553729586e-15
4.689748177133191120e+01 1.095605641574279364e-14 4.166913773614345912e-15
4.897058381952096795e+01 3.735307148506837835e-15 9.513610847681298609e-16
