5.205139772585655855e+00 2.552401302579571888e-06 2.819671157929464987e-07
5.714247422817027022e+00 2.115110652532839179e-06 6.453943586347574549e-07
6.214261672234358436e+00 5.948754170681255781e-07 6.958477847802399614e-08
6.735706933882733338e+00 3.418302783984329034e-07 2.341050729134334356e-08
7.226998836108391444e+00 3.079817741188589044e-07 5.648525653590531959e-08
7.750026655862007452e+00 2.345172920291830994e-07 5.165913893842683996e-08
8.222660601963163174e+00 1.705101078527894366e-07 4.807259729524111950e-08
8.709158369219501594e+00 5.978927668572096417e-08 3.993992005069765153e-09
9.242223266821470773e+00 4.683275724276244039e-08 5.523252196652844471e-09
9.736835103492088805e+00 5.028125008881216454e-08 7.729742044373246219e-09
1.085887423829993992e+01 1.646889253303286608e-08 1.434367248693226099e-09
1.282907429967197466e+01 5.152955338285752431e-09 3.481333499298696105e-10
1.477671457005894418e+01 1.778008146639702192e-09 1.778208949610835748e-10
1.684169617641901340e+01 6.303526846405792370e-10 4.751128421010441577e-11
1.886613669085736333e+01 2.147210371895184847e-10 1.108201996606109781e-11
