5.207528895562675508e+00 8.912731964485121235e-05 2.873839697512787459e-05
5.694847110186061379e+00 3.512044551252930917e-05 1.520193030279493545e-05
6.219202778518948982e+00 9.953753850487878676e-06 7.991759467112858572e-07
6.712531618997653382e+00 6.447852017331297066e-06 7.932367189643105687e-07
7.228113726974487285e+00 3.780629729284099948e-06 4.622312699693188040e-07
7.735879869542205078e+00 1.795824310804260444e-06 1.482362239407110520e-07
8.222550514340586147e+00 1.773896388398638794e-06 3.694733880958154608e-07
8.727031119162438344e+00 8.132222169226379604e-07 7.592788973233823853e-08
9.205847075256803791e+00 5.253956567780137361e-07 5.258015106679239609e-08
9.918085427820638955e+00 3.482206320501182979e-07 3.713219332133670864e-08
1.107863951087548315e+01 1.261592992784472692e-07 9.896883488338799942e-09
1.285311493607852817e+01 3.580253666537760365e-08 1.899415042315907061e-09
1.481199857470399728e+01 1.154273006327752468e-08 7.022344077507066590e-10
1.681226211842478335e+01 3.624521571077661216e-09 2.323906124227243991e-10
1.884641940539442828e+01 1.282731599335140212e-09 6.635045946991330138e-11
