5.651619564253709704e+00 1.396867570779066825e-06 1.563184222115534991e-07
7.632960799800530438e+00 1.978228528865252792e-07 1.432541339255745765e-08
9.403065005138591559e+00 6.135991239395093413e-08 1.003549922365783090e-08
1.139019214219391785e+01 1.432102221481990529e-08 1.361060626606042550e-09
1.332230064160380500e+01 4.769442529577081912e-09 2.925527345105084498e-10
1.522116868773312426e+01 1.950309529100219642e-09 1.815729055440006964e-10
1.703464175349866849e+01 5.942697985992975299e-10 3.208817527826124034e-11
1.903589653151419370e+01 2.868734812854167576e-10 1.917328694272774071e-11
2.081609613670806525e+01 1.110154810309505948e-10 6.174981810203002888e-12
2.270920113794591799e+01 5.824159541203149137e-11 4.060644527947123090e-12
2.456585611702967853e+01 2.719458475876326505e-11 2.562267364726082614e-12
2.644537468188300977e+01 1.149372830803828509e-11 8.007986083174962225e-13
2.830583848389276724e+01 5.910769375569229820e-12 4.373003079245485818e-13
3.007349474766785491e+01 3.134136032452487303e-12 3.185263274379500210e-13
3.200390072485687654e+01 1.400494660400107795e-12 1.035228737792142760e-13
3.391249654377240574e+01 6.893723761186797649e-13 5.600515536169514290e-14
3.581411163721686108e+01 3.638404026154748908e-13 2.336593158432974466e-14
3.775575295585226598e+01 2.066544641632501948e-13 3.085712201032100921e-14
3.968577582530809877e+01 8.127367962162435354e-14 6.974917754957374449e-15
4.138652271108605163e+01 4.368389154342891928e-14 3.568410203919806353e-15
4.331919100006869172e+01 2.257855228412168347e-14 1.791818558135269547e-15
4.516865676457501877e+01 1.173700261139639812e-14 1.279128215673454367e-15
4.711592329021659253e+01 4.702263147482655943e-15 5.165885846028345046e-16
4.881278360644332537e+01 3.523124942892242391e-15 9.089265981058404236e-16
