5.650570663131408544e+00 8.753811322135668352e-07 1.846820475120814684e-07
7.620516845866229794e+00 1.043244586806104900e-07 1.294478131898754967e-08
9.572586530254234560e+00 2.112715579036408492e-08 2.051280530902904920e-09
1.140734326226587925e+01 5.010536773039193332e-09 3.915484029593660417e-10
1.321736873368704046e+01 1.882939587475790684e-09 2.131418401392134139e-10
1.510038249769147889e+01 6.123849322380085419e-10 9.403726474510339958e-11
1.704848829507506736e+01 3.073973211586022059e-10 7.760021545112023732e-11
1.896041893311623383e+01 1.123071364991914528e-10 1.276631564595276761e-11
2.081374825313573496e+01 3.897796281260827226e-11 3.811669812706828219e-12
2.280013030805965712e+01 2.259228443004407555e-11 2.652238447012635127e-12
2.446100031468685643e+01 9.059700713326848070e-12 1.649067886201192296e-12
2.643635692661256797e+01 3.955239728526283331e-12 4.197216301563635150e-13
2.827640425451849282e+01 2.483762889526160292e-12 3.328343864897147646e-13
3.019018750636864468e+01 1.044299526697926776e-12 1.779288097147680964e-13
3.205107609809324032e+01 4.821726331562663565e-13 6.240247027570979066e-14
3.389711279118347420e+01 2.469724680899861251e-13 3.695169846577080465e-14
3.586849965391272121e+01 8.339450319620688733e-14 8.548388162161951003e-15
3.750990013724771188e+01 7.239609096952537197e-14 2.689928106563709052e-14
3.951569323773645692e+01 2.901037970856654223e-14 5.711135862841595216e-15
4.148655923908027887e+01 1.380771239158793919e-14 1.917095427509498641e-15
4.345622642635702704e+01 9.576401708542814218e-15 1.418350842333778437e-15
4.553983803735805225e+01 9.459382670793971742e-15 4.336923591327835544e-15
4.698630823374842436e+01 1.813544849887719253e-15 3.748610841287603651e-16
4.878854072232604722e+01 8.404400661120835400e-16 1.710613087294862134e-16
