5.222934392197460696e+00 1.466507024832677140e-06 1.865343785954413344e-07
5.789278252728052188e+00 1.399428225076500097e-06 6.539300577340840433e-07
6.248252643344384794e+00 2.598613413413664997e-07 2.025753367794875824e-08
6.732037446445056084e+00 2.056944449742769743e-07 1.955273578095829066e-08
7.243020922718369725e+00 1.521366808703847042e-07 1.719263656177890596e-08
7.745188502536470843e+00 1.362616936773237330e-07 4.389136656802622030e-08
8.233095281392186493e+00 5.315744474609496913e-08 6.649431497177294057e-09
8.733011645416631552e+00 3.388400933638592701e-08 5.732692721526730668e-09
9.225243826705813888e+00 2.473243709643275523e-08 2.480613824183680845e-09
9.742641938034578786e+00 1.947487533288463702e-08 4.913644616319765824e-09
1.071567443939058251e+01 8.987030968749757980e-09 1.183406249206493077e-09
1.285204425480537793e+01 2.417351000856767250e-09 2.337578534723563679e-10
1.486305477500630445e+01 6.959549797490212178e-10 9.238669723601015456e-11
1.689664802763197571e+01 2.971015611594255211e-10 7.266852397327073824e-11
1.881905053775822267e+01 1.249180219414613607e-10 1.564386933983485469e-11
