5.674329226185196973e+00 1.252561472310221244e-06 1.650005900050098339e-07
7.603571468358240715e+00 1.827141328724849968e-07 1.977835023160059825e-08
9.531106769719722038e+00 4.713157987664750500e-08 3.420170866764853339e-09
1.140478198231438256e+01 1.247430463996730509e-08 1.054975037878519173e-09
1.327074067288113390e+01 3.847134903738217414e-09 2.540498344378436672e-10
1.516118770782867919e+01 1.778604438034144444e-09 1.797475082694512756e-10
1.712237148440323153e+01 6.463828428721941472e-10 4.594220560618586207e-11
1.877741444071854815e+01 3.083283092847450702e-10 7.598703588778113252e-11
2.090382339503557674e+01 9.968640918724452788e-11 5.740240962278528788e-12
2.280816737247542392e+01 5.460058829888994091e-11 8.982216946807680124e-12
2.462480115092218114e+01 2.590941130998723039e-11 2.190116265310891215e-12
2.647938863534323417e+01 1.151412424645663962e-11 1.508918151163748952e-12
2.830518315923701422e+01 5.090204767586975159e-12 4.536394813725076773e-13
3.013857125727315278e+01 3.206186144921434047e-12 2.914137044349408020e-13
3.208231426358268834e+01 1.244392370875585246e-12 9.365911084224164386e-14
3.402302459031746196e+01 6.338551236769166334e-13 5.833055540120349586e-14
3.579716602204048570e+01 3.158582401625925810e-13 3.362853725969239400e-14
3.770556353138609751e+01 1.225369856396536404e-13 8.222468205934591916e-15
3.975465886264422011e+01 8.928358861421271446e-14 2.484231870719966249e-14
4.148034831692113755e+01 3.724378925800837571e-14 2.872232136535171583e-15
4.343545086993418636e+01 1.899790300990835485e-14 1.874330307026920680e-15
4.525760782710734986e+01 9.003976762720571246e-15 7.416282067469810989e-16
4.708707847844259931e+01 4.645776964732153406e-15 4.608645791972267657e-16
4.886934730547337580e+01 2.286034652290297247e-15 3.141473745896882155e-16
