5.661285298340889227e+00 1.420081281195014231e-06 1.656415523752012491e-07
7.591179316608181793e+00 1.863942532406821745e-07 2.418244097048382277e-08
9.533737453650335425e+00 3.698319448859077572e-08 2.722133338279732723e-09
1.141806522221027898e+01 9.932817082341674129e-09 9.255504233310357334e-10
1.323398965454842369e+01 4.225368646099183987e-09 7.190498105885954557e-10
1.516815469269015360e+01 1.107529365568949057e-09 7.695534499917436348e-11
1.705939994319930264e+01 4.394056852502905278e-10 3.582226550495797642e-11
1.891406765380703447e+01 1.757682699897687846e-10 1.966221094522951837e-11
2.092414178559898019e+01 7.531215604099760457e-11 1.031615186544826970e-11
2.275832601709720748e+01 3.582515768833095692e-11 8.749073065308492800e-12
2.457982337077478618e+01 1.661785604372531299e-11 2.082858840438549441e-12
2.646379088537823421e+01 6.856958682561033351e-12 6.978527491320130616e-13
2.826726283517651694e+01 3.964698221076776508e-12 4.627556796562135688e-13
3.023171371699411836e+01 1.869810025601391103e-12 2.276684835936357339e-13
3.207089831731497043e+01 7.686553327016478622e-13 7.837131084580216239e-14
3.396571063653246370e+01 3.688174395898080248e-13 3.798799294309308188e-14
3.583156640987136399e+01 1.964342425000800650e-13 1.901219839417992729e-14
3.766667720729096658e+01 8.308534604107046626e-14 9.200023818009017682e-15
3.970035948759429090e+01 6.684810005792605796e-14 2.290875659512320208e-14
4.177241716599079524e+01 5.170464805820280061e-14 2.206789009724719939e-14
4.341262012357029931e+01 1.107832736909042285e-14 1.033329531707888254e-15
4.514106511162314206e+01 6.018430161385430880e-15 7.307723168419993029e-16
4.705117092619411068e+01 2.734058159538491555e-15 4.158439979726488105e-16
4.907901449166352847e+01 1.437221007540412878e-15 2.801510471049222232e-16
