5.789977957276218667e+00 1.117321737181110735e-06 1.624359770399505824e-07
7.606450021999062727e+00 1.531630227740920088e-07 7.115786602609632869e-09
9.591159366466250447e+00 4.397529763103408672e-08 1.102667829710548834e-08
1.144147649044489867e+01 1.022209188601134682e-08 6.065854929703925937e-10
1.322502205762049776e+01 4.171705214067001631e-09 6.060263802852771490e-10
1.519343276972028001e+01 1.358104229774137009e-09 1.125447838382436701e-10
1.705289992552656742e+01 4.968538443454474949e-10 3.580312013144495097e-11
1.891491021294898545e+01 2.141344101212446067e-10 1.767079140837745267e-11
2.082919293337295485e+01 8.358185308148626073e-11 4.891527237073039377e-12
2.275135922621694817e+01 4.107839568727461132e-11 3.015967175196148542e-12
2.456890372289730706e+01 1.886285234256075791e-11 1.766937141989313864e-12
2.643293051863116006e+01 1.093216222838047048e-11 1.522114733654582909e-12
2.836152879747867672e+01 3.565171913138896996e-12 2.041281816746977655e-13
3.024192110134689315e+01 2.577959527650691975e-12 3.495048258761750428e-13
3.208927161952403395e+01 8.968453863639718596e-13 7.342861158615794599e-14
3.398284686430278612e+01 4.679999807785054498e-13 4.368729889532149783e-14
3.582168471348206396e+01 2.215598048967217704e-13 1.608043494660580128e-14
3.811780131001307126e+01 2.252372503417369527e-13 1.155579484690443302e-13
3.954802270601574321e+01 6.050921043293908520e-14 6.492405714647370600e-15
4.110860963443435878e+01 5.976451088620444581e-14 2.203304809954878941e-14
4.331815613909452622e+01 1.653461276854733885e-14 1.523841372118957776e-15
4.511090957215646569e+01 8.382386535196902788e-15 1.459466153934512920e-15
4.717967104886526641e+01 3.442939138842418456e-15 3.932994154401557474e-16
4.926626437710516626e+01 3.113917722737139415e-15 8.973761277611187842e-16
