5.750493083868405186e+00 1.407960124552879252e-06 2.170897493536587645e-07
7.602167495868697777e+00 1.384298788410558430e-07 6.309980412135302362e-09
9.606946417619839806e+00 4.228909078662253555e-08 9.122127484883621559e-09
1.142596467749956091e+01 9.718958293883375722e-09 8.875483663181227045e-10
1.332774278126339951e+01 3.308030847247034626e-09 2.855614854928051461e-10
1.513773745246750835e+01 9.817542425731960483e-10 1.031281285454271815e-10
1.703923494695451524e+01 4.086850664578293678e-10 3.838786260975344478e-11
1.898113919211895961e+01 1.521201719530267487e-10 1.661946859008429849e-11
2.088408652210228311e+01 5.779522897628108922e-11 4.336558164415080236e-12
2.275939697885349489e+01 2.928836853445862683e-11 2.722118991941698910e-12
2.452494097174131227e+01 1.491889192760083796e-11 2.017886199986627609e-12
2.643658036653398469e+01 7.474101022845214715e-12 1.137833659156004944e-12
2.829215972816437130e+01 3.209253885603408651e-12 3.816475576818659450e-13
3.022097057865250846e+01 1.281997499091915995e-12 1.099705242567577573e-13
3.203882583447668253e+01 9.698180191431477459e-13 1.765695281044876516e-13
3.393033802920024300e+01 2.998044759329343747e-13 3.578458444225416823e-14
3.587848728461047187e+01 1.730494614800120861e-13 1.765891400081893593e-14
3.772371001056755091e+01 7.439621895328115450e-14 8.866556762312759570e-15
3.955521741533014080e+01 3.690758134438493130e-14 5.474340349665299396e-15
4.109010477720828902e+01 4.188077939422734844e-14 2.339159588892660018e-14
4.341305875646356327e+01 8.283621005361865593e-15 8.821956031918451350e-16
4.515863619184091249e+01 5.138505278291394345e-15 6.019250227815586663e-16
4.707575032538802873e+01 2.391405578126791354e-15 3.944580851299909690e-16
4.889715890050390357e+01 1.877538603890462394e-15 3.206102415095903133e-16
