5.666386054197181110e+00 3.795970803256448778e-06 2.143582726279092827e-07
7.540568986121756190e+00 6.162164758944005844e-07 4.302410637762922739e-08
9.578209385344981897e+00 1.257024556532609843e-07 1.087669912084407008e-08
1.145166028349268394e+01 2.867911864768621421e-08 1.384894969385195501e-09
1.329850603436005052e+01 1.076754190036826454e-08 8.916708448367749556e-10
1.517334964176271583e+01 4.072252884667641109e-09 6.401026512973260940e-10
1.705207100830164180e+01 1.226511703380098894e-09 6.823295418725624786e-11
1.894030900897680070e+01 6.327877027806803682e-10 8.266780929903379743e-11
2.080592902634907659e+01 2.324935205578095881e-10 1.772618303613294231e-11
2.272242914405945413e+01 1.091726211852605434e-10 1.105940870227621009e-11
2.460642623565729181e+01 4.560322525290582918e-11 3.086714008302351393e-12
2.643590992976226417e+01 2.109095376500027544e-11 1.781883168753626274e-12
2.829177405867807238e+01 1.037808790072826009e-11 1.144347757594567125e-12
3.024801361773867114e+01 4.695265875146241824e-12 2.533607665407582877e-13
3.206134674462158785e+01 2.374338444118696238e-12 1.508107250090905605e-13
3.389048556176405214e+01 1.449884629247489164e-12 1.619892335347345066e-13
3.580226525456807707e+01 6.444412903170274569e-13 5.672708444488334835e-14
3.774773748829807118e+01 4.305507020475468358e-13 1.230868961335937200e-13
3.963313286237052324e+01 1.675622956260947343e-13 1.409853260482350921e-14
4.147894342514235433e+01 8.239336792129667509e-14 8.565597916226437091e-15
4.328350210129109144e+01 3.367849597291040372e-14 2.428587314591818890e-15
4.519575526822691103e+01 2.126623589022663478e-14 1.936550479462468399e-15
4.715321789097549754e+01 1.083132685001328501e-14 1.475020768650117109e-15
4.895176383169282985e+01 5.120358473724190759e-15 5.718340714598799165e-16
