5.678779813969177859e+00 1.019727326582906661e-06 7.961032194622530559e-08
7.679250969244451497e+00 1.640966017981561539e-07 2.017245989088541886e-08
9.522258984753793953e+00 3.103846992628166447e-08 2.353139254697736307e-09
1.135841347761626885e+01 9.645428871896868647e-09 9.230058291839632006e-10
1.329508734342782361e+01 2.771570797625928385e-09 2.183671572405296446e-10
1.513960552647631985e+01 1.046255069597342771e-09 1.105022081080105056e-10
1.713084438626542649e+01 3.708359396893416625e-10 3.048755958392495605e-11
1.893307511948967559e+01 1.799959126384862563e-10 2.084704785873812726e-11
2.086686067029923564e+01 8.315947047938927150e-11 1.131928565849728942e-11
2.272936042215116004e+01 3.287613925388445275e-11 3.323168650753723393e-12
2.465116216394606496e+01 1.510093910435181736e-11 2.000175153863445291e-12
2.640368878091235771e+01 7.926330560953369088e-12 1.147148428775561412e-12
2.831069652150526750e+01 2.824324532730651899e-12 2.499847223479907606e-13
3.019815008488241403e+01 1.387628343758774323e-12 1.124718974673234771e-13
3.208257697745532511e+01 7.902392049799400207e-13 8.522084180999945748e-14
3.394862526427220928e+01 3.644426444935133651e-13 3.884449807504337824e-14
3.585961632229410867e+01 1.847090606252900741e-13 1.519274149514612757e-14
3.778969399077991653e+01 8.007367733141046953e-14 9.874377458015146084e-15
3.952394969290459414e+01 5.815928214633803182e-14 9.124835420920578804e-15
4.149974238386171521e+01 2.318101107794670212e-14 2.660531018018286031e-15
4.345657160257808727e+01 1.218166186387527021e-14 1.721566218776699173e-15
4.533315805756580374e+01 6.862298673780322970e-15 1.427480529923346365e-15
4.722236410572242704e+01 2.694208262151304122e-15 4.104033729744682871e-16
4.911483130068356218e+01 1.652220154217856666e-15 3.000207539709296713e-16
