5.698526237267770966e+00 7.820145388842452188e-07 5.897921912953904678e-08
7.540159520982144592e+00 1.377900825269301154e-07 1.921799336015760335e-08
9.534831377675933695e+00 2.708587115772941347e-08 1.723628370261411149e-09
1.145808241857061738e+01 8.339219045312823020e-09 9.812196154487743202e-10
1.333291790813882649e+01 2.407467810981705939e-09 1.941553177690143666e-10
1.520499719974607800e+01 9.731081385425687131e-10 6.405164135546584820e-11
1.710188540302528892e+01 4.703515663996333094e-10 8.175476386520318939e-11
1.888706160843835136e+01 1.666784740855903403e-10 1.924442204703641672e-11
2.081202131816418088e+01 6.668991620550545694e-11 5.318686423792275295e-12
2.265057125896919743e+01 2.973759173927127976e-11 2.657006342556158974e-12
2.452916510103313286e+01 1.481815353122261463e-11 1.696281467213675547e-12
2.639568027864983435e+01 6.197460217488070195e-12 5.583834540320189542e-13
2.834340747010060113e+01 3.092023961723969130e-12 2.851412992599255630e-13
3.031316107423182515e+01 1.495633246628274718e-12 2.225043170563868032e-13
3.215012012402971209e+01 6.232586634290311102e-13 5.185225827095053963e-14
3.397007233319945385e+01 3.422617505634305080e-13 2.591379475597013099e-14
3.569467319163092611e+01 1.966089136482689736e-13 2.994774771312445516e-14
3.774664144372363239e+01 7.508144152601764519e-14 7.358094973149603201e-15
3.957670466324150027e+01 4.267081863709792004e-14 3.968874930381800829e-15
4.144738249416148079e+01 2.216789602769764662e-14 2.469070434923260820e-15
4.333365036093438505e+01 1.168662884433436918e-14 1.658105436818524236e-15
4.516703211990991207e+01 5.679203419566516044e-15 1.049783403836774749e-15
4.715196788900670555e+01 2.770824813096316770e-15 4.052126111724502937e-16
4.898356355687465680e+01 1.789207430509631959e-15 8.559505036280895768e-16
