5.712130021360617427e+00 2.318744327950180698e-06 2.193507816440221417e-07
7.619519589468226606e+00 3.370853597752246265e-07 1.951895859795414510e-08
9.489333807676068488e+00 7.217097564915685931e-08 3.211599066081366831e-09
1.142705181322885721e+01 1.957757749768067920e-08 1.117114899619318860e-09
1.329347133340439946e+01 7.493107753773556693e-09 9.117555331532152918e-10
1.516818716360294772e+01 2.380313661387710654e-09 1.589394706174432170e-10
1.706241932720378784e+01 1.024559165730225045e-09 1.160310408389700866e-10
1.895381719897998352e+01 3.504581102703061373e-10 1.989747207300755053e-11
2.081148679720648786e+01 1.623168860594764707e-10 1.529874170840861937e-11
2.256403614633301657e+01 8.571795629661804813e-11 1.001093169995145262e-11
2.457027740119917070e+01 3.179086428480061982e-11 2.855879894307880699e-12
2.642800338781189851e+01 1.280846887106573474e-11 7.943118958575771963e-13
2.840904545579298457e+01 7.130341327184873638e-12 4.806891833391688115e-13
3.023488990481909866e+01 3.445902761555386870e-12 2.455880051558527788e-13
3.204201204805756475e+01 1.635195348460600604e-12 1.686725923005442314e-13
3.394642125953282630e+01 7.910619214131969007e-13 6.473157163946635780e-14
3.588820261171274950e+01 4.648704665388426082e-13 5.001569796118182344e-14
3.772192261658431534e+01 2.340448466709039894e-13 2.904588121214627746e-14
3.953384531970744575e+01 1.140485132204329175e-13 1.280003862165278733e-14
4.146549193252914733e+01 5.070226085908349615e-14 4.579503216885404166e-15
4.324687507653283802e+01 3.017955734286351278e-14 5.142275856747299657e-15
4.517956497991895759e+01 1.102155992925197683e-14 1.038611792604507703e-15
4.695749415011661654e+01 7.691201424336235633e-15 1.193763168084088902e-15
4.900232582312964524e+01 3.642017303296401682e-15 9.901254884513031449e-16
