5.698351135394342570e+00 1.801213927179381062e-06 9.317823284804800719e-08
7.650655145830092430e+00 2.690186097774569656e-07 1.795914270110069586e-08
9.477640191294511851e+00 7.065384956810653305e-08 9.223079011819293901e-09
1.140506396578375181e+01 2.031727000805730753e-08 1.507635905755736852e-09
1.327346750548556820e+01 6.917576275194033062e-09 4.538657280014036429e-10
1.520561059760562372e+01 2.247279681987104077e-09 1.986460876842118303e-10
1.705814176054219189e+01 8.030043129120029960e-10 4.668039295080596115e-11
1.900211228876876035e+01 3.777853998595736079e-10 3.301407163088648687e-11
2.083224654559952072e+01 1.300969849114741031e-10 6.950796983766639158e-12
2.265964306053231070e+01 6.475283457240501959e-11 4.138088027078317402e-12
2.465959904875609254e+01 3.004570175992929927e-11 2.316341062101219792e-12
2.647894319662447060e+01 1.268866580814058722e-11 7.450878201103894565e-13
2.845733103420149490e+01 8.244775066550734470e-12 1.067001670714358622e-12
3.012829557798635705e+01 4.709542652229133873e-12 9.256716009932697831e-13
3.216655915037505764e+01 1.679171938024271061e-12 1.248268165175977437e-13
3.404421558544240867e+01 8.734154172871337213e-13 9.066490579513911074e-14
3.582573311685178652e+01 3.553320320164099721e-13 2.449767416950736937e-14
3.799886623673553032e+01 3.538111894801536732e-13 1.390229984355638819e-13
3.966121698280181107e+01 1.056927116026685900e-13 1.026993017772092561e-14
4.139383512100680207e+01 5.012551983431152607e-14 5.735582231617494205e-15
4.349122630607212869e+01 3.069778238248839822e-14 5.027470250071726763e-15
4.510947128664049899e+01 1.703693994114870564e-14 2.231880655075115899e-15
4.700161317226979207e+01 7.119951130097652945e-15 7.136367716428366434e-16
4.898632732931734068e+01 3.334456696182992730e-15 3.885158409899992945e-16
