5.620903010459611160e+00 7.012184749925583411e-07 6.663014762034425816e-08
7.674165081248303544e+00 9.977812673467478348e-08 1.453846689709471090e-08
9.358914637578706675e+00 3.323291451857962608e-08 1.130771190979494033e-08
1.137835581879667046e+01 6.335402470906126630e-09 5.177451703340462267e-10
1.333033983383202958e+01 1.878095369887077242e-09 2.433219176972013103e-10
1.511913789747528014e+01 7.804830521806777590e-10 1.103580037557430829e-10
1.694799732962821537e+01 3.196532229153349966e-10 8.508517078778303783e-11
1.882086232664530812e+01 1.198594213105513468e-10 1.683381577506763963e-11
2.069844127976144321e+01 5.014087450085646632e-11 1.022197525912795029e-11
2.265931655258425437e+01 1.611045030766424000e-11 1.655970038782808377e-12
2.453474580094052016e+01 9.627372090356098343e-12 1.655359635519356735e-12
2.631290885311845429e+01 4.638025077400405601e-12 1.069784921535476312e-12
2.852879943093518378e+01 2.907804671541133426e-12 9.598233158441384803e-13
3.029772752384153378e+01 1.000613814444522789e-12 1.978734235947969724e-13
3.209330544254436290e+01 4.661038669942939177e-13 6.047843255870861855e-14
3.392233087703984751e+01 2.009795303138910754e-13 2.016164264334358408e-14
3.583162651841928437e+01 9.035746926556810597e-14 9.976298703300304767e-15
3.763681341022413562e+01 5.749004860256845586e-14 8.582580253289837788e-15
3.972231554388511654e+01 2.519471208110378202e-14 3.157522062433176484e-15
4.154782554836863540e+01 1.460829286941467157e-14 2.324333935900204407e-15
4.337858215965582076e+01 9.135185692645528694e-15 1.641927660067570932e-15
4.519808274183191799e+01 2.948374909428742951e-15 4.211069714932301795e-16
4.683095057323070876e+01 1.883436051669597298e-15 4.185047138868704591e-16
4.886639060444533555e+01 9.164369271577506441e-16 1.874851596141562730e-16
