5.205819723768058793e+00 2.794236439419466398e-06 8.739894134348768211e-07
5.725600144335485808e+00 7.784055426488954454e-07 8.711868107929278740e-08
6.193006837682671240e+00 4.544648089398999241e-07 8.763506902894277407e-08
6.748442379442865402e+00 3.526444496695658387e-07 6.745974512770183505e-08
7.269865021664958071e+00 2.018026203488933691e-07 4.445752735045273332e-08
7.742606345055160766e+00 1.014775694333814846e-07 1.074411663054814322e-08
8.235936997721736930e+00 6.945510084257803141e-08 7.925734489262405564e-09
8.741968988547307973e+00 5.027193997016775355e-08 6.219483440217805478e-09
9.211864597642852814e+00 3.331422237768255572e-08 5.473242387190682995e-09
9.731727362772279122e+00 2.181938654911388608e-08 2.151776186028161566e-09
1.081754659129043894e+01 1.082898932078669190e-08 1.172129558074137076e-09
1.284765765670668536e+01 2.893734888506633105e-09 2.096975640758308517e-10
1.479658206119366248e+01 1.206634748096911007e-09 1.119389779488330321e-10
1.689155119857404941e+01 4.524045840576997958e-10 8.109271337300007239e-11
1.893519184910143949e+01 1.554277352153136314e-10 1.575311243242617217e-11
