5.630236581757100289e+00 1.606695327605780491e-06 2.193457389320388578e-07
7.584963933041992235e+00 2.108646342404201361e-07 1.936325316811610232e-08
9.453539618403503653e+00 6.062931990754225354e-08 1.052178642485436329e-08
1.145753447743794240e+01 1.384156150467167124e-08 1.353273819132913381e-09
1.329729756092900139e+01 3.907054428408196120e-09 2.775473628310156315e-10
1.515916731453767419e+01 1.355759900956537856e-09 1.171880269163532117e-10
1.714889251262984260e+01 5.413817527315862175e-10 3.963314045892854063e-11
1.896555647599702255e+01 2.259506049396970722e-10 2.019257611120925468e-11
2.086806489896899208e+01 9.513145414008263406e-11 1.084017458039202818e-11
2.267293131651011606e+01 3.999432274565591071e-11 3.235458317970585501e-12
2.469153564441426596e+01 1.905448076937093319e-11 1.551938219501540974e-12
2.644873111780933783e+01 9.302579336589079620e-12 7.102892422389470721e-13
2.830502277341745909e+01 4.429127874049551821e-12 3.861711855255842371e-13
2.995950529096561255e+01 3.064475735296809939e-12 8.802787222714615794e-13
3.200482242348099504e+01 1.183205009196100999e-12 1.645025734522068937e-13
3.386756561720346070e+01 5.287808676146003915e-13 5.410619392021851427e-14
3.585265175655714387e+01 2.551521666046552999e-13 3.077434447110254969e-14
3.773870842094019196e+01 1.404895230727984890e-13 1.419170702395590488e-14
3.961493712043697712e+01 6.080091843171479805e-14 6.609932233137987015e-15
4.148836484138486469e+01 2.471182151733272857e-14 2.344561652607655924e-15
4.333792155084330489e+01 2.288793406490103228e-14 4.766329782272260516e-15
4.514336525717901338e+01 8.575227190565644059e-15 9.461932986800725056e-16
4.711556138024396745e+01 4.706495422100126302e-15 1.011045628312624481e-15
4.887385735253532459e+01 1.508935603193760395e-15 2.747317262820256465e-16
