5.204806959401757638e+00 4.940595454694395489e-06 6.357028824142367846e-07
5.728161848743842377e+00 2.702376890967665239e-06 2.274894438317010143e-07
6.229886205563469836e+00 1.656143680534392624e-06 1.705985361063505606e-07
6.751332612757021678e+00 9.920005974327236529e-07 1.129616397741924847e-07
7.200774787076497319e+00 7.611381101732550552e-07 1.129961795554905618e-07
7.745579352234933879e+00 4.938025904728903547e-07 8.571884033600921208e-08
8.239160250267342889e+00 2.213751183576006211e-07 1.577751040093414516e-08
8.742630244844340481e+00 1.617098129878182303e-07 1.288433429754297790e-08
9.242163474244138754e+00 1.033672282971698711e-07 9.664915511462647449e-09
9.729303363420761741e+00 6.802989806903785210e-08 6.044661583576044577e-09
1.086024078792661740e+01 2.863247224560533537e-08 1.226812667654724101e-09
1.283283402172957999e+01 9.324481005990581739e-09 5.004986173587063557e-10
1.485167871485057312e+01 3.344529519406819850e-09 2.449777532344523041e-10
1.685155287809995883e+01 9.886494515708911777e-10 5.463449378208521871e-11
1.889638772202385297e+01 3.827204807877714180e-10 2.693686989490775543e-11
