5.238834973657081839e+00 1.721456177278914728e-06 1.908499016117448001e-07
5.728842651410814391e+00 7.653039541546380939e-07 9.775496591356769921e-08
6.221491827378389239e+00 5.478841296486332695e-07 8.822194403229818963e-08
6.734045878432004528e+00 3.959935526557807510e-07 8.019176414538824089e-08
7.207451788343796295e+00 2.585269017249345849e-07 6.150484310060143487e-08
7.745241525734337884e+00 1.468673165908792212e-07 1.569564717015696836e-08
8.226104482938715989e+00 5.571884471698021072e-08 3.834303625417168898e-09
8.727147679213679510e+00 7.076184501621350979e-08 9.422503654180336730e-09
9.253755893504980179e+00 3.675776263847280996e-08 5.039175927484913331e-09
9.735549721827082337e+00 2.597823075878180534e-08 3.653528292280270524e-09
1.079905233927460451e+01 1.282655361773131420e-08 1.170474246785314649e-09
1.284367127858359048e+01 3.247642647605355742e-09 2.164290983105934523e-10
1.473459198215347854e+01 1.018425876273037266e-09 1.010464385551459456e-10
1.689835373945090780e+01 3.819463451238240910e-10 3.472407173165419110e-11
1.896453610302765469e+01 1.388748921956049643e-10 1.225088646682357662e-11
