5.619689222521714100e+00 1.464674411101967903e-06 1.896191594247985836e-07
7.644824522242426035e+00 2.181919770832130414e-07 2.439155532477281179e-08
9.574282785485619840e+00 3.996321017792941447e-08 2.792829549380367712e-09
1.143600312939578956e+01 1.209891195539635648e-08 1.202074610159125797e-09
1.334993669717124654e+01 3.823832626342794577e-09 2.589948802060094107e-10
1.508562722821271151e+01 1.520253887773368299e-09 1.618291880200427105e-10
1.707222002889080414e+01 5.637447153977147177e-10 4.416635902788061960e-11
1.896868807761284970e+01 2.023788297183489950e-10 1.086844447983629547e-11
2.079804326648088164e+01 8.858804061120435625e-11 5.801990025343025109e-12
2.268053381591212059e+01 4.354143646158874816e-11 3.169875130914076658e-12
2.460155497173655448e+01 2.441778320348135886e-11 2.627711912602425611e-12
2.648307626435211404e+01 7.726012986761405081e-12 5.268231848994599646e-13
2.832348954258361573e+01 4.439892985661208684e-12 4.127777249668809520e-13
3.027683027636738444e+01 2.667095671458532172e-12 3.212744933197061104e-13
3.209332830306277629e+01 1.021960576049265630e-12 7.799116634116375820e-14
3.390500031289133176e+01 5.496156050557501376e-13 6.327840958904116201e-14
3.573916706472256521e+01 2.513865930229632774e-13 2.165821200708321618e-14
3.777170526617474877e+01 1.093858942834364192e-13 9.826580880375767050e-15
3.969359903707478310e+01 6.281519971115010758e-14 6.687625244769389367e-15
4.153959062415592740e+01 2.484142444367756270e-14 2.160981961625620956e-15
4.338886460058988348e+01 1.528666501368030402e-14 1.533178211621216173e-15
4.519369804556968973e+01 8.570378134763358080e-15 8.177521722203839419e-16
4.706636274099505357e+01 3.521977374435219146e-15 3.842582338041427076e-16
4.910173485446205177e+01 1.571956879687201049e-15 2.851443887249196796e-16
