5.534197742456747449e+00 2.287380912346059748e-05 3.231612124694225285e-06
7.585043624418795538e+00 1.993984171529354678e-06 6.470392596026928877e-08
9.453392773575856722e+00 4.035904732366810676e-07 1.991212253643722747e-08
1.140056833104713441e+01 8.815595537549071892e-08 2.815981752981159516e-09
1.326931721109323270e+01 2.593624045687820150e-08 8.701168786649338498e-10
1.520653357458129129e+01 8.963927558612183634e-09 3.207057763790627677e-10
1.706459321478081392e+01 3.025843887119586011e-09 9.299267857471064140e-11
1.895540109565458309e+01 1.263919435164867623e-09 4.111881474730521851e-11
2.080910741993113078e+01 5.304664970546605265e-10 2.001502870606804051e-11
2.267852611895380122e+01 2.143115764943074043e-10 1.036272315124504121e-11
2.460290557843140036e+01 9.526785051102344274e-11 4.795191190979749076e-12
2.642192002640376813e+01 4.496798439442185637e-11 2.316476007272630060e-12
2.835226626654946358e+01 2.199500692492517311e-11 1.296179665258801271e-12
3.020158960919291502e+01 1.138636443433032396e-11 8.372093731903445680e-13
3.210340393730515984e+01 5.124985031855986656e-12 2.768774279030466584e-13
3.400066489625446309e+01 2.270281761872338444e-12 1.428480159072536571e-13
3.583080261827534230e+01 1.178895744153096787e-12 5.940178253918073539e-14
3.774499450079462548e+01 6.648793630477842308e-13 4.870415642098525850e-14
3.955995286446679415e+01 3.423857620956014208e-13 2.605787564297530458e-14
4.152455733772590207e+01 1.724738715931381908e-13 1.106790989299315249e-14
4.329270060675835197e+01 1.321675302810609009e-13 2.560644917135173638e-14
4.520022711830309703e+01 5.076980317957548098e-14 5.849992420515338163e-15
4.698587766164993695e+01 2.148122272351460678e-14 1.743817767771676016e-15
4.898721263318653030e+01 1.144864631378669194e-14 1.249918114924327482e-15
