1.000000 56.7282 0.0836562
3.000000 1.8598 0.00515967
5.000000 0.19873 0.000538943
8.000000 0.0177213 4.66216e-05
11.000000 0.00312791 8.23277e-06
15.000000 0.000476423 1.27315e-06
20.000000 6.35227e-05 1.70119e-07
25.000000 1.08699e-05 2.95137e-08
30.000000 2.16878e-06 5.97647e-09
35.000000 4.55541e-07 1.28901e-09
40.000000 1.01837e-07 2.94356e-10
45.000000 2.29109e-08 6.716e-11
50.000000 6.21954e-09 1.87301e-11
60.000000 2.81107e-10 8.4953e-13
70.000000 9.66296e-12 2.976e-14
80.000000 1.83517e-13 5.88874e-16 
