5.250000000000000000e+00 1.682697415924430375e-05 7.868009185224548710e-07
5.750000000000000000e+00 8.004548491917954181e-06 3.792538524715437794e-07
6.250000000000000000e+00 4.516603810997522897e-06 2.428205320566986623e-07
6.750000000000000000e+00 2.564171842702159478e-06 1.107799199505419226e-07
7.250000000000000000e+00 1.561338884811241152e-06 7.066192624074773821e-08
7.750000000000000000e+00 1.049834122170178020e-06 5.499074045421080595e-08
8.250000000000000000e+00 6.053945268352813214e-07 2.891764537358667454e-08
8.750000000000000000e+00 3.657763817988079055e-07 1.222990449462936641e-08
9.250000000000000000e+00 2.606832339125798016e-07 9.691088700276513947e-09
9.750000000000000000e+00 1.753951307333562139e-07 7.222619677303035769e-09
1.100000000000000000e+01 7.933542539234492846e-08 1.830227270023113530e-09
1.300000000000000000e+01 2.104901767758019207e-08 5.823083193790655928e-10
1.500000000000000000e+01 6.676765897314858230e-09 1.842917839578677752e-10
1.700000000000000000e+01 2.323286430559290486e-09 7.000251953192927604e-11
1.900000000000000000e+01 8.710394785219028804e-10 2.755924298768054279e-11
