5.250000000000000000e+00 1.607825615667101999e-05 6.497590210821953478e-07
5.750000000000000000e+00 8.359601318703410348e-06 3.223202777573388179e-07
6.250000000000000000e+00 4.551333771599616899e-06 1.685021809940306714e-07
6.750000000000000000e+00 2.774066181075482363e-06 1.211319860074351009e-07
7.250000000000000000e+00 1.657990995486579872e-06 7.875918100625102919e-08
7.750000000000000000e+00 1.162295920092950108e-06 6.670328445820988072e-08
8.250000000000000000e+00 6.432887092056141383e-07 3.755956517479391467e-08
8.750000000000000000e+00 4.390639433229326595e-07 2.041210689852313228e-08
9.250000000000000000e+00 3.010497942566249430e-07 2.522162824656817380e-08
9.750000000000000000e+00 1.940377121923292806e-07 1.140788305414514127e-08
1.100000000000000000e+01 8.171671998777014773e-08 1.962970323627574183e-09
1.300000000000000000e+01 2.227674879560855195e-08 5.762041921438518536e-10
1.500000000000000000e+01 7.142971971260837165e-09 2.168307688217471667e-10
1.700000000000000000e+01 2.548693530054399971e-09 7.841064686613875330e-11
1.900000000000000000e+01 8.901789266471420989e-10 2.975600904838712464e-11
