5.250000000000000000e+00 1.552826178043882903e-05 6.417436000421886041e-07
5.750000000000000000e+00 7.655043599298430725e-06 3.543729044108527111e-07
6.250000000000000000e+00 4.654739925601461548e-06 2.451801951441735789e-07
6.750000000000000000e+00 2.408700257482061586e-06 9.862083002807069722e-08
7.250000000000000000e+00 1.494305451892119036e-06 7.186448587238997694e-08
7.750000000000000000e+00 9.946012853957762257e-07 1.069820329080481798e-07
8.250000000000000000e+00 5.627201731954676140e-07 2.273731014707642854e-08
8.750000000000000000e+00 3.942334675108072228e-07 1.962798022331223841e-08
9.250000000000000000e+00 2.372021807521283582e-07 1.541754218307814367e-08
9.750000000000000000e+00 1.555309251657487413e-07 5.659283136425662257e-09
1.100000000000000000e+01 7.449989981146480590e-08 3.294144876322545026e-09
1.300000000000000000e+01 1.944726745849012432e-08 5.355655296865269659e-10
1.500000000000000000e+01 5.840701699499803912e-09 1.696117865199769064e-10
1.700000000000000000e+01 2.085446329020009410e-09 6.365976980736735456e-11
1.900000000000000000e+01 7.662898964628630149e-10 3.277725981583076705e-11
