5.250000000000000000e+00 1.773550156217437043e-05 7.250002069291796316e-07
5.750000000000000000e+00 8.134223286952687560e-06 3.435942688768280116e-07
6.250000000000000000e+00 4.661646365634056597e-06 1.971376321100285640e-07
6.750000000000000000e+00 3.031633948763819395e-06 2.184481026750899419e-07
7.250000000000000000e+00 1.813848346021312979e-06 1.308013023588918746e-07
7.750000000000000000e+00 1.047119209457161269e-06 4.600611633666261427e-08
8.250000000000000000e+00 6.679100316378912580e-07 3.422289844431885045e-08
8.750000000000000000e+00 4.424750751307343513e-07 2.365589608111313579e-08
9.250000000000000000e+00 2.972356938573923458e-07 1.648349282270827273e-08
9.750000000000000000e+00 2.014428130475373114e-07 8.169356234174935195e-09
1.100000000000000000e+01 8.714523372889743611e-08 2.876408366370668521e-09
1.300000000000000000e+01 2.304939658084234563e-08 6.304049289067616595e-10
1.500000000000000000e+01 7.259602769819910961e-09 1.748219929401634125e-10
1.700000000000000000e+01 2.712882261365620991e-09 9.411452182848736819e-11
1.900000000000000000e+01 9.448214009212156235e-10 2.659693458775444898e-11
