5.250000000000000000e+00 1.739022731699106788e-05 6.115499317607413149e-07
5.750000000000000000e+00 8.845019964011730575e-06 3.470233218114014704e-07
6.250000000000000000e+00 4.803539727635553014e-06 2.107893378349248237e-07
6.750000000000000000e+00 2.630633694978198432e-06 1.100244468974051327e-07
7.250000000000000000e+00 1.656747026424286712e-06 7.559449359627756183e-08
7.750000000000000000e+00 9.943719355052050799e-07 4.590812028534132078e-08
8.250000000000000000e+00 6.099833558284342816e-07 2.550196321148793117e-08
8.750000000000000000e+00 4.144972176454064707e-07 1.966042162853334782e-08
9.250000000000000000e+00 2.720687607468228372e-07 1.632198578445303545e-08
9.750000000000000000e+00 1.937684939670640076e-07 1.441984407355362897e-08
1.100000000000000000e+01 8.440181312358671302e-08 2.917390344217072909e-09
1.300000000000000000e+01 2.067164671748691541e-08 4.886830297773131212e-10
1.500000000000000000e+01 6.517564747838647623e-09 2.006997436726478963e-10
1.700000000000000000e+01 2.185569510706109930e-09 6.653697188685564493e-11
1.900000000000000000e+01 8.184919714618562589e-10 2.919553215060726783e-11
