5.250000000000000000e+00 2.082684642130303192e-05 8.198203181940621110e-07
5.750000000000000000e+00 1.114620489118271111e-05 5.178147703522871911e-07
6.250000000000000000e+00 5.543354709706067262e-06 2.249628408098822437e-07
6.750000000000000000e+00 3.078583479332274875e-06 1.143137275684117587e-07
7.250000000000000000e+00 1.810692979339258007e-06 7.404030175628338569e-08
7.750000000000000000e+00 1.190073195192250973e-06 5.238140012906094718e-08
8.250000000000000000e+00 7.350847261603080060e-07 3.079496392804811189e-08
8.750000000000000000e+00 5.196896927052536720e-07 3.323784219676281435e-08
9.250000000000000000e+00 3.404860943211458377e-07 1.792320451796139826e-08
9.750000000000000000e+00 2.140172192704557178e-07 1.164115559571807288e-08
1.100000000000000000e+01 9.795884844669823188e-08 3.566475065454392759e-09
1.300000000000000000e+01 2.568419589455706039e-08 5.911158442043663198e-10
1.500000000000000000e+01 8.122123688886505467e-09 3.245028737847548436e-10
1.700000000000000000e+01 2.773564107838370256e-09 8.650673789337724406e-11
1.900000000000000000e+01 1.035393340882743233e-09 3.006624780218546751e-11
