5.250000000000000000e+00 1.653567349056743002e-05 5.387727529354514113e-07
5.750000000000000000e+00 9.732862908051775037e-06 4.556502080465540365e-07
6.250000000000000000e+00 4.526622025145239632e-06 1.607330202838481857e-07
6.750000000000000000e+00 3.159428464522520757e-06 2.316026399362993409e-07
7.250000000000000000e+00 1.628591783124509723e-06 6.793560427949682462e-08
7.750000000000000000e+00 1.057443325703444308e-06 4.763199217872974550e-08
8.250000000000000000e+00 7.236175704664682870e-07 5.102585422181160756e-08
8.750000000000000000e+00 3.857228751985773873e-07 1.362648965172069330e-08
9.250000000000000000e+00 2.754628391769332528e-07 1.440996981399580494e-08
9.750000000000000000e+00 2.023703997820332500e-07 1.311331883147675885e-08
1.100000000000000000e+01 8.370679122347122606e-08 2.960709204520652847e-09
1.300000000000000000e+01 2.244003692680873302e-08 6.242634205270241764e-10
1.500000000000000000e+01 7.132251465712306181e-09 2.092993792992048766e-10
1.700000000000000000e+01 2.360564070542112769e-09 6.804574845149173627e-11
1.900000000000000000e+01 8.668751753739229854e-10 3.249086032752260414e-11
