5.250000000000000000e+00 1.476303888546427852e-05 6.464653367157055843e-07
5.750000000000000000e+00 7.256357746327622528e-06 3.081228279721322161e-07
6.250000000000000000e+00 4.332922372830894321e-06 2.573080259950356510e-07
6.750000000000000000e+00 2.516507240716004117e-06 1.163270155808067148e-07
7.250000000000000000e+00 1.582598556657366759e-06 8.597551886791565810e-08
7.750000000000000000e+00 9.463483140085902630e-07 5.296480096650938025e-08
8.250000000000000000e+00 5.896764215702966533e-07 3.113907713636448252e-08
8.750000000000000000e+00 3.442626100055779023e-07 1.652887651056002988e-08
9.250000000000000000e+00 2.866941576030302042e-07 2.209404018188655984e-08
9.750000000000000000e+00 1.949380834749760329e-07 1.682261769777372946e-08
1.100000000000000000e+01 8.049544153884655283e-08 3.970756403085608406e-09
1.300000000000000000e+01 2.094493262790060185e-08 5.342719610585507857e-10
1.500000000000000000e+01 7.004265016285589293e-09 3.784047365451614481e-10
1.700000000000000000e+01 2.385757537374102781e-09 9.903113697877971205e-11
1.900000000000000000e+01 8.724055964199433177e-10 2.859320748025088361e-11
