5.423245136172942793e+00 7.876601169805592291e-06 3.461378532269441668e-06
7.599368045629564250e+00 4.022215363391130528e-07 1.883985516057763621e-08
9.487895325964368354e+00 8.520880648771448035e-08 3.203452295743677271e-09
1.138118846904130699e+01 2.345410272562587746e-08 8.880691511271245259e-10
1.326812593614097580e+01 7.272625790904980260e-09 2.947284207085722884e-10
1.518465656855448387e+01 2.475385203460205887e-09 1.154939111325082037e-10
1.705014154810683635e+01 9.717431005690844957e-10 4.893420537564142153e-11
1.895751082341476490e+01 3.677446005327604925e-10 2.327296823583525593e-11
2.083733843054217516e+01 1.566349819985178473e-10 1.077218858270794314e-11
2.270120649145961167e+01 6.213158705735675668e-11 3.190568810769165691e-12
2.462871329724606539e+01 2.958123743525894822e-11 1.849030384456831274e-12
2.645563721311947347e+01 1.547349730961814467e-11 1.499658432859616526e-12
2.829837423249125550e+01 7.284593363835274370e-12 9.638930848688566220e-13
3.024572535162424458e+01 3.746024984238358058e-12 8.080902209166393362e-13
3.215277936004095949e+01 1.576116824452925379e-12 1.058169100664451340e-13
3.398463228858904728e+01 7.091926840318273459e-13 4.906940653590391447e-14
3.579192702900629541e+01 3.272344383337236869e-13 2.091298877311947085e-14
3.762516019508328924e+01 1.911231831957533332e-13 1.607769313515713693e-14
3.961254055984814215e+01 7.726985141299401906e-14 5.026042550873987924e-15
4.141579385095633370e+01 4.518552448255137085e-14 5.330332608852587124e-15
4.337935779651686374e+01 2.372771442948777363e-14 2.344615389563336169e-15
4.507897942246221135e+01 1.225351469227818428e-14 1.241033297793629777e-15
4.713193587643272764e+01 6.507777394250062170e-15 9.438534221588897590e-16
4.905209298033191345e+01 2.500355399727812525e-15 2.501494201040614899e-16
