5.440421663485239812e+00 1.874944067003045078e-05 6.054990389521172827e-06
7.620045627901846252e+00 2.738656410387477539e-07 3.208010749802645914e-08
9.434548664165868459e+00 4.497283065969633841e-08 7.495176304217443448e-09
1.139977055082155211e+01 9.489832636906357609e-09 5.429093044304613799e-10
1.328757730504579726e+01 2.770093837663233835e-09 1.835483613138703289e-10
1.514147046913698524e+01 9.395540580467211568e-10 7.825784062517574321e-11
1.706421336338731720e+01 3.897621754062514325e-10 3.011238866333130877e-11
1.900525685499434658e+01 1.462455941603613841e-10 1.195186259562774200e-11
2.087964337306068074e+01 6.062650875053629497e-11 5.711702856170810603e-12
2.259831766504678541e+01 2.493626734411604662e-11 2.254777250375482078e-12
2.442580220628124010e+01 1.801883195883835920e-11 5.526373992690761391e-12
2.640526663109642769e+01 5.408629626656638731e-12 4.857523118510924072e-13
2.835855709071611841e+01 2.545230595902198534e-12 2.638496392699379299e-13
3.024502332940167548e+01 1.067092840257836997e-12 1.030342131133112825e-13
3.211691830444090812e+01 4.762848591345068741e-13 4.591763642474835047e-14
3.398368286850904241e+01 3.048958024391924443e-13 4.126183711967915734e-14
3.576317326685853004e+01 1.598148535630579969e-13 2.646845640862179534e-14
3.768937076347959447e+01 6.658471882126938249e-14 6.936315962693577993e-15
3.957343378043814397e+01 2.917086489759803448e-14 2.877818484073710618e-15
4.156195735259498747e+01 1.923422089988591594e-14 2.543262269220533856e-15
4.332661628001829257e+01 7.879592016525621043e-15 7.870702728479487350e-16
4.518907152300064212e+01 3.771680130738573153e-15 4.236812143611115042e-16
4.708066974032998075e+01 1.986727169838884190e-15 3.077597838407815065e-16
4.891214540327391802e+01 9.773758034381014416e-16 1.267030904772166504e-16
