5.546440875421091654e+00 5.101753974950558459e-05 1.076884649414894187e-05
7.393989163424305566e+00 9.106021627911312300e-07 4.194399031221053792e-07
9.515057330617377573e+00 8.211570464021519275e-08 1.446405158641868489e-08
1.139128755707275786e+01 1.502122443602434569e-08 1.346408525818992819e-09
1.324645404329444887e+01 4.164405804279737777e-09 3.768273424101620656e-10
1.521106865916933693e+01 1.352753028196262531e-09 2.131191202811102153e-10
1.708715408402501268e+01 4.137283421730260362e-10 2.436369043620039769e-11
1.896693493780478335e+01 1.678517612756467943e-10 1.433103613205848088e-11
2.092197293142394443e+01 7.674119224583950100e-11 8.117687667156601324e-12
2.269712592355894998e+01 2.961074628626252316e-11 2.754386478177373524e-12
2.452552759162099605e+01 1.420732672074564445e-11 1.631089254976116254e-12
2.645822977068287329e+01 5.977569252551312498e-12 5.878072476594613813e-13
2.837884038946284448e+01 2.826390737530324629e-12 2.750217372574471242e-13
3.027708662299244935e+01 1.552085071864743633e-12 1.788990511968789323e-13
3.209382642691572585e+01 5.934063197861617442e-13 6.073933674175433004e-14
3.396435501276261704e+01 9.785519681173585261e-13 7.062713549795702880e-13
3.580681803996579049e+01 1.928869870607492746e-13 2.874208718149404469e-14
3.771993912007249605e+01 7.492267197673411539e-14 8.628938581569432864e-15
3.952578532625886254e+01 6.575786417058204052e-14 2.159097465422544412e-14
4.147955940259588203e+01 2.041539471248819405e-14 2.796491488898610486e-15
4.328279253965563100e+01 9.375935984475120938e-15 1.216098125899743315e-15
4.509147187897520581e+01 5.670903781867692110e-15 1.024792737942208142e-15
4.700102420826753047e+01 2.558655743469336528e-15 3.782783048113493035e-16
4.889854433043752380e+01 1.124388489758777764e-15 1.313414740063831826e-16
