5.585853362238431430e+00 4.547642527346808414e-06 8.246978971207863831e-07
7.583725098913225438e+00 3.094661292275833182e-07 1.853549658763466200e-08
9.551279669286673268e+00 6.038776910043003004e-08 2.955384503615538599e-09
1.145081167325792748e+01 1.677131309061403848e-08 1.301446732305928085e-09
1.325719033831427751e+01 4.873732755271959874e-09 2.067510750964048666e-10
1.504517361543953058e+01 2.296608853979623042e-09 7.939322128480124091e-10
1.705280932762537915e+01 5.408001818801654120e-10 2.682941152020652849e-11
1.887854108488801330e+01 2.366657376674808163e-10 1.706259800333510587e-11
2.079880393885578371e+01 1.200146333510836666e-10 1.673998246906534639e-11
2.269467822950153391e+01 3.719554197880952940e-11 2.616512713128201747e-12
2.468167871254927093e+01 2.220823417697823733e-11 3.099974874542998216e-12
2.639536375260154344e+01 8.730825579328247736e-12 1.052042167753734127e-12
2.832684343583948561e+01 4.787370080242952713e-12 9.055071532850850135e-13
3.026032018940603052e+01 2.383325075341515822e-12 3.246558149430654264e-13
3.182362593969192233e+01 1.923122933517213065e-12 7.786996697386708802e-13
3.390725545498953153e+01 5.010669068128006185e-13 5.572687466969908644e-14
3.583046633695928307e+01 2.400850123207117208e-13 3.560705403346787149e-14
3.770833335366879879e+01 1.022739882679320918e-13 1.077391344107172448e-14
3.960454534584195585e+01 5.073288284506691080e-14 5.809546774440422792e-15
4.142842085718343981e+01 2.234921940338244863e-14 2.096614780813199918e-15
4.332273914350471955e+01 1.496572233416446626e-14 4.119737378151847839e-15
4.532240987575962521e+01 6.432158791933300271e-15 6.576156459721503896e-16
4.707427685800571737e+01 3.591875539670190978e-15 3.694513710937229744e-16
4.901733996164870888e+01 1.354365524882636207e-15 1.341841177969554380e-16
