5.601620122222356279e+00 6.996420374111128233e-06 9.969270425878285676e-07
7.574506342404260018e+00 5.693531004517166572e-07 3.099160904030748053e-08
9.494304903657061701e+00 9.327166126283456588e-08 4.179076629416893594e-09
1.137665723169650178e+01 2.324684210352890199e-08 8.453764067138649198e-10
1.320572651160915179e+01 8.207203933013225702e-09 9.857501024405151927e-10
1.518811089661816460e+01 2.557469865540882213e-09 1.174152500448087661e-10
1.707277843382248150e+01 8.947415634181460114e-10 4.250257422001032126e-11
1.899144317887682831e+01 3.365829106158979292e-10 1.919304333677481452e-11
2.086445283238449377e+01 1.397288941964415530e-10 1.012539069758118327e-11
2.274164842477127024e+01 7.091779606008274837e-11 5.555904382910698860e-12
2.457805877908079140e+01 3.308154838701959670e-11 4.195376286045764905e-12
2.625980727127106817e+01 1.653447659803851172e-11 2.836322036658612863e-12
2.824263944564147266e+01 6.912595929944509593e-12 9.671126073243636223e-13
3.023514110371666774e+01 3.906736281347135203e-12 8.435458722083929803e-13
3.207559012116321639e+01 1.199116790788708362e-12 7.805755867791431653e-14
3.385046031008300105e+01 1.045041703668456483e-12 2.157588843976300780e-13
3.590603220324505429e+01 3.616620097744536609e-13 4.480819594101337723e-14
3.762408259080052630e+01 1.569536839190016008e-13 2.424847385756425416e-14
3.952590853882427524e+01 8.537751022610387274e-14 8.282924590256936003e-15
4.144437232502682633e+01 3.995418823214013667e-14 3.324115519281352531e-15
4.326200676578785931e+01 2.489569665475301321e-14 4.558693164107328303e-15
4.536559751564696796e+01 1.359289841892236152e-14 1.572743959831632303e-15
4.715568478400262364e+01 4.710243518074643708e-15 4.656627409383947725e-16
4.899329676959963109e+01 2.348991905519485009e-15 2.595685846073381279e-16
