5.614713704123670546e+00 4.328226952544534121e-05 1.375076332382240225e-06
7.575751326378035166e+00 4.345970075213522135e-06 3.161413719603995400e-07
9.427079400011587396e+00 5.013117398672911055e-07 3.744321429774953967e-08
1.139377556378863865e+01 9.473868078772443094e-08 4.576484937354795497e-09
1.325422400370006137e+01 2.826001315732790999e-08 1.902150018191246112e-09
1.519828243666026424e+01 8.004908370752016981e-09 4.265172339933644448e-10
1.704548095347760395e+01 3.021206069396546743e-09 2.084570005081823869e-10
1.892994543295716880e+01 1.017710397289222755e-09 5.268888212814983387e-11
2.080248940452855422e+01 4.812071206474292279e-10 3.056554488811850151e-11
2.270084006330926840e+01 1.863878184412180186e-10 1.131823896717191959e-11
2.449592798403060812e+01 8.962279103917562138e-11 1.378288431051893030e-11
2.640374535977742099e+01 3.746481544745610790e-11 3.038651559574548410e-12
2.830515267300566151e+01 1.799431539766800719e-11 1.710157104466975032e-12
3.018794295461831823e+01 7.895372170321081698e-12 4.885923582837011733e-13
3.210047134977788374e+01 3.827507183425055975e-12 3.322620230282569829e-13
3.398080522094962674e+01 1.730105849141892015e-12 1.194844120571873670e-13
3.583020244955507394e+01 7.942410405357869264e-13 5.959338643867960231e-14
3.767509310800768674e+01 5.176984144592690641e-13 1.141241112550785101e-13
3.959545976737800999e+01 2.126169223071009938e-13 1.688915253504705384e-14
4.155056657262385045e+01 1.132794926514086967e-13 1.158372881366385225e-14
4.330664075636823895e+01 5.203798475637779202e-14 6.555299122179920086e-15
4.517890672002928198e+01 2.845458942581675588e-14 2.511640769669595652e-15
4.711810858794157042e+01 1.645711099165666897e-14 1.580234243062189285e-15
4.902559811185219019e+01 7.833189265698415559e-15 9.995770254212425598e-16
