5.607706825749764867e+00 1.315611723197767301e-05 3.656809430675710353e-06
7.563104645695083228e+00 5.142772090092131877e-07 3.419749520869973391e-08
9.510013798314069788e+00 1.135215761531729643e-07 1.617687883783819354e-08
1.139961330127584027e+01 2.688090929811503091e-08 1.189831017073948889e-09
1.318947585944015799e+01 9.076286647488531659e-09 1.026427017271089906e-09
1.515333866025023823e+01 2.713403602252315271e-09 1.355354625614430591e-10
1.701196445252188383e+01 1.061043879591268351e-09 5.080490276329064342e-11
1.894358074190500218e+01 4.080343380467110398e-10 2.506655049385049329e-11
2.083369138425740985e+01 1.546535398884513132e-10 8.217277175032577794e-12
2.265832585856584558e+01 6.820731655450904537e-11 4.629091716309967040e-12
2.454113802715748704e+01 3.925839171683273860e-11 3.496022435101581003e-12
2.638338418304065058e+01 1.641098396055609676e-11 2.506771079035910786e-12
2.835101668813319264e+01 7.701637024037467706e-12 9.621842198292330642e-13
3.026099032169820902e+01 3.888910154396827576e-12 8.200265418635750459e-13
3.201384893661209219e+01 1.788979266727274507e-12 1.670675192951151493e-13
3.389257028864902566e+01 7.955227800867407281e-13 5.632578566997061150e-14
3.585972427065782142e+01 4.188647792913039903e-13 4.072440748626379292e-14
3.767924896017107272e+01 1.715150340312815617e-13 1.221894292385827133e-14
3.961870118062874724e+01 1.029151980018667083e-13 7.659838770082683337e-15
4.150398870804389162e+01 4.964598633997025225e-14 5.372673625834718111e-15
4.331254745160581621e+01 2.649909619669326795e-14 2.547530653607604180e-15
4.513404436403581599e+01 1.267269972290159081e-14 1.207746905463374448e-15
4.713249475265131849e+01 4.927295047860864342e-15 3.571558510186301307e-16
4.889454964206262133e+01 2.712969891964454168e-15 2.589746847363561183e-16
