5.511415682552084583e+00 1.447337268838366211e-05 3.853276004396820333e-06
7.583576398537814178e+00 9.270795754980453219e-07 4.508368119921131921e-08
9.455876985802433410e+00 1.744776320003076029e-07 9.549386795330409165e-09
1.139339373263534227e+01 4.126336547237268305e-08 1.509881659243599902e-09
1.330916409142381873e+01 1.232499055993660702e-08 5.203197735613001140e-10
1.515479252506066032e+01 4.494650944858624447e-09 2.347078851888510694e-10
1.706172400585504079e+01 1.579827475091088648e-09 7.804609129575875444e-11
1.897870983890008389e+01 5.656807699130007333e-10 2.514995137895918395e-11
2.075727879987983471e+01 2.514565796090431066e-10 1.378450504531446871e-11
2.263844932624785145e+01 1.101016848406825550e-10 6.871024675403036293e-12
2.463004510938968394e+01 4.777454364555406354e-11 2.991296981046697404e-12
2.645824325689534007e+01 2.009923660618348118e-11 1.333995828278324354e-12
2.834756321859114792e+01 9.589268267057627648e-12 5.576071644933583202e-13
3.020293974855261965e+01 4.458750043890728125e-12 2.856647845694752428e-13
3.206550814583695086e+01 2.254088236440082280e-12 2.081283202750333554e-13
3.391585121006759351e+01 9.626456379429807127e-13 6.103061732641780845e-14
3.584821059736405147e+01 5.652086672747658985e-13 9.728984861370131808e-14
3.762288400256164778e+01 2.736747368457115885e-13 2.472414532457537046e-14
3.956860363648090129e+01 1.265678726430422659e-13 9.879414723863835264e-15
4.148488731966483556e+01 6.238738890376971980e-14 5.827884228939701106e-15
4.319905410080639285e+01 3.805212429465578800e-14 5.920355770252258584e-15
4.531563603918866789e+01 1.903046505465161485e-14 3.411223180850492695e-15
4.717196781851297516e+01 7.324215719391317000e-15 7.917304857471884998e-16
4.898650499537531999e+01 4.736128589559688771e-15 6.988861721291888334e-16
