5.250000000000000000e+00 1.662731625050494207e-05 8.743205849102731261e-07
5.750000000000000000e+00 7.786915950658547346e-06 4.417075296016986809e-07
6.250000000000000000e+00 4.643905418182115981e-06 3.488348918269655603e-07
6.750000000000000000e+00 2.364359253050814427e-06 1.351901759380650946e-07
7.250000000000000000e+00 1.301436240763164514e-06 7.594574877443998333e-08
7.750000000000000000e+00 8.565821465339419492e-07 6.355833223062689400e-08
8.250000000000000000e+00 4.851223054759771838e-07 4.409805257461726387e-08
8.750000000000000000e+00 2.825283816529337388e-07 1.315540521052586946e-08
9.250000000000000000e+00 2.126043820868350369e-07 1.169207060120991782e-08
9.750000000000000000e+00 1.544309294424829927e-07 1.568203875276293811e-08
1.100000000000000000e+01 6.024994227079303342e-08 2.287652375170522029e-09
1.300000000000000000e+01 1.616922575273734485e-08 5.363334821252457216e-10
1.500000000000000000e+01 4.841177742903928268e-09 2.086676903919601918e-10
1.700000000000000000e+01 1.686616910310453085e-09 7.113131753902994089e-11
1.900000000000000000e+01 6.368089597306810722e-10 2.561477586556118185e-11
