5.250000000000000000e+00 1.396668736526447190e-05 7.478013083995825446e-07
5.750000000000000000e+00 6.889507801005931440e-06 4.388284169983545270e-07
6.250000000000000000e+00 3.719854630128842301e-06 1.883745140821771264e-07
6.750000000000000000e+00 2.062401180832849788e-06 1.868543537590494614e-07
7.250000000000000000e+00 1.150905809845526146e-06 6.585128461413362476e-08
7.750000000000000000e+00 7.728493748621080104e-07 6.486523874272334971e-08
8.250000000000000000e+00 3.870962085394383068e-07 1.723522531096310690e-08
8.750000000000000000e+00 3.097812002185161012e-07 2.533747244458171525e-08
9.250000000000000000e+00 1.638136326909728728e-07 8.669622048104064320e-09
9.750000000000000000e+00 1.538459559025113377e-07 2.018639226240863202e-08
1.100000000000000000e+01 5.362854775159462944e-08 1.854184771102974263e-09
1.300000000000000000e+01 1.424971517074837437e-08 7.513280029197600127e-10
1.500000000000000000e+01 4.170861009304505672e-09 1.233700180091229300e-10
1.700000000000000000e+01 1.577548398103372569e-09 1.068323834710995797e-10
1.900000000000000000e+01 5.429788633405985883e-10 2.091754736690722109e-11
