5.250000000000000000e+00 6.692899999999999566e-05 5.894899255254494896e-06
5.750000000000000000e+00 3.084399999999999810e-05 2.721124021447754617e-06
6.250000000000000000e+00 1.563399999999999973e-05 1.382583955823298061e-06
6.750000000000000000e+00 8.231300000000000286e-06 7.308827413477485635e-07
7.250000000000000000e+00 4.649500000000000123e-06 4.150974338983559543e-07
7.750000000000000000e+00 2.797299999999999882e-06 2.516566001598210018e-07
8.250000000000000000e+00 1.704999999999999981e-06 1.339225691808516713e-07
8.750000000000000000e+00 1.011799999999999994e-06 8.143676440650130966e-08
9.250000000000000000e+00 6.519199999999999772e-07 5.432802916543172304e-08
9.750000000000000000e+00 4.761800000000000195e-07 4.261907226817590103e-08
1.100000000000000000e+01 1.825800000000000110e-07 2.068727001829869290e-08
1.300000000000000000e+01 5.116000000000000283e-08 9.411661775690837562e-09
1.500000000000000000e+01 1.646100000000000096e-08 4.422613798422828234e-09
1.700000000000000000e+01 3.998999999999999942e-09 1.577714434110304935e-09
1.900000000000000000e+01 2.166199999999999819e-09 1.203135428328831039e-09
