10.75   10  11.5    0.398   0.0098  0.0570
12.35   11.5    13.2    0.428   0.0110  0.0570
14.15   13.2    15.1    0.455   0.0120   0.0560
16.2    15.1    17.3    0.483   0.0130  0.0570
18.6    17.3    19.9    0.529   0.0150  0.0570
21.35   19.9    22.8    0.557   0.0180  0.0580
24.45   22.8    26.1    0.589   0.0200  0.0590
28.05   26.1    30  0.593   0.0200  0.0570
33.85   30  37.7    0.680   0.0160  0.0570
42.6    37.7    47.5    0.719   0.0180  0.0600
53.65   47.5    59.8    0.753   0.0180  0.0700
67.55   59.8    75.3    0.773   0.0310  0.0720
85.05   75.3    94.8    0.814   0.0510  0.0760
106.9   94.8    119 0.884    0.0880  0.0800
