1.075000000000000000e+01 1.194078204781795418e-05 4.446155021801323650e-07
1.234999999999999964e+01 5.154278507740067084e-06 1.838387055721246699e-07
1.414999999999999858e+01 2.085212535936482809e-06 5.535009610685787836e-08
1.619999999999999929e+01 9.775663978891289405e-07 3.112781710177555854e-08
1.860000000000000142e+01 4.325951920892908501e-07 1.589944735469433447e-08
2.135000000000000142e+01 1.863855159584304851e-07 7.028532432754717195e-09
2.445000000000000284e+01 7.554670263710606094e-08 2.435459278169929361e-09
2.805000000000000071e+01 3.395875919194847129e-08 1.316353169021182464e-09
3.385000000000000142e+01 1.071549597740855889e-08 3.349832169115302470e-10
4.260000000000000142e+01 2.274974315133806332e-09 6.386024041204851525e-11
5.364999999999999858e+01 5.023944144853239632e-10 1.373448114285511368e-11
6.754999999999999716e+01 1.088406412419741986e-10 3.101982893703139017e-12
8.504999999999999716e+01 2.296505432115751002e-11 6.828935722343342185e-13
1.069000000000000057e+02 4.293887444473791853e-12 1.291826891977984787e-13
1.345000000000000000e+02 7.822810463939685975e-13 2.647103842313963701e-14
