1.075000000000000000e+01 1.101549861240643465e-05 4.103660055982640310e-07
1.234999999999999964e+01 4.765939685826724738e-06 1.939207043902333113e-07
1.414999999999999858e+01 1.935785474026685976e-06 5.996205011041459660e-08
1.619999999999999929e+01 9.202469001712617796e-07 3.256994592457201629e-08
1.860000000000000142e+01 3.895446847405210724e-07 1.349661915347043151e-08
2.135000000000000142e+01 1.618099405130446915e-07 5.583680593692606051e-09
2.445000000000000284e+01 6.789885280443410907e-08 2.692073109728179547e-09
2.805000000000000071e+01 2.921148495898008868e-08 1.117133059165218044e-09
3.385000000000000142e+01 9.155018706530292417e-09 3.140518639273749451e-10
4.260000000000000142e+01 2.025318582597740524e-09 8.186597050758566735e-11
5.364999999999999858e+01 4.447355532300787547e-10 1.764751346934382801e-11
6.754999999999999716e+01 9.225151261649105282e-11 2.835588574820310786e-12
8.504999999999999716e+01 1.957889039320810503e-11 6.292544228140922299e-13
1.069000000000000057e+02 3.829375635921427474e-12 1.287558225094728845e-13
1.345000000000000000e+02 7.133411593316767492e-13 2.926222345828347042e-14
