1.075000000000000000e+01 4.786701194279581162e-06 2.344140499779685075e-07
1.234999999999999964e+01 2.111891432417195384e-06 9.835282848946267910e-08
1.414999999999999858e+01 9.384440077693004768e-07 3.195205135994591662e-08
1.619999999999999929e+01 4.650903961451432229e-07 1.977281639067527449e-08
1.860000000000000142e+01 2.081339731022799008e-07 8.692584177267209280e-09
2.135000000000000142e+01 9.754136653615502473e-08 5.527294793800539521e-09
2.445000000000000284e+01 4.232695857873449254e-08 1.697213504781154041e-09
2.805000000000000071e+01 1.891956605572755224e-08 7.091818808294219878e-10
3.385000000000000142e+01 6.181786683806479736e-09 2.031794390752078387e-10
4.260000000000000142e+01 1.395564037371269533e-09 4.218339305280508153e-11
5.364999999999999858e+01 3.429961713061083683e-10 1.590049509868950312e-11
6.754999999999999716e+01 7.192718782695849081e-11 2.098315305470405099e-12
8.504999999999999716e+01 1.516523632779824539e-11 6.200900126420939615e-13
1.069000000000000057e+02 3.292815535411161701e-12 1.519989279765969327e-13
1.345000000000000000e+02 6.027835216362484281e-13 2.122117398242443790e-14
