1.075000000000000000e+01 1.026563717120963967e-05 4.209664732105588986e-07
1.234999999999999964e+01 4.437921415112927037e-06 1.812224378237456591e-07
1.414999999999999858e+01 1.716131790354786404e-06 6.191563127892491363e-08
1.619999999999999929e+01 7.887188201422994627e-07 3.311222373683593340e-08
1.860000000000000142e+01 3.682838916851606555e-07 1.591355194676762107e-08
2.135000000000000142e+01 1.418424047915154071e-07 5.272387589130978571e-09
2.445000000000000284e+01 5.624815236702798266e-08 2.375012833356886327e-09
2.805000000000000071e+01 2.420370909973557464e-08 1.099257607565366841e-09
3.385000000000000142e+01 7.228282737165230935e-09 2.361732926989725136e-10
4.260000000000000142e+01 1.679693083320134944e-09 5.643724036242428445e-11
5.364999999999999858e+01 3.687027445029095383e-10 9.855095294949053825e-12
6.754999999999999716e+01 8.467968006969611363e-11 3.115407594645609588e-12
8.504999999999999716e+01 1.631539232781466959e-11 5.498725863223631344e-13
1.069000000000000057e+02 3.230368486518395947e-12 1.344328064687590485e-13
1.345000000000000000e+02 5.928470711310517802e-13 2.129668495613676382e-14
