1.075000000000000000e+01 8.502536353110019799e-06 3.179798122331001307e-07
1.234999999999999964e+01 3.481197978681673787e-06 1.344183086107688944e-07
1.414999999999999858e+01 1.672379257943237787e-06 5.201135792133034922e-08
1.619999999999999929e+01 7.531116147768547094e-07 2.555988115017774415e-08
1.860000000000000142e+01 3.376694121595922470e-07 1.096441395537908790e-08
2.135000000000000142e+01 1.408491160314949515e-07 4.480869103009070668e-09
2.445000000000000284e+01 6.115199316655439626e-08 2.019873608096396981e-09
2.805000000000000071e+01 2.753983624432224090e-08 1.081627509878239209e-09
3.385000000000000142e+01 8.601753208701144900e-09 2.513054482565925037e-10
4.260000000000000142e+01 1.941017719641428537e-09 5.873316586171955052e-11
5.364999999999999858e+01 4.568566341360192746e-10 1.554469434122538051e-11
6.754999999999999716e+01 8.999594765207129044e-11 2.535431565094210789e-12
8.504999999999999716e+01 2.010857872393813435e-11 6.563991122743166165e-13
1.069000000000000057e+02 3.840153458651535666e-12 1.443498275207173122e-13
1.345000000000000000e+02 7.764346161352377510e-13 3.333178418069776234e-14
