1.075000000000000000e+01 9.275678883163601587e-06 3.840930755834012260e-07
1.234999999999999964e+01 3.840852867526552271e-06 1.369331458719858986e-07
1.414999999999999858e+01 1.581326617380380364e-06 5.470943389145959319e-08
1.619999999999999929e+01 7.173668091648843759e-07 2.834392629790521826e-08
1.860000000000000142e+01 2.849717325873339423e-07 8.715146801225805000e-09
2.135000000000000142e+01 1.238032987715279366e-07 4.514636832425823548e-09
2.445000000000000284e+01 5.083683674250668063e-08 2.087244291559145089e-09
2.805000000000000071e+01 2.164459865473164999e-08 9.986894041095462002e-10
3.385000000000000142e+01 7.105028680986946549e-09 2.820641358063041981e-10
4.260000000000000142e+01 1.536900769011455325e-09 4.727316398315109305e-11
5.364999999999999858e+01 3.497439510219081743e-10 1.521239253861935330e-11
6.754999999999999716e+01 7.444424587317395318e-11 2.722104647413399501e-12
8.504999999999999716e+01 1.496786093230859280e-11 4.561061240073306038e-13
1.069000000000000057e+02 2.867015946719189362e-12 1.039628211981037074e-13
1.345000000000000000e+02 5.538293958712501824e-13 2.336641407306420342e-14
