1.075000000000000000e+01 1.312924469845409156e-05 4.245363885227024322e-07
1.234999999999999964e+01 5.548301882286268909e-06 1.760837408049405848e-07
1.414999999999999858e+01 2.369730756031459777e-06 7.164398136251244615e-08
1.619999999999999929e+01 1.065288837706987956e-06 3.837919653326062855e-08
1.860000000000000142e+01 4.309782298134349551e-07 1.315103356095359487e-08
2.135000000000000142e+01 1.672520633648047402e-07 5.254898778705652659e-09
2.445000000000000284e+01 7.609561000819408757e-08 2.862408934438263874e-09
2.805000000000000071e+01 3.042466102416267090e-08 1.177570718054530756e-09
3.385000000000000142e+01 9.819363796084190120e-09 4.258151034031627187e-10
4.260000000000000142e+01 2.184222795446795273e-09 9.158332022729412252e-11
5.364999999999999858e+01 4.402224099521230847e-10 1.635736826692780210e-11
6.754999999999999716e+01 8.654684202584949789e-11 2.871658625843308532e-12
8.504999999999999716e+01 1.847139127309505924e-11 5.932216361865727015e-13
1.069000000000000057e+02 3.748642448570674583e-12 1.506724179042066735e-13
1.345000000000000000e+02 6.825380254170779637e-13 2.967747055016060156e-14
