1.075000000000000000e+01 7.001974369466210035e-06 2.408928529386680992e-07
1.234999999999999964e+01 3.114031476975650665e-06 1.157881653390061508e-07
1.414999999999999858e+01 1.430113255499816131e-06 4.893001459993007686e-08
1.619999999999999929e+01 6.188907482180153935e-07 1.911714378794424746e-08
1.860000000000000142e+01 2.806907935852495522e-07 9.885443141622442460e-09
2.135000000000000142e+01 1.162549870011876033e-07 4.091380586338289733e-09
2.445000000000000284e+01 5.286133596130492164e-08 1.795964647372713595e-09
2.805000000000000071e+01 2.139973363572131581e-08 7.358798606648804798e-10
3.385000000000000142e+01 7.322545161260126177e-09 2.226819590688758402e-10
4.260000000000000142e+01 1.878601410889368858e-09 8.177077183490467478e-11
5.364999999999999858e+01 3.781864733465186647e-10 1.349294264912908784e-11
6.754999999999999716e+01 8.079144396823806707e-11 2.384714115851818434e-12
8.504999999999999716e+01 1.667937365322853392e-11 5.285142035053524683e-13
1.069000000000000057e+02 3.513228103781283382e-12 1.556675658964262523e-13
1.345000000000000000e+02 6.625369817334417269e-13 2.583292098156042044e-14
