1.075000000000000000e+01 8.070597074808022467e-06 3.069246039568999692e-07
1.234999999999999964e+01 3.766458892088820109e-06 1.942229177384521327e-07
1.414999999999999858e+01 1.578581684523877449e-06 5.368923641829414591e-08
1.619999999999999929e+01 6.667375625632716131e-07 2.451912897645446349e-08
1.860000000000000142e+01 2.809237597113644021e-07 1.196059803569560582e-08
2.135000000000000142e+01 1.140737476790489116e-07 4.085318001664285216e-09
2.445000000000000284e+01 5.048116875918027929e-08 1.935435323467097268e-09
2.805000000000000071e+01 2.228201674657646007e-08 1.181415269912727133e-09
3.385000000000000142e+01 6.525484327636250073e-09 2.342254534453054004e-10
4.260000000000000142e+01 1.432078238166557997e-09 5.127270001979168781e-11
5.364999999999999858e+01 3.157848129142535015e-10 8.737613846739673438e-12
6.754999999999999716e+01 7.138776845419688943e-11 2.437770104906997840e-12
8.504999999999999716e+01 1.495224490154727780e-11 6.738362131214771108e-13
1.069000000000000057e+02 2.786464196066139260e-12 1.042169019642253716e-13
1.345000000000000000e+02 5.551614985299481730e-13 2.703785537375035870e-14
