1.075000000000000000e+01 1.092311104178104929e-05 3.444357155786305466e-07
1.234999999999999964e+01 4.852396232047979550e-06 1.614060187539451599e-07
1.414999999999999858e+01 2.056667228688905299e-06 5.170585013980475174e-08
1.619999999999999929e+01 9.354991110112921506e-07 2.851844413133960887e-08
1.860000000000000142e+01 3.892731407298636731e-07 1.061375684954507981e-08
2.135000000000000142e+01 1.609843663699560508e-07 4.537594312837821981e-09
2.445000000000000284e+01 7.040444887203750232e-08 2.319609047766316343e-09
2.805000000000000071e+01 2.934758161352377580e-08 1.031907468268633747e-09
3.385000000000000142e+01 8.921824875660772152e-09 2.397233957998799322e-10
4.260000000000000142e+01 2.070165604361451580e-09 5.755330172422214945e-11
5.364999999999999858e+01 4.445864783015134941e-10 1.544610154801295291e-11
6.754999999999999716e+01 9.158703604589150095e-11 2.484048054166676552e-12
8.504999999999999716e+01 1.911598566222686231e-11 5.324852396342273214e-13
1.069000000000000057e+02 3.771719236994252940e-12 1.148003497688667089e-13
1.345000000000000000e+02 7.103866058995536294e-13 2.418305376005791195e-14
