1.075000000000000000e+01 1.650738174451689717e-05 5.855873643270777076e-07
1.234999999999999964e+01 7.220821467736700570e-06 2.626915973518544700e-07
1.414999999999999858e+01 2.814459604294970658e-06 8.190841342777240119e-08
1.619999999999999929e+01 1.188776259136026202e-06 4.016403039212250553e-08
1.860000000000000142e+01 5.156655911637575202e-07 1.759234373032741746e-08
2.135000000000000142e+01 2.146164273823008113e-07 6.799485440228769633e-09
2.445000000000000284e+01 8.288312310624040237e-08 2.841562233491207660e-09
2.805000000000000071e+01 3.879785226198569598e-08 1.644403458800479891e-09
3.385000000000000142e+01 1.073953090607339488e-08 3.543612137996710157e-10
4.260000000000000142e+01 2.352743531384882835e-09 1.028557045923801571e-10
5.364999999999999858e+01 5.105835567014592604e-10 1.729113227048603759e-11
6.754999999999999716e+01 1.089996130466599929e-10 3.431054349303598029e-12
8.504999999999999716e+01 2.124990841097448929e-11 6.581358808577754358e-13
1.069000000000000057e+02 4.057453481462608877e-12 1.324289469654001226e-13
1.345000000000000000e+02 7.560239790553148665e-13 3.111857835374709205e-14
