1.075000000000000000e+01 1.029665274855822620e-05 3.846868439211715923e-07
1.234999999999999964e+01 4.228123314889394642e-06 1.539275765029373772e-07
1.414999999999999858e+01 1.991144908987336481e-06 6.323582815760684745e-08
1.619999999999999929e+01 7.950292485857173715e-07 2.667465153955440912e-08
1.860000000000000142e+01 3.345089824913432808e-07 9.698359048357276901e-09
2.135000000000000142e+01 1.553180478724706701e-07 5.487035303490983693e-09
2.445000000000000284e+01 6.083046427170643623e-08 2.300057332456826005e-09
2.805000000000000071e+01 2.515497801553800103e-08 9.475984900974185183e-10
3.385000000000000142e+01 8.239429589134319077e-09 2.833269760003443702e-10
4.260000000000000142e+01 1.747973700402685020e-09 5.343202526338972218e-11
5.364999999999999858e+01 3.678331631495396319e-10 8.915828623066405542e-12
6.754999999999999716e+01 8.250993696250359627e-11 2.622187356687071700e-12
8.504999999999999716e+01 1.788952303163976022e-11 5.563957052965511326e-13
1.069000000000000057e+02 3.553157628441775361e-12 1.454891240934504068e-13
1.345000000000000000e+02 6.186748409442705074e-13 2.142257232661892097e-14
