1.075000000000000000e+01 6.560450774814994417e-06 2.577512915041859458e-07
1.234999999999999964e+01 2.828187827664290116e-06 8.407815377888130432e-08
1.414999999999999858e+01 1.339773813726914199e-06 3.998858906463448317e-08
1.619999999999999929e+01 6.156635487961053044e-07 2.212806836512327280e-08
1.860000000000000142e+01 2.683232209520165837e-07 8.133810469561144168e-09
2.135000000000000142e+01 1.162943423991754388e-07 3.969823763974769155e-09
2.445000000000000284e+01 5.298651640859696218e-08 1.931968854920478026e-09
2.805000000000000071e+01 2.329139394481675948e-08 8.902969781880638725e-10
3.385000000000000142e+01 7.230997378602260664e-09 2.176379484602314171e-10
4.260000000000000142e+01 1.719175767544393612e-09 4.805855078039444006e-11
5.364999999999999858e+01 3.953990975438939372e-10 1.348345970765279251e-11
6.754999999999999716e+01 9.067652000217492747e-11 2.890187718726952763e-12
8.504999999999999716e+01 1.892707798527332492e-11 7.507175132433628756e-13
1.069000000000000057e+02 3.809662329800117659e-12 1.496308305845709765e-13
1.345000000000000000e+02 7.088517936036588847e-13 2.712920768407915018e-14
