1.075000000000000000e+01 8.498992721971821682e-06 3.642265563224357179e-07
1.234999999999999964e+01 3.543648981657968795e-06 1.633916963750545363e-07
1.414999999999999858e+01 1.531179404093204209e-06 5.105909889334693429e-08
1.619999999999999929e+01 6.555191064154485600e-07 2.680584885728666801e-08
1.860000000000000142e+01 2.838278187954920450e-07 8.846497776436996067e-09
2.135000000000000142e+01 1.222913277167758646e-07 4.836695617538354323e-09
2.445000000000000284e+01 5.027477377570345802e-08 1.909621757201547745e-09
2.805000000000000071e+01 2.134778878894550783e-08 8.945035105110903795e-10
3.385000000000000142e+01 6.395242539389012219e-09 1.969954701406405570e-10
4.260000000000000142e+01 1.545974585192899596e-09 5.559427051267918462e-11
5.364999999999999858e+01 3.293554104734068517e-10 1.151299598722528761e-11
6.754999999999999716e+01 6.975913214458688309e-11 2.194773357160547803e-12
8.504999999999999716e+01 1.503238769519728982e-11 5.333164135583730928e-13
1.069000000000000057e+02 3.150798647005517620e-12 1.171425586754346221e-13
1.345000000000000000e+02 5.677024117929267531e-13 2.545514276590601543e-14
