1.075000000000000000e+01 6.146725552890869757e-06 1.948576866720322704e-07
1.234999999999999964e+01 2.852724918053298903e-06 1.371232506293245522e-07
1.414999999999999858e+01 1.337530409592525157e-06 4.918890099562842605e-08
1.619999999999999929e+01 5.805018928356286786e-07 2.302712695044731108e-08
1.860000000000000142e+01 2.595658082388792538e-07 1.007816891357815343e-08
2.135000000000000142e+01 1.034163189612272755e-07 3.503363490290459740e-09
2.445000000000000284e+01 4.339524259519145389e-08 1.490310106525551572e-09
2.805000000000000071e+01 2.322939843415452277e-08 1.059266661240925822e-09
3.385000000000000142e+01 6.571895377999970044e-09 1.905621325728005007e-10
4.260000000000000142e+01 1.542444226691688374e-09 4.884933527697708731e-11
5.364999999999999858e+01 3.710673800744131720e-10 1.359542704005114362e-11
6.754999999999999716e+01 7.463945429830390357e-11 1.935852608835578950e-12
8.504999999999999716e+01 1.597016493006310295e-11 5.304728153399239655e-13
1.069000000000000057e+02 3.116378248449667132e-12 9.817708017879129766e-14
1.345000000000000000e+02 5.998543997513941881e-13 2.401534929288562890e-14
