1.075000000000000000e+01 1.595949730388896055e-05 5.317677439116254778e-07
1.234999999999999964e+01 6.519189484576204068e-06 2.369093217440633809e-07
1.414999999999999858e+01 2.649827549586004400e-06 7.512038454165361824e-08
1.619999999999999929e+01 1.211883402692139555e-06 3.772209932913240661e-08
1.860000000000000142e+01 4.753021341718447073e-07 1.578040510697539055e-08
2.135000000000000142e+01 2.018760635163100356e-07 6.155485071916091892e-09
2.445000000000000284e+01 8.156089242553882125e-08 2.649709454347039026e-09
2.805000000000000071e+01 3.501427677352932766e-08 1.340973761960086323e-09
3.385000000000000142e+01 1.021773111959793155e-08 3.174797598173273874e-10
4.260000000000000142e+01 2.220414971264885508e-09 6.462621178195383170e-11
5.364999999999999858e+01 4.919349438542831770e-10 1.841893770949856683e-11
6.754999999999999716e+01 9.571516570532148989e-11 2.849481627662520131e-12
8.504999999999999716e+01 2.063374036165627365e-11 8.679545900567653669e-13
1.069000000000000057e+02 4.116928151912205751e-12 1.433138624591155283e-13
1.345000000000000000e+02 7.321766350348248617e-13 3.018233685148036795e-14
