1.075000000000000000e+01 1.412371857257955350e-05 4.563691620126106072e-07
1.234999999999999964e+01 6.384961430582446026e-06 2.733295819722202232e-07
1.414999999999999858e+01 2.364803925675084779e-06 6.938193906107672274e-08
1.619999999999999929e+01 1.024817554970362912e-06 3.245400832084906249e-08
1.860000000000000142e+01 4.306769425121512855e-07 1.398333512303374362e-08
2.135000000000000142e+01 1.759864387794502521e-07 5.800413430287894844e-09
2.445000000000000284e+01 7.297912722114893905e-08 2.743598308872925094e-09
2.805000000000000071e+01 2.965430129542384210e-08 1.270563590844566162e-09
3.385000000000000142e+01 9.360508611659503582e-09 3.098629996266026355e-10
4.260000000000000142e+01 1.923755080325296620e-09 6.069517802522632311e-11
5.364999999999999858e+01 4.823141654833349767e-10 2.105113186818483880e-11
6.754999999999999716e+01 8.899107697838645801e-11 2.760077779821008152e-12
8.504999999999999716e+01 1.947167547173865333e-11 7.965075786957114271e-13
1.069000000000000057e+02 3.807623395932230922e-12 1.444719067215748434e-13
1.345000000000000000e+02 6.933664786964812225e-13 3.330607062403454030e-14
