1.075000000000000000e+01 1.286342747190049319e-05 4.166579740641322884e-07
1.234999999999999964e+01 5.187416199866276353e-06 1.456056879078582143e-07
1.414999999999999858e+01 2.236718356998595728e-06 6.113022769697712495e-08
1.619999999999999929e+01 1.035275053759094296e-06 3.183707547328690858e-08
1.860000000000000142e+01 4.799461798382843303e-07 1.777689130359590407e-08
2.135000000000000142e+01 1.762995833060210460e-07 5.416862209260720943e-09
2.445000000000000284e+01 7.157381690441233267e-08 2.281753263741039660e-09
2.805000000000000071e+01 3.176638875710095054e-08 1.134267459610682802e-09
3.385000000000000142e+01 1.018431150948158799e-08 3.143301867537365183e-10
4.260000000000000142e+01 2.332154622003744904e-09 1.003142090882421741e-10
5.364999999999999858e+01 4.799278203834842656e-10 1.634332762933143700e-11
6.754999999999999716e+01 1.041918371437253052e-10 3.107821497035805582e-12
8.504999999999999716e+01 2.029419887691061582e-11 5.982266324414293132e-13
1.069000000000000057e+02 3.963196177075178183e-12 1.266110565426602333e-13
1.345000000000000000e+02 7.374631924191318215e-13 2.667408266451052212e-14
