1.075000000000000000e+01 1.209745428775713447e-05 4.807923715634299886e-07
1.234999999999999964e+01 5.305641635629649581e-06 1.597734862264191597e-07
1.414999999999999858e+01 2.177376784676099330e-06 6.090243216908943226e-08
1.619999999999999929e+01 1.048684337952761347e-06 3.537937882193529163e-08
1.860000000000000142e+01 4.087149393297674836e-07 1.223864232554108216e-08
2.135000000000000142e+01 1.749565835438635160e-07 5.399510613937260320e-09
2.445000000000000284e+01 7.528266371964305159e-08 2.562508492806677760e-09
2.805000000000000071e+01 3.379606299359939280e-08 1.317929751226278653e-09
3.385000000000000142e+01 1.053661196691126082e-08 3.735738048116724052e-10
4.260000000000000142e+01 2.349204333280392103e-09 8.668546023640736894e-11
5.364999999999999858e+01 5.351182145165025080e-10 2.212323398912354058e-11
6.754999999999999716e+01 1.152510382466203656e-10 5.719173901302271862e-12
8.504999999999999716e+01 2.191616959620380248e-11 6.794536309589299389e-13
1.069000000000000057e+02 4.307099017535044683e-12 1.398370056805892948e-13
1.345000000000000000e+02 7.878572132665151578e-13 3.107980019434197704e-14
