1.075000000000000000e+01 1.135719441244272118e-05 4.532452222425114002e-07
1.234999999999999964e+01 4.522828006732662616e-06 1.796518109304734468e-07
1.414999999999999858e+01 1.965543244119278146e-06 6.290288057022107692e-08
1.619999999999999929e+01 8.432712385981573006e-07 2.843591836437081419e-08
1.860000000000000142e+01 3.823298612240320967e-07 1.486424857397666942e-08
2.135000000000000142e+01 1.555736811663122936e-07 5.766033950120979517e-09
2.445000000000000284e+01 6.674261829317362243e-08 2.856398645622988020e-09
2.805000000000000071e+01 2.648120291383819317e-08 1.002502769968265977e-09
3.385000000000000142e+01 9.162266827542907743e-09 3.373581326689366635e-10
4.260000000000000142e+01 1.846805777958929951e-09 7.982134130332774516e-11
5.364999999999999858e+01 3.868934206628617311e-10 9.491631782061476334e-12
6.754999999999999716e+01 8.771782224425956367e-11 2.793531985812417910e-12
8.504999999999999716e+01 1.830284687958139185e-11 6.370993640302402266e-13
1.069000000000000057e+02 3.421883016689328993e-12 1.246233492082908331e-13
1.345000000000000000e+02 6.250955682331880130e-13 2.576268570269181876e-14
