1.075000000000000000e+01 9.250385800162581762e-06 3.183473700191194169e-07
1.234999999999999964e+01 4.023040883058260227e-06 1.569250450818745373e-07
1.414999999999999858e+01 1.753063070080198213e-06 5.262654960207167786e-08
1.619999999999999929e+01 7.877445167136109729e-07 2.602203629803212045e-08
1.860000000000000142e+01 3.353057574675168874e-07 1.129688030777831024e-08
2.135000000000000142e+01 1.338523370854932634e-07 4.396864282410429630e-09
2.445000000000000284e+01 5.762294546468250471e-08 1.959732874431093196e-09
2.805000000000000071e+01 2.528140689712967884e-08 9.302414505751738684e-10
3.385000000000000142e+01 8.243330442332871223e-09 3.398663093470733983e-10
4.260000000000000142e+01 1.772789086182081208e-09 5.837940709191469067e-11
5.364999999999999858e+01 3.752112464225019863e-10 1.220170867355655262e-11
6.754999999999999716e+01 8.365868943398511421e-11 2.835226801688837852e-12
8.504999999999999716e+01 1.800831692031526057e-11 6.080637048881601670e-13
1.069000000000000057e+02 3.631064767551517686e-12 1.347652454732638920e-13
1.345000000000000000e+02 6.408518468253839020e-13 2.898740015638401860e-14
