1.075000000000000000e+01 1.134330789188701568e-05 2.995148853094283870e-07
1.234999999999999964e+01 4.532738738648808970e-06 1.114322230789413562e-07
1.414999999999999858e+01 2.081942952315601811e-06 5.941132026118612763e-08
1.619999999999999929e+01 8.949081586115313706e-07 2.279900392176413517e-08
1.860000000000000142e+01 4.102172726211656104e-07 1.326213370380952357e-08
2.135000000000000142e+01 1.759424342536152839e-07 6.871803414318128761e-09
2.445000000000000284e+01 7.251859725984442592e-08 2.290087855451733628e-09
2.805000000000000071e+01 2.915482982443637843e-08 1.069832215217342180e-09
3.385000000000000142e+01 9.328051771646681357e-09 2.525584751143913077e-10
4.260000000000000142e+01 2.105390709833945523e-09 5.667236854297979766e-11
5.364999999999999858e+01 4.622922407737673515e-10 1.434654373871007932e-11
6.754999999999999716e+01 9.986652483083509321e-11 3.159459820211239236e-12
8.504999999999999716e+01 2.140944092510972728e-11 7.129243576515834793e-13
1.069000000000000057e+02 4.289131090720497805e-12 1.694921220318217926e-13
1.345000000000000000e+02 7.194611561212096416e-13 2.630052771618824801e-14
