1.075000000000000000e+01 9.278466004594550324e-06 4.061199866500017962e-07
1.234999999999999964e+01 3.368174369025241036e-06 9.954276522265628307e-08
1.414999999999999858e+01 1.566070085038971282e-06 5.082716435056540547e-08
1.619999999999999929e+01 7.768271879078777212e-07 3.395238584946515491e-08
1.860000000000000142e+01 3.008217850995725144e-07 1.222425212042364860e-08
2.135000000000000142e+01 1.228081819866664263e-07 4.157196276051671359e-09
2.445000000000000284e+01 5.154637056607306755e-08 2.048489450573518705e-09
2.805000000000000071e+01 2.399700450783483261e-08 1.098256240220635426e-09
3.385000000000000142e+01 7.069753206591934340e-09 2.317626135985339962e-10
4.260000000000000142e+01 1.650945407192249351e-09 5.649289929412460733e-11
5.364999999999999858e+01 3.564471763632083046e-10 1.348735509797119737e-11
6.754999999999999716e+01 7.855939126026249429e-11 2.670925557825003453e-12
8.504999999999999716e+01 1.676042025320715445e-11 5.643715542493414463e-13
1.069000000000000057e+02 3.316571025767790478e-12 1.396203334739152688e-13
1.345000000000000000e+02 6.371145309189968813e-13 2.938239150092484031e-14
