1.075000000000000000e+01 7.164676223912561984e-06 2.614362949963080454e-07
1.234999999999999964e+01 3.115387928993413900e-06 1.128902756230141521e-07
1.414999999999999858e+01 1.417229632668977603e-06 3.681310226958216477e-08
1.619999999999999929e+01 6.830715026784390168e-07 2.731838944030749073e-08
1.860000000000000142e+01 2.783813667354121240e-07 1.237102583764102287e-08
2.135000000000000142e+01 1.269608628427137907e-07 4.407095271586053925e-09
2.445000000000000284e+01 5.472600838862948185e-08 2.027506517672754198e-09
2.805000000000000071e+01 2.516062098443158181e-08 9.416794811522360808e-10
3.385000000000000142e+01 7.091285713397796920e-09 1.946030006343452489e-10
4.260000000000000142e+01 1.828179745915592354e-09 5.917114662283320647e-11
5.364999999999999858e+01 4.080737603514940307e-10 1.543893695792446045e-11
6.754999999999999716e+01 8.466599833862324419e-11 2.461456061287853694e-12
8.504999999999999716e+01 1.912690079356300050e-11 7.487536410537155306e-13
1.069000000000000057e+02 3.423248285910486625e-12 1.130848215542085168e-13
1.345000000000000000e+02 6.948734128638614212e-13 2.734567095889043707e-14
