1.075000000000000000e+01 1.017498353160675645e-05 4.361772963962705112e-07
1.234999999999999964e+01 4.061656122461584970e-06 1.168554735891273546e-07
1.414999999999999858e+01 1.824800234789957204e-06 5.796139643072053435e-08
1.619999999999999929e+01 8.236106885766594569e-07 3.106182335465952783e-08
1.860000000000000142e+01 3.348341098507564685e-07 1.029471696422147355e-08
2.135000000000000142e+01 1.411736883805786767e-07 4.956194240540734472e-09
2.445000000000000284e+01 6.039487490011284794e-08 2.296960545629876679e-09
2.805000000000000071e+01 2.580250469261340826e-08 1.129627279884276024e-09
3.385000000000000142e+01 7.935467530183300801e-09 2.358873455469836859e-10
4.260000000000000142e+01 1.913097926957659922e-09 6.613741720976325065e-11
5.364999999999999858e+01 4.320838082843457106e-10 1.784608619123952822e-11
6.754999999999999716e+01 8.506917285602066229e-11 2.560022859015589585e-12
8.504999999999999716e+01 1.792841756111285715e-11 5.778325572623518731e-13
1.069000000000000057e+02 3.951004833414556967e-12 1.767532569874973671e-13
1.345000000000000000e+02 7.114745332744535514e-13 2.734175044144484976e-14
