1.075000000000000000e+01 8.609344072028730178e-06 2.788764783637634893e-07
1.234999999999999964e+01 4.078922525661729561e-06 1.669079156430922265e-07
1.414999999999999858e+01 1.702905497705968256e-06 5.040832047228880930e-08
1.619999999999999929e+01 7.506442737583859126e-07 2.489668833723518068e-08
1.860000000000000142e+01 3.303254618891483448e-07 1.100597008191094452e-08
2.135000000000000142e+01 1.456378529484318861e-07 4.754228320602031555e-09
2.445000000000000284e+01 6.360815026031132775e-08 2.225227131993733177e-09
2.805000000000000071e+01 2.722554056490876259e-08 1.034730394862740963e-09
3.385000000000000142e+01 8.031522711062341720e-09 2.324875614005109757e-10
4.260000000000000142e+01 2.006068822323425434e-09 6.133782119707834712e-11
5.364999999999999858e+01 4.339674262841106932e-10 1.569733307417004126e-11
6.754999999999999716e+01 8.906911762996772312e-11 2.521744899355279071e-12
8.504999999999999716e+01 1.910138816003662403e-11 5.980370866733733109e-13
1.069000000000000057e+02 3.784918665871863662e-12 1.400720629476032946e-13
1.345000000000000000e+02 7.075267584354330502e-13 2.669841499444381025e-14
