1.075000000000000000e+01 7.859293444217620354e-06 2.885232463466330015e-07
1.234999999999999964e+01 3.460961611855981172e-06 9.518719042528046438e-08
1.414999999999999858e+01 1.588647901354015234e-06 4.972445408637050858e-08
1.619999999999999929e+01 7.358232853039597704e-07 2.293372696902432714e-08
1.860000000000000142e+01 3.300805785022251381e-07 1.186664903358424451e-08
2.135000000000000142e+01 1.385730218963585374e-07 4.398762512737102215e-09
2.445000000000000284e+01 6.291006484071071260e-08 2.293508744578156878e-09
2.805000000000000071e+01 2.620496521317082058e-08 9.355289396932396643e-10
3.385000000000000142e+01 8.035258866804734422e-09 2.482000487969462904e-10
4.260000000000000142e+01 1.985994929055843563e-09 5.832185671019554486e-11
5.364999999999999858e+01 4.424503926447876764e-10 1.532513687135270388e-11
6.754999999999999716e+01 9.412515837184318459e-11 2.658222439782107047e-12
8.504999999999999716e+01 1.970379646651212737e-11 6.080151643396532191e-13
1.069000000000000057e+02 4.321800689440521708e-12 1.846444815894588087e-13
1.345000000000000000e+02 8.050528041676574163e-13 3.159232412810601815e-14
