1.075000000000000000e+01 7.553202420984540112e-06 2.488225085073305618e-07
1.234999999999999964e+01 3.271188574331443960e-06 9.926166661172391072e-08
1.414999999999999858e+01 1.448999239488813725e-06 4.621971121500909316e-08
1.619999999999999929e+01 6.298782777274892513e-07 1.771964489271844171e-08
1.860000000000000142e+01 2.992918196164158488e-07 1.305156367336101057e-08
2.135000000000000142e+01 1.250194048140356397e-07 4.688245570628288065e-09
2.445000000000000284e+01 5.712687626155491943e-08 2.430007195691727701e-09
2.805000000000000071e+01 2.326839424435131702e-08 9.551165447937362287e-10
3.385000000000000142e+01 6.946116371694713741e-09 2.640170144138527600e-10
4.260000000000000142e+01 1.573632048356571730e-09 5.264562936931444045e-11
5.364999999999999858e+01 3.655421675474815107e-10 1.488330147621926245e-11
6.754999999999999716e+01 7.638882969309419257e-11 2.623973048639040626e-12
8.504999999999999716e+01 1.711615559059783736e-11 5.690155052198940337e-13
1.069000000000000057e+02 3.176186287629431852e-12 1.445489054363530344e-13
1.345000000000000000e+02 5.901353226717625129e-13 2.423805162932243631e-14
