1.075000000000000000e+01 1.223410900704591306e-05 4.144520246809674185e-07
1.234999999999999964e+01 4.935592452410578847e-06 1.618198777865411691e-07
1.414999999999999858e+01 2.157703684007976008e-06 5.766313834118969782e-08
1.619999999999999929e+01 9.903492782489674401e-07 2.833806459210698580e-08
1.860000000000000142e+01 4.553104795853453567e-07 1.754278402969699262e-08
2.135000000000000142e+01 1.740720064245200692e-07 5.350336496837533498e-09
2.445000000000000284e+01 7.919096506360039821e-08 2.656426342525207388e-09
2.805000000000000071e+01 3.402383978492718041e-08 1.317372862375937439e-09
3.385000000000000142e+01 9.799854535205696930e-09 3.198683523015076255e-10
4.260000000000000142e+01 2.229615880231362675e-09 6.433547970724472473e-11
5.364999999999999858e+01 5.053801817458685370e-10 1.557103172017812301e-11
6.754999999999999716e+01 1.049013466881461525e-10 3.211866686910744311e-12
8.504999999999999716e+01 2.017515900363561597e-11 6.009646421843765651e-13
1.069000000000000057e+02 4.232053091365886038e-12 1.574179904674050044e-13
1.345000000000000000e+02 7.337557137368951702e-13 3.011492814057971493e-14
