1.075000000000000000e+01 1.249018065497019132e-05 4.247377133223658033e-07
1.234999999999999964e+01 5.405448617061037636e-06 1.748189715476346724e-07
1.414999999999999858e+01 2.260616159409165478e-06 6.795303934223735816e-08
1.619999999999999929e+01 9.974388122990207838e-07 3.206885989310637687e-08
1.860000000000000142e+01 4.219431553713448440e-07 1.428972957762831212e-08
2.135000000000000142e+01 1.738527658656690845e-07 7.009776531755907378e-09
2.445000000000000284e+01 7.226977239829390180e-08 2.999075258368951544e-09
2.805000000000000071e+01 2.872647295807082075e-08 1.026743826268785554e-09
3.385000000000000142e+01 9.166144436356171668e-09 2.824377579394116769e-10
4.260000000000000142e+01 2.144691575861284907e-09 8.616814045960504262e-11
5.364999999999999858e+01 4.164901635787113229e-10 1.226348895739907816e-11
6.754999999999999716e+01 9.119819699458137768e-11 2.854198298218954856e-12
8.504999999999999716e+01 1.928746662448948020e-11 6.326214681831120065e-13
1.069000000000000057e+02 3.901217811262227369e-12 1.768825583751273226e-13
1.345000000000000000e+02 6.482897759502774759e-13 2.779446401956140131e-14
