1.075000000000000000e+01 8.339016516806591674e-06 2.882121839347182106e-07
1.234999999999999964e+01 3.830836366796148942e-06 1.117907900697524262e-07
1.414999999999999858e+01 1.758774292645473540e-06 5.626534475025248310e-08
1.619999999999999929e+01 7.695899164255192409e-07 2.377892873655894403e-08
1.860000000000000142e+01 3.351756980239494590e-07 9.403556930305588555e-09
2.135000000000000142e+01 1.465694984741314307e-07 4.705162829924975449e-09
2.445000000000000284e+01 6.271535135992092775e-08 1.972771143307219167e-09
2.805000000000000071e+01 2.538434899470875684e-08 8.134675430063316734e-10
3.385000000000000142e+01 9.089925737925402390e-09 3.009934026687092976e-10
4.260000000000000142e+01 1.929291745715609128e-09 5.544147288986434118e-11
5.364999999999999858e+01 4.594304591624420101e-10 1.707490782876269027e-11
6.754999999999999716e+01 9.967786358420901183e-11 3.125337297050058806e-12
8.504999999999999716e+01 2.029624192492188461e-11 6.208588954231104264e-13
1.069000000000000057e+02 4.020997479638863699e-12 1.454859978728280441e-13
1.345000000000000000e+02 7.811149951494337384e-13 2.619158047798959687e-14
