1.075000000000000000e+01 1.822686703437680810e-05 5.529057892205535790e-07
1.234999999999999964e+01 7.747434672024133793e-06 2.597238459590871182e-07
1.414999999999999858e+01 3.104472599841163760e-06 8.204658383094021081e-08
1.619999999999999929e+01 1.426639607446125926e-06 4.428830706192347637e-08
1.860000000000000142e+01 5.861266687841491731e-07 1.886748917414196338e-08
2.135000000000000142e+01 2.377149253415047591e-07 7.042491562903961126e-09
2.445000000000000284e+01 1.086081580295514637e-07 3.740474443371148879e-09
2.805000000000000071e+01 4.183162384943507568e-08 1.505931538872142775e-09
3.385000000000000142e+01 1.214237338047761313e-08 3.718451619780800752e-10
4.260000000000000142e+01 2.571379341569189563e-09 6.973808080940611642e-11
5.364999999999999858e+01 5.620694268152202745e-10 1.728144270559368920e-11
6.754999999999999716e+01 1.201630564711595259e-10 3.185147055555440240e-12
8.504999999999999716e+01 2.336327909578074241e-11 6.748690198697441263e-13
1.069000000000000057e+02 4.246469031325476420e-12 1.202834808263079157e-13
1.345000000000000000e+02 8.586017189873183191e-13 3.414574233522487795e-14
