1.075000000000000000e+01 5.890553969344181012e-06 2.069495333580581747e-07
1.234999999999999964e+01 2.544912362737197478e-06 8.133190731655385129e-08
1.414999999999999858e+01 1.144650899451275545e-06 3.483544722879222238e-08
1.619999999999999929e+01 4.883509487925865163e-07 1.370284387518672093e-08
1.860000000000000142e+01 2.394746560540657572e-07 1.075686522427152398e-08
2.135000000000000142e+01 1.013528544425228019e-07 3.503057458653303181e-09
2.445000000000000284e+01 4.389216127842095590e-08 1.840687212455905814e-09
2.805000000000000071e+01 1.948335344918607496e-08 9.055039891926899366e-10
3.385000000000000142e+01 5.981067492374371585e-09 1.572296867651359621e-10
4.260000000000000142e+01 1.451970594367708274e-09 4.379339100541864454e-11
5.364999999999999858e+01 3.034613435534158940e-10 7.645666993460733724e-12
6.754999999999999716e+01 6.704421310931875920e-11 1.881011111288816656e-12
8.504999999999999716e+01 1.463893932632690255e-11 5.020765795877515419e-13
1.069000000000000057e+02 2.954781808707866710e-12 1.044061797374178911e-13
1.345000000000000000e+02 5.795379471339640759e-13 2.882491199032756470e-14
