1.075000000000000000e+01 8.293459748958353805e-06 2.970357662155658205e-07
1.234999999999999964e+01 3.663073367372443962e-06 1.471965314484899270e-07
1.414999999999999858e+01 1.680199435946854072e-06 5.583844176630655666e-08
1.619999999999999929e+01 7.064550665261774854e-07 2.366729562617979426e-08
1.860000000000000142e+01 3.098135454069448444e-07 1.062424394157740436e-08
2.135000000000000142e+01 1.279410594249890631e-07 4.213304517639613024e-09
2.445000000000000284e+01 5.804771064625377772e-08 2.331361043039816561e-09
2.805000000000000071e+01 2.310814039524362474e-08 8.529243492387561549e-10
3.385000000000000142e+01 8.348527338595583036e-09 2.926315746478899313e-10
4.260000000000000142e+01 1.800473817374394676e-09 5.723212597727374109e-11
5.364999999999999858e+01 4.116512320116590156e-10 1.273811036314341115e-11
6.754999999999999716e+01 9.093509742405825594e-11 5.212849905023234701e-12
8.504999999999999716e+01 1.807834784588308168e-11 5.982518615845137830e-13
1.069000000000000057e+02 3.615792632375217653e-12 1.394359928060827856e-13
1.345000000000000000e+02 7.099226304122732107e-13 3.200736820175134813e-14
