1.075000000000000000e+01 8.975135719200695483e-06 2.657429960770993325e-07
1.234999999999999964e+01 4.278226448828589845e-06 1.709095956526813961e-07
1.414999999999999858e+01 1.800205151803176424e-06 5.775415882349261086e-08
1.619999999999999929e+01 8.587848874709987688e-07 2.951211111311935634e-08
1.860000000000000142e+01 3.458780498575528195e-07 9.491780255067316860e-09
2.135000000000000142e+01 1.491534227112317095e-07 4.735374498113189590e-09
2.445000000000000284e+01 6.839188493345092517e-08 2.354886072178356559e-09
2.805000000000000071e+01 2.857593648375531282e-08 1.085631855924558791e-09
3.385000000000000142e+01 9.268218244284727837e-09 2.955745470482197325e-10
4.260000000000000142e+01 2.011872820881839209e-09 7.858538898244606829e-11
5.364999999999999858e+01 4.711348408506953491e-10 1.987529600141129821e-11
6.754999999999999716e+01 9.728461569033057960e-11 2.760427553492330678e-12
8.504999999999999716e+01 1.921736237706555337e-11 5.240714200059280731e-13
1.069000000000000057e+02 3.920692710235108275e-12 1.214306002268940028e-13
1.345000000000000000e+02 7.536449442608214231e-13 3.225612954772135702e-14
