1.075000000000000000e+01 5.237657743810558414e-06 2.448006912428523798e-07
1.234999999999999964e+01 2.078318225186883855e-06 9.743987852368429885e-08
1.414999999999999858e+01 9.630503249242930939e-07 3.630399847771210797e-08
1.619999999999999929e+01 4.844055699188266673e-07 1.960913627731283383e-08
1.860000000000000142e+01 2.132417661819503495e-07 1.210746147847256536e-08
2.135000000000000142e+01 8.497838905865182028e-08 3.264320873094745821e-09
2.445000000000000284e+01 3.789519338519465979e-08 1.646129023224182895e-09
2.805000000000000071e+01 1.600548831405359201e-08 6.397063937284655364e-10
3.385000000000000142e+01 5.328174943621167902e-09 2.153449849588865951e-10
4.260000000000000142e+01 1.228235872779780460e-09 4.159257538839205394e-11
5.364999999999999858e+01 2.841168412017222894e-10 7.798977828411372324e-12
6.754999999999999716e+01 6.246861279502293738e-11 1.953956504483213791e-12
8.504999999999999716e+01 1.407438180934585560e-11 5.063301727567280067e-13
1.069000000000000057e+02 2.725239641305415732e-12 1.216958094347913962e-13
1.345000000000000000e+02 5.644793689746808872e-13 2.783088170681282565e-14
