1.075000000000000000e+01 9.853249870245105727e-06 3.047448759458101874e-07
1.234999999999999964e+01 3.852314554070518470e-06 1.004879190796549290e-07
1.414999999999999858e+01 1.819411764001831925e-06 5.521814750028250292e-08
1.619999999999999929e+01 8.287213214329893190e-07 2.916942323954106688e-08
1.860000000000000142e+01 3.442721756344222249e-07 1.279281611169520898e-08
2.135000000000000142e+01 1.442798762751166378e-07 4.821605603633892219e-09
2.445000000000000284e+01 6.558990308415822824e-08 2.575095123056139650e-09
2.805000000000000071e+01 2.599198920163445126e-08 1.057928859690011764e-09
3.385000000000000142e+01 8.127428477450978605e-09 2.477377520719017540e-10
4.260000000000000142e+01 1.971128813318029337e-09 6.875018917194551142e-11
5.364999999999999858e+01 3.939991100398235247e-10 1.399381490388557927e-11
6.754999999999999716e+01 8.428906305587101866e-11 2.465604740558402798e-12
8.504999999999999716e+01 1.825686005296297898e-11 6.547574745775710038e-13
1.069000000000000057e+02 3.711117516767046956e-12 1.523342469235662366e-13
1.345000000000000000e+02 6.204989311896094746e-13 2.059045896382908025e-14
