1.075000000000000000e+01 6.792159310712856098e-06 2.467730978896341948e-07
1.234999999999999964e+01 2.985730092772538045e-06 9.487229069290345454e-08
1.414999999999999858e+01 1.329705732784734087e-06 4.673242452083715195e-08
1.619999999999999929e+01 5.835544849920748136e-07 2.227339829868301587e-08
1.860000000000000142e+01 2.697662375618386690e-07 9.021997439942709305e-09
2.135000000000000142e+01 1.100145970464970167e-07 3.765584190503137146e-09
2.445000000000000284e+01 4.953424694764377654e-08 2.121074144468165213e-09
2.805000000000000071e+01 2.018899622599333195e-08 7.701377383516590504e-10
3.385000000000000142e+01 6.393952718460606488e-09 1.745184055834962920e-10
4.260000000000000142e+01 1.500076032795524657e-09 4.554225564197000867e-11
5.364999999999999858e+01 3.865800659885641218e-10 1.828817259307404329e-11
6.754999999999999716e+01 7.887683473943830588e-11 2.571591199938195146e-12
8.504999999999999716e+01 1.600572506119700502e-11 5.403366224767248894e-13
1.069000000000000057e+02 3.286419193509822560e-12 1.151809624839563062e-13
1.345000000000000000e+02 6.314576883789003987e-13 2.307301302408232367e-14
