1.075000000000000000e+01 8.883329863547714106e-06 3.527652118186060389e-07
1.234999999999999964e+01 3.927666004246882603e-06 1.566097953403407978e-07
1.414999999999999858e+01 1.564379489079242720e-06 5.193992484578413893e-08
1.619999999999999929e+01 7.062812283932589775e-07 2.370286723581201823e-08
1.860000000000000142e+01 3.233198558095693313e-07 1.102499398858242852e-08
2.135000000000000142e+01 1.263209358659945598e-07 3.890534782458712479e-09
2.445000000000000284e+01 6.051640480875666041e-08 2.393123567335004479e-09
2.805000000000000071e+01 2.330730484416532629e-08 9.835191036502957797e-10
3.385000000000000142e+01 7.582902989295235321e-09 2.345821451703665034e-10
4.260000000000000142e+01 1.793987958818926847e-09 7.860320221510210685e-11
5.364999999999999858e+01 3.767371363602057599e-10 1.139910262333707179e-11
6.754999999999999716e+01 8.205747196034573698e-11 2.597312204980824866e-12
8.504999999999999716e+01 1.714021761616596035e-11 7.830769872611128334e-13
1.069000000000000057e+02 3.378116933099198806e-12 1.106912526169249679e-13
1.345000000000000000e+02 6.777627150043469432e-13 2.907248130279849431e-14
