1.075000000000000000e+01 1.140904185400690750e-05 4.686645534651160761e-07
1.234999999999999964e+01 5.116721811466762686e-06 2.227904708992446233e-07
1.414999999999999858e+01 1.914857762429109396e-06 6.337492209864383410e-08
1.619999999999999929e+01 8.689230759253593665e-07 3.407019132076773556e-08
1.860000000000000142e+01 3.445334271935516004e-07 1.207012375105792806e-08
2.135000000000000142e+01 1.500252317941768862e-07 7.032787501465996585e-09
2.445000000000000284e+01 6.844554253478928195e-08 3.092419566340349386e-09
2.805000000000000071e+01 2.580990556135608768e-08 1.122324065703140869e-09
3.385000000000000142e+01 7.772764525987115306e-09 2.762496489951862226e-10
4.260000000000000142e+01 1.784063539079599432e-09 6.597202720837746548e-11
5.364999999999999858e+01 3.841297051269678039e-10 1.754592415612855975e-11
6.754999999999999716e+01 8.570349218451058262e-11 5.371463709123230168e-12
8.504999999999999716e+01 1.518338188113555822e-11 4.731693772434319963e-13
1.069000000000000057e+02 3.243973034601994228e-12 1.187501183468006622e-13
1.345000000000000000e+02 6.188487484184950084e-13 2.904313080310419893e-14
