1.075000000000000000e+01 5.531839831380216451e-06 2.519985008642667771e-07
1.234999999999999964e+01 2.369804557575118925e-06 1.160730675919530926e-07
1.414999999999999858e+01 1.202102111753746276e-06 6.694805923744853496e-08
1.619999999999999929e+01 5.192142572465465009e-07 2.983640086880905102e-08
1.860000000000000142e+01 2.293921989378640991e-07 7.832389528055083162e-09
2.135000000000000142e+01 1.028966135632578357e-07 4.264792652610001881e-09
2.445000000000000284e+01 4.198373921289185157e-08 1.597570933773638385e-09
2.805000000000000071e+01 1.877681460331594584e-08 9.845547043483546070e-10
3.385000000000000142e+01 5.801234858002643756e-09 1.976705806350319843e-10
4.260000000000000142e+01 1.430880775000774204e-09 4.893022037598348029e-11
5.364999999999999858e+01 3.157259907861126236e-10 1.120229606458568036e-11
6.754999999999999716e+01 6.973808954187195559e-11 2.075818404698886125e-12
8.504999999999999716e+01 1.476233016027930749e-11 4.730280812854788568e-13
1.069000000000000057e+02 3.081691184912044938e-12 1.102213643335757061e-13
1.345000000000000000e+02 5.703850251901318984e-13 2.671940157177559098e-14
