1.075000000000000000e+01 1.813517934272307756e-05 5.475000980288775606e-07
1.234999999999999964e+01 7.519272874582542477e-06 2.362024660001652866e-07
1.414999999999999858e+01 3.117072461950719235e-06 8.468657455633146385e-08
1.619999999999999929e+01 1.307524401520186730e-06 3.779160413229966887e-08
1.860000000000000142e+01 5.758735459210931963e-07 1.876241952345494705e-08
2.135000000000000142e+01 2.224759371764130040e-07 8.117044967521641914e-09
2.445000000000000284e+01 9.740306425484231221e-08 3.569566104030918651e-09
2.805000000000000071e+01 3.736483018441480507e-08 1.560504215909690015e-09
3.385000000000000142e+01 1.151038775242707417e-08 3.885500471605366799e-10
4.260000000000000142e+01 2.516267326317266940e-09 8.100614910726648765e-11
5.364999999999999858e+01 5.053008217325133892e-10 1.622087257239021649e-11
6.754999999999999716e+01 1.021255074732199066e-10 2.882010805775080003e-12
8.504999999999999716e+01 2.157228626761025460e-11 8.452052989078531044e-13
1.069000000000000057e+02 4.354293160536401893e-12 1.501343421579267228e-13
1.345000000000000000e+02 7.341004098158254765e-13 2.796043798791218177e-14
