1.075000000000000000e+01 1.624527193069472938e-05 5.336840964095800094e-07
1.234999999999999964e+01 6.710786307078459568e-06 2.292205020568437773e-07
1.414999999999999858e+01 2.772849588862565670e-06 7.763834671275378811e-08
1.619999999999999929e+01 1.193846524672308159e-06 3.250503352598766697e-08
1.860000000000000142e+01 5.315291710008147988e-07 1.815337965600589034e-08
2.135000000000000142e+01 2.168560051653482541e-07 6.539972145105921770e-09
2.445000000000000284e+01 8.735109833424115704e-08 3.011423806488448876e-09
2.805000000000000071e+01 3.406920842967858439e-08 1.080161887542151369e-09
3.385000000000000142e+01 1.211340723213326500e-08 4.350155410519416097e-10
4.260000000000000142e+01 2.474507134898415319e-09 9.190793358890720284e-11
5.364999999999999858e+01 5.158911765522291587e-10 1.702430497114474796e-11
6.754999999999999716e+01 1.084747087965289099e-10 2.997402610344280511e-12
8.504999999999999716e+01 2.117853338366946569e-11 7.089649846930378086e-13
1.069000000000000057e+02 4.220501399231145759e-12 1.488059794071743778e-13
1.345000000000000000e+02 8.105700255767392247e-13 3.573401333632686446e-14
