1.075000000000000000e+01 1.327567721099014840e-05 3.881364696800005212e-07
1.234999999999999964e+01 5.935437669066217771e-06 1.747475323175263349e-07
1.414999999999999858e+01 2.618629670041541524e-06 7.458399092721700835e-08
1.619999999999999929e+01 1.106512971219974937e-06 3.056232497188342987e-08
1.860000000000000142e+01 4.616001015939732250e-07 1.147335042346614660e-08
2.135000000000000142e+01 2.204887315065706086e-07 8.936396670923253637e-09
2.445000000000000284e+01 8.749028473431722323e-08 2.877421517347286292e-09
2.805000000000000071e+01 3.646156633711308433e-08 1.344203554385641985e-09
3.385000000000000142e+01 1.170676807226518735e-08 4.045128091481800431e-10
4.260000000000000142e+01 2.463152860236253992e-09 7.013901755116124481e-11
5.364999999999999858e+01 5.301343338309801595e-10 1.522928368020873654e-11
6.754999999999999716e+01 1.109263546414464347e-10 3.301492033389562090e-12
8.504999999999999716e+01 2.228748641397763773e-11 6.463211336962297107e-13
1.069000000000000057e+02 4.494332660580223878e-12 1.378294839586584595e-13
1.345000000000000000e+02 8.903192844395462177e-13 3.484785702405373093e-14
