1.075000000000000000e+01 2.201181847069007369e-05 7.099463782027217366e-07
1.234999999999999964e+01 8.657464862321861008e-06 2.557777551203381698e-07
1.414999999999999858e+01 3.602661658874016320e-06 9.674777453819146134e-08
1.619999999999999929e+01 1.520249746661940687e-06 4.203997683247354628e-08
1.860000000000000142e+01 6.374406855543648717e-07 2.233574852941058852e-08
2.135000000000000142e+01 2.502911000548434972e-07 8.463644143170790685e-09
2.445000000000000284e+01 1.011897513151143004e-07 3.538926174824510656e-09
2.805000000000000071e+01 4.039637059074798045e-08 1.448711108237135671e-09
3.385000000000000142e+01 1.237070869482988478e-08 3.811846758690303290e-10
4.260000000000000142e+01 2.764010811227246042e-09 9.749860380627311921e-11
5.364999999999999858e+01 5.844938355581401568e-10 2.131287960751988939e-11
6.754999999999999716e+01 1.131607211812005010e-10 3.234384334450766972e-12
8.504999999999999716e+01 2.332176482113899892e-11 8.863512556953117581e-13
1.069000000000000057e+02 4.266765311840804224e-12 1.375261266899552151e-13
1.345000000000000000e+02 8.260730822475775918e-13 3.789254028746474479e-14
