1.075000000000000000e+01 9.306470357668760151e-06 2.701015990213062602e-07
1.234999999999999964e+01 3.958082739660482007e-06 1.014787273996399456e-07
1.414999999999999858e+01 1.813407624481191576e-06 5.188731598768142266e-08
1.619999999999999929e+01 8.378250776327973123e-07 2.537505121975307338e-08
1.860000000000000142e+01 3.386354314136022338e-07 1.095713993304484808e-08
2.135000000000000142e+01 1.530018015288522488e-07 4.928469518176391803e-09
2.445000000000000284e+01 6.309255546977948918e-08 1.972760798996692748e-09
2.805000000000000071e+01 2.812676525759571480e-08 1.143671148990505054e-09
3.385000000000000142e+01 8.754902588986642734e-09 3.508635585094014632e-10
4.260000000000000142e+01 1.968758231391610930e-09 5.314696736875047939e-11
5.364999999999999858e+01 4.471512321174444366e-10 1.721591826477925924e-11
6.754999999999999716e+01 9.258531841200298424e-11 2.741818986101050524e-12
8.504999999999999716e+01 1.972811892177865975e-11 6.336634487838952802e-13
1.069000000000000057e+02 3.654753910049467529e-12 1.223280363244446770e-13
1.345000000000000000e+02 7.234273171791635648e-13 2.328109471692967896e-14
