1.075000000000000000e+01 1.308539374087157134e-05 4.064717012529420266e-07
1.234999999999999964e+01 5.988548344364360071e-06 2.207624938969664561e-07
1.414999999999999858e+01 2.412480596523833238e-06 7.032626508054115910e-08
1.619999999999999929e+01 1.084126330364481806e-06 3.577210381619081737e-08
1.860000000000000142e+01 4.267264343337436255e-07 1.464066883218078395e-08
2.135000000000000142e+01 1.870635896578515313e-07 7.236711996947460908e-09
2.445000000000000284e+01 7.605136247996506545e-08 2.644941008189559637e-09
2.805000000000000071e+01 3.283693657356130366e-08 1.239860470295510400e-09
3.385000000000000142e+01 1.029664966241965812e-08 3.626303348396990780e-10
4.260000000000000142e+01 2.379754785406846191e-09 7.615455061474788070e-11
5.364999999999999858e+01 4.731268425569779019e-10 1.182416222210110076e-11
6.754999999999999716e+01 1.004159931797088084e-10 3.097517273641621562e-12
8.504999999999999716e+01 1.970901453476469066e-11 5.662794808954281921e-13
1.069000000000000057e+02 3.964633450119671601e-12 1.477394502028165629e-13
1.345000000000000000e+02 7.285870327323283889e-13 2.610158881010328399e-14
