1.075000000000000000e+01 7.303055950713504227e-06 3.403978136549610913e-07
1.234999999999999964e+01 3.130465085782908541e-06 1.164148670675220332e-07
1.414999999999999858e+01 1.464546480675702704e-06 4.682441155155339649e-08
1.619999999999999929e+01 6.245179894326910521e-07 2.158798530115019275e-08
1.860000000000000142e+01 2.743659560920157127e-07 9.680602087567566069e-09
2.135000000000000142e+01 1.309502051254976659e-07 4.243280860085007240e-09
2.445000000000000284e+01 5.795361150184711837e-08 2.188823305231557254e-09
2.805000000000000071e+01 2.326678424290927283e-08 1.006091832221098925e-09
3.385000000000000142e+01 7.701274456841674945e-09 2.426961833501968640e-10
4.260000000000000142e+01 1.864008959769646306e-09 7.757758354932949372e-11
5.364999999999999858e+01 3.812065802982309592e-10 9.215194439687012399e-12
6.754999999999999716e+01 8.515172666111426810e-11 2.395800329664436876e-12
8.504999999999999716e+01 1.748330728619849815e-11 5.477666991447069706e-13
1.069000000000000057e+02 3.761458960669880884e-12 1.472783943211505286e-13
1.345000000000000000e+02 7.348272911264799237e-13 2.819887930661192497e-14
