1.075000000000000000e+01 6.699300864417146917e-06 2.258980074552498759e-07
1.234999999999999964e+01 3.008019012565506063e-06 1.195421696764732584e-07
1.414999999999999858e+01 1.293021161436038529e-06 4.496158352782386148e-08
1.619999999999999929e+01 5.971407125480918864e-07 2.223391789683295150e-08
1.860000000000000142e+01 2.573952471754913356e-07 8.101585464879114483e-09
2.135000000000000142e+01 1.101484268914438755e-07 3.711647793354295116e-09
2.445000000000000284e+01 4.510521556618111287e-08 1.669267812679444107e-09
2.805000000000000071e+01 1.911067388262822293e-08 7.972007932079880862e-10
3.385000000000000142e+01 6.673827778615121744e-09 2.325405676980323640e-10
4.260000000000000142e+01 1.611434493161470272e-09 5.732287879139926994e-11
5.364999999999999858e+01 3.521690821349173557e-10 1.326814986143021079e-11
6.754999999999999716e+01 7.539619547644750265e-11 2.152777818641357212e-12
8.504999999999999716e+01 1.610132681741201112e-11 6.902801399964129554e-13
1.069000000000000057e+02 3.348449212584399771e-12 1.356101245441574567e-13
1.345000000000000000e+02 5.962372750213616304e-13 2.132257170943918318e-14
