1.075000000000000000e+01 6.195837796662416741e-01 2.662063239906668419e-02
1.234999999999999964e+01 6.644011027775271749e-01 3.132102715116044656e-02
1.414999999999999858e+01 7.171388119277850581e-01 2.583985253387389297e-02
1.619999999999999929e+01 7.346263049267217626e-01 2.928976063344898226e-02
1.860000000000000142e+01 7.817535074357124802e-01 3.203193085980125809e-02
2.135000000000000142e+01 7.202814405592822267e-01 2.969682641082979982e-02
2.445000000000000284e+01 7.438834975819007544e-01 3.120775543156776785e-02
2.805000000000000071e+01 7.964773107482138181e-01 3.572350449146882712e-02
3.385000000000000142e+01 8.012774876523619527e-01 3.862916313667719842e-02
4.260000000000000142e+01 7.962028185363532184e-01 3.153597459503404421e-02
5.364999999999999858e+01 7.578419567592297179e-01 2.900669922136796253e-02
6.754999999999999716e+01 8.056487960116512914e-01 3.089256064374306179e-02
8.504999999999999716e+01 8.417810631322220072e-01 3.314145974322500743e-02
1.069000000000000057e+02 8.719648690867373153e-01 3.799992113008456712e-02
1.345000000000000000e+02 8.151076186279768709e-01 4.140846552517721268e-02
