1.075000000000000000e+01 7.606962122965624795e-01 3.611767829005217700e-02
1.234999999999999964e+01 7.469404370213429400e-01 3.565495657050676143e-02
1.414999999999999858e+01 8.040596889739394237e-01 3.031302980648549472e-02
1.619999999999999929e+01 7.864088177303849569e-01 3.180364422756165599e-02
1.860000000000000142e+01 8.913885412130192476e-01 4.041155875864835961e-02
2.135000000000000142e+01 8.371675655689874151e-01 3.738782391606211564e-02
2.445000000000000284e+01 8.616139271139791056e-01 4.251661125296826715e-02
2.805000000000000071e+01 8.342762476793271764e-01 3.814884870293969166e-02
3.385000000000000142e+01 8.906009768906583135e-01 3.962966656990486031e-02
4.260000000000000142e+01 8.294455201475084971e-01 4.022966660831429203e-02
5.364999999999999858e+01 7.814373096968850740e-01 2.482645221403424751e-02
6.754999999999999716e+01 8.447390027023685688e-01 3.087627008567816675e-02
8.504999999999999716e+01 8.555485764058052833e-01 3.445188446392403320e-02
1.069000000000000057e+02 8.217319072195004015e-01 3.532567389270239999e-02
1.345000000000000000e+02 7.950670073925641956e-01 3.757370139570046647e-02
