1.075000000000000000e+01 4.117029854651315102e-01 1.680747081605517279e-02
1.234999999999999964e+01 4.711246135870040819e-01 2.585316333304566588e-02
1.414999999999999858e+01 5.471537135332994461e-01 2.288631434436500314e-02
1.619999999999999929e+01 5.413582087704265078e-01 2.464185557571876503e-02
1.860000000000000142e+01 6.051684961621548453e-01 2.740913890848732659e-02
2.135000000000000142e+01 5.565002212188044917e-01 2.340242243795739516e-02
2.445000000000000284e+01 5.602109468685759763e-01 2.365377209864906460e-02
2.805000000000000071e+01 7.318298728554838428e-01 3.828783826000002610e-02
3.385000000000000142e+01 6.388087744918456989e-01 2.445144938831961962e-02
4.260000000000000142e+01 6.927493238193995762e-01 2.671665596248745667e-02
5.364999999999999858e+01 7.494722828442635931e-01 3.135157977244954625e-02
6.754999999999999716e+01 7.187918780134151531e-01 2.266707844790436313e-02
8.504999999999999716e+01 7.465096528848794710e-01 2.903969545357281551e-02
1.069000000000000057e+02 7.483679100735334266e-01 2.912077692108283947e-02
1.345000000000000000e+02 7.629624440141450359e-01 3.527495371762435356e-02
