1.075000000000000000e+01 3.224415557570696200e-01 1.730662991000292764e-02
1.234999999999999964e+01 3.202217495062995023e-01 1.296591978500328396e-02
1.414999999999999858e+01 3.898404641225315936e-01 1.683366222095982259e-02
1.619999999999999929e+01 4.150687165783087940e-01 1.790537731331441618e-02
1.860000000000000142e+01 4.527327704162200650e-01 1.742272779963928778e-02
2.135000000000000142e+01 5.109962125068486793e-01 2.448429708853244388e-02
2.445000000000000284e+01 4.748057466573947782e-01 2.044899756391872075e-02
2.805000000000000071e+01 5.382801146149126525e-01 2.643609108311238340e-02
3.385000000000000142e+01 5.220436830391522731e-01 1.935965499822820540e-02
4.260000000000000142e+01 5.816861914899770225e-01 2.128251346474968261e-02
5.364999999999999858e+01 6.176797911665015128e-01 2.433176598956677400e-02
6.754999999999999716e+01 6.439100418829935002e-01 2.120357691794471852e-02
8.504999999999999716e+01 6.950862900089580521e-01 2.551487102931611697e-02
1.069000000000000057e+02 7.476443446604097431e-01 3.069296469442414979e-02
1.345000000000000000e+02 7.581554452546864775e-01 3.529477259880873380e-02
