1.075000000000000000e+01 7.517563925094655763e-01 3.673991352109615138e-02
1.234999999999999964e+01 8.109140881433100079e-01 3.845459075654929226e-02
1.414999999999999858e+01 8.611646245473002503e-01 3.424712462227177956e-02
1.619999999999999929e+01 7.638336171190460711e-01 3.139333948710964356e-02
1.860000000000000142e+01 8.249870302238004882e-01 3.895239915588303431e-02
2.135000000000000142e+01 7.692218224529324688e-01 3.330818781989370453e-02
2.445000000000000284e+01 7.646792569173243015e-01 3.503480512487394671e-02
2.805000000000000071e+01 8.501364566957124724e-01 4.438574845083732151e-02
3.385000000000000142e+01 7.712827924647907007e-01 3.303387055605878225e-02
4.260000000000000142e+01 7.956153894411351901e-01 3.367502137381810784e-02
5.364999999999999858e+01 7.758440529452781398e-01 3.592534469720536083e-02
6.754999999999999716e+01 7.863090330137172401e-01 2.793604460409541967e-02
8.504999999999999716e+01 7.976584697981222716e-01 4.270836447589189400e-02
1.069000000000000057e+02 7.888561916635212778e-01 3.817555100830831438e-02
1.345000000000000000e+02 8.045861176702925333e-01 3.872997517028962250e-02
