1.075000000000000000e+01 6.786599094314328395e-01 2.875694515447389799e-02
1.234999999999999964e+01 7.689224572470709784e-01 3.173191232157156205e-02
1.414999999999999858e+01 7.942032920276220764e-01 2.963540732731253374e-02
1.619999999999999929e+01 8.329109681805118015e-01 3.500351031679915792e-02
1.860000000000000142e+01 8.845073667470639833e-01 3.926515543645845568e-02
2.135000000000000142e+01 8.603391115955116852e-01 3.460966232797488273e-02
2.445000000000000284e+01 8.326972787375778173e-01 3.435299305198035585e-02
2.805000000000000071e+01 8.638749802330386585e-01 4.242374916426392556e-02
3.385000000000000142e+01 8.689998485599284006e-01 3.538694732280808775e-02
4.260000000000000142e+01 8.672760696149913739e-01 3.585057597149948760e-02
5.364999999999999858e+01 8.860146207506391924e-01 3.098540719085413064e-02
6.754999999999999716e+01 9.468355163394832630e-01 3.426631847928454655e-02
8.504999999999999716e+01 9.405112889175643032e-01 4.431678950423061786e-02
1.069000000000000057e+02 9.832481749389895276e-01 4.632278686178606386e-02
1.345000000000000000e+02 8.948771459967406194e-01 4.237827570201350286e-02
