1.075000000000000000e+01 8.615825528447255133e-01 3.563697312995858096e-02
1.234999999999999964e+01 8.566964999712263218e-01 3.305451164437516604e-02
1.414999999999999858e+01 9.149913500155243407e-01 3.094856584433004418e-02
1.619999999999999929e+01 9.654656696294789953e-01 3.668927294216544482e-02
1.860000000000000142e+01 1.118977533528626944e+00 4.897642414686455281e-02
2.135000000000000142e+01 9.486970537731800324e-01 3.752913725314724336e-02
2.445000000000000284e+01 9.239822925534683096e-01 3.718583405771079542e-02
2.805000000000000071e+01 1.000783223512399900e+00 4.399737258608180795e-02
3.385000000000000142e+01 9.899469148875975621e-01 3.931096964585468340e-02
4.260000000000000142e+01 1.047427524106073093e+00 5.060837452518275603e-02
5.364999999999999858e+01 9.693457804648566434e-01 3.837359616916910521e-02
6.754999999999999716e+01 1.003386841426948450e+00 3.492417368472688216e-02
8.504999999999999716e+01 9.486323670120915263e-01 3.392418040486005343e-02
1.069000000000000057e+02 9.517229950262475757e-01 3.737606021431982839e-02
1.345000000000000000e+02 9.379888184395479556e-01 4.026855357219015497e-02
