1.075000000000000000e+01 1.474334798572146887e+00 6.082264832864552051e-02
1.234999999999999964e+01 1.429771500957684349e+00 5.671869775100773364e-02
1.414999999999999858e+01 1.473768140985653119e+00 4.928371251908273548e-02
1.619999999999999929e+01 1.417738150200378966e+00 5.038714018054805954e-02
1.860000000000000142e+01 1.486170400049349860e+00 6.255324375597655362e-02
2.135000000000000142e+01 1.346857574787976075e+00 5.657292259363667225e-02
2.445000000000000284e+01 1.306309240541435601e+00 5.582818568633105688e-02
2.805000000000000071e+01 1.272666222375470335e+00 5.611139319105477863e-02
3.385000000000000142e+01 1.202471555982815632e+00 4.770302089761792319e-02
4.260000000000000142e+01 1.241384672050069637e+00 5.161279005287308652e-02
5.364999999999999858e+01 1.180545509433652551e+00 4.920331338077284927e-02
6.754999999999999716e+01 1.089758868950303938e+00 3.677380991068363025e-02
8.504999999999999716e+01 1.090152959442384217e+00 4.694407437458891774e-02
1.069000000000000057e+02 1.024622168629580221e+00 4.047705828113756787e-02
1.345000000000000000e+02 1.050692864847066144e+00 5.397428416905503124e-02
