1.075000000000000000e+01 7.597661037499366943e-01 2.800708011286943966e-02
1.234999999999999964e+01 7.485771842992910985e-01 2.704423489807677300e-02
1.414999999999999858e+01 8.516762008207342527e-01 2.964322237091181894e-02
1.619999999999999929e+01 8.345638209609727021e-01 2.827023857491504921e-02
1.860000000000000142e+01 9.564070539807989491e-01 3.812458718939928243e-02
2.135000000000000142e+01 9.467751759818576751e-01 4.386232739498136662e-02
2.445000000000000284e+01 9.361789359145101796e-01 3.745431050810780343e-02
2.805000000000000071e+01 9.185074449525717499e-01 4.112099665449239078e-02
3.385000000000000142e+01 9.067157917014140311e-01 3.340563414168567363e-02
4.260000000000000142e+01 9.455823201733475347e-01 3.287740547961715692e-02
5.364999999999999858e+01 9.337258935679656480e-01 3.456754980343215017e-02
6.754999999999999716e+01 9.617332764376936849e-01 3.497674936599238366e-02
8.504999999999999716e+01 1.000763259706663799e+00 3.900130709933986167e-02
1.069000000000000057e+02 1.029993092780295827e+00 4.701175315241454961e-02
1.345000000000000000e+02 9.150917994016174450e-01 3.958348251991706396e-02
