1.075000000000000000e+01 5.405624314269122932e-01 2.481848342863580276e-02
1.234999999999999964e+01 6.220268483992424935e-01 3.605572646227176575e-02
1.414999999999999858e+01 6.457623876125723195e-01 2.545533815631560379e-02
1.619999999999999929e+01 6.217789417121082352e-01 2.674954630394529853e-02
1.860000000000000142e+01 6.549638041859799920e-01 3.179453949271041080e-02
2.135000000000000142e+01 6.138495979773698208e-01 2.678105391845861036e-02
2.445000000000000284e+01 6.516867209021300900e-01 2.967353928212752151e-02
2.805000000000000071e+01 7.019831154402567108e-01 4.134562879557465709e-02
3.385000000000000142e+01 6.342974753155111722e-01 2.774047869369860447e-02
4.260000000000000142e+01 6.431812664463104623e-01 2.703050468446282703e-02
5.364999999999999858e+01 6.378139856295977905e-01 2.184534365979330650e-02
6.754999999999999716e+01 6.874775363348958335e-01 2.651811340899669009e-02
8.504999999999999716e+01 6.989279822835030576e-01 3.453056636421417136e-02
1.069000000000000057e+02 6.691422608735440036e-01 2.932448261990848459e-02
1.345000000000000000e+02 7.061169742465991384e-01 3.806964134966043384e-02
