1.075000000000000000e+01 3.945448083462751443e-01 1.717947883478167931e-02
1.234999999999999964e+01 4.202896837054763135e-01 1.744169330440288254e-02
1.414999999999999858e+01 4.682510287932797333e-01 1.703360424752247901e-02
1.619999999999999929e+01 4.554210729585873585e-01 1.633020852772730167e-02
1.860000000000000142e+01 5.583266858469109195e-01 2.825753378610728825e-02
2.135000000000000142e+01 5.453963792655174281e-01 2.323822619435700690e-02
2.445000000000000284e+01 5.666259193263986083e-01 2.753845615214669737e-02
2.805000000000000071e+01 6.138127131416291071e-01 3.258288648747856286e-02
3.385000000000000142e+01 5.813784570805907714e-01 2.108533682698227052e-02
4.260000000000000142e+01 6.521154088088375600e-01 2.434809546482545606e-02
5.364999999999999858e+01 6.129233614185013446e-01 1.978769133014007808e-02
6.754999999999999716e+01 6.456482875421282186e-01 2.150047814394927259e-02
8.504999999999999716e+01 6.842828213080907052e-01 2.725328362563996659e-02
1.069000000000000057e+02 7.095620976067519292e-01 2.985423050765278336e-02
1.345000000000000000e+02 7.371216894091671135e-01 4.043177426300598176e-02
