1.075000000000000000e+01 7.316216394846810633e-01 2.977239632692231866e-02
1.234999999999999964e+01 8.013682936364798781e-01 3.406775663453005809e-02
1.414999999999999858e+01 8.413364687702297173e-01 2.699050022862547679e-02
1.619999999999999929e+01 8.724176945738227884e-01 3.296469488185713864e-02
1.860000000000000142e+01 9.075765516658852450e-01 3.256184339732182131e-02
2.135000000000000142e+01 8.662833525455280181e-01 3.259021691913203955e-02
2.445000000000000284e+01 9.088863342530268952e-01 3.735132351512128468e-02
2.805000000000000071e+01 9.245799877995313221e-01 4.023910757712519798e-02
3.385000000000000142e+01 8.672292675459793987e-01 3.181990173664074606e-02
4.260000000000000142e+01 9.297618661334137169e-01 3.296742385874921327e-02
5.364999999999999858e+01 8.979642531432070474e-01 3.608133125724952150e-02
6.754999999999999716e+01 8.820002538872347975e-01 2.868051178362775872e-02
8.504999999999999716e+01 8.935579490727852958e-01 3.077074707883390228e-02
1.069000000000000057e+02 9.057416711779875396e-01 3.446721567011113568e-02
1.345000000000000000e+02 9.035497635037175179e-01 3.718456293689155479e-02
