1.075000000000000000e+01 5.766472940513421852e-01 2.385205032003132400e-02
1.234999999999999964e+01 6.736298991159179739e-01 3.283035803666312785e-02
1.414999999999999858e+01 6.966204732122295296e-01 2.485822266332858577e-02
1.619999999999999929e+01 7.000277595661207330e-01 2.798778113541380147e-02
1.860000000000000142e+01 7.701421245418970107e-01 3.132056415315136177e-02
2.135000000000000142e+01 7.837012397822852305e-01 3.218408715148531746e-02
2.445000000000000284e+01 8.211495075231173280e-01 3.510060024355993180e-02
2.805000000000000071e+01 8.577262104533782683e-01 3.932681853162051794e-02
3.385000000000000142e+01 7.806891140617278069e-01 2.985280360229546764e-02
4.260000000000000142e+01 9.009744379415497439e-01 3.394236910969083976e-02
5.364999999999999858e+01 8.765161669343658479e-01 3.630802598415563270e-02
6.754999999999999716e+01 8.577522295161945642e-01 2.874887562412569569e-02
8.504999999999999716e+01 8.928756031896499801e-01 3.329061462357631174e-02
1.069000000000000057e+02 9.089113855758518268e-01 3.952756915065851195e-02
1.345000000000000000e+02 8.999122871233868892e-01 3.982754418303234567e-02
