1.075000000000000000e+01 5.585409607555434919e-01 2.406389873807985441e-02
1.234999999999999964e+01 6.326587227532178836e-01 2.492715532784810228e-02
1.414999999999999858e+01 7.194751450780403346e-01 2.711712791383003723e-02
1.619999999999999929e+01 7.176958831413663420e-01 2.735841867442056694e-02
1.860000000000000142e+01 7.814502784456949236e-01 2.850870788501851452e-02
2.135000000000000142e+01 7.887145775838723116e-01 3.205104979490835254e-02
2.445000000000000284e+01 8.096239188309054535e-01 3.231236301661580962e-02
2.805000000000000071e+01 7.997204469144955086e-01 3.282491304140887356e-02
3.385000000000000142e+01 8.835691968415323450e-01 3.665229298005748260e-02
4.260000000000000142e+01 8.664919801745200045e-01 3.136353337391266372e-02
5.364999999999999858e+01 9.279457411956076873e-01 3.924616802354820994e-02
6.754999999999999716e+01 9.599164334148503341e-01 3.467507865783233528e-02
8.504999999999999716e+01 9.487278672820260716e-01 3.480244215600992314e-02
1.069000000000000057e+02 9.656034153573266332e-01 4.131613316033867084e-02
1.345000000000000000e+02 9.935101017885362706e-01 4.046776282720779272e-02
