1.075000000000000000e+01 4.798845443633908969e-01 2.142433624982174878e-02
1.234999999999999964e+01 5.145031422175198044e-01 2.308912175919701840e-02
1.414999999999999858e+01 5.797568794570444606e-01 1.898055615961571907e-02
1.619999999999999929e+01 6.370114718244850316e-01 2.917691592921027588e-02
1.860000000000000142e+01 6.490363049350219571e-01 3.257257493765654266e-02
2.135000000000000142e+01 6.831972842176866623e-01 2.919241505256821648e-02
2.445000000000000284e+01 7.064854842205426921e-01 3.140433898120085360e-02
2.805000000000000071e+01 7.926720146539932843e-01 3.596445766522947396e-02
3.385000000000000142e+01 6.892951387071215574e-01 2.558200787391103417e-02
4.260000000000000142e+01 8.210801148510485925e-01 3.213686680733626733e-02
5.364999999999999858e+01 8.242168111843853895e-01 3.534411914483392980e-02
6.754999999999999716e+01 8.153493688000155171e-01 2.785332221552672821e-02
8.504999999999999716e+01 8.940681661519837009e-01 3.940378794791192518e-02
1.069000000000000057e+02 8.220597633371696800e-01 3.301536394341188924e-02
1.345000000000000000e+02 8.838183358808139323e-01 4.034192875690773006e-02
