1.075000000000000000e+01 8.194312824553862118e-01 3.485520731425854196e-02
1.234999999999999964e+01 8.151080646610818770e-01 3.434859503091826360e-02
1.414999999999999858e+01 8.826682181896036150e-01 2.942474485852886873e-02
1.619999999999999929e+01 9.235692733249261099e-01 3.351925656104241119e-02
1.860000000000000142e+01 1.061540270219076820e+00 4.780833229077579433e-02
2.135000000000000142e+01 9.367100962041143841e-01 3.706296398739396258e-02
2.445000000000000284e+01 1.022315877700191722e+00 4.250419752460544293e-02
2.805000000000000071e+01 1.071903020409184393e+00 4.978240689337351532e-02
3.385000000000000142e+01 9.525764951751695131e-01 3.915632987184781283e-02
4.260000000000000142e+01 1.001374874163283080e+00 3.633984542996237382e-02
5.364999999999999858e+01 1.020753800674603529e+00 3.759884091402802830e-02
6.754999999999999716e+01 1.010219550785520060e+00 3.584836077148384481e-02
8.504999999999999716e+01 9.430679652124146495e-01 3.396629678800507091e-02
1.069000000000000057e+02 1.016286366676223185e+00 4.436046058452948471e-02
1.345000000000000000e+02 9.332732291270382508e-01 4.396534724725712634e-02
