1.075000000000000000e+01 4.394139850148474635e-01 2.063497607875578593e-02
1.234999999999999964e+01 4.670723381099981530e-01 1.859289814751845585e-02
1.414999999999999858e+01 5.480714398850022873e-01 1.966934055167529963e-02
1.619999999999999929e+01 5.741488875314955109e-01 2.429291348777303308e-02
1.860000000000000142e+01 6.255860939876870530e-01 2.392579640359656160e-02
2.135000000000000142e+01 6.257989833877229957e-01 2.644772320917773700e-02
2.445000000000000284e+01 6.840295099955641112e-01 3.007241684283213853e-02
2.805000000000000071e+01 7.337830085259645641e-01 3.377698273450419064e-02
3.385000000000000142e+01 7.028755493037733837e-01 2.749480523496314333e-02
4.260000000000000142e+01 7.721237694587518297e-01 2.747069485170400283e-02
5.364999999999999858e+01 7.986168555461712337e-01 3.164734033471863078e-02
6.754999999999999716e+01 8.732318144180939434e-01 3.193811522968654365e-02
8.504999999999999716e+01 8.847276455056375388e-01 3.939901015347788832e-02
1.069000000000000057e+02 9.148533356811580086e-01 4.156651041338224606e-02
1.345000000000000000e+02 9.015976162145351580e-01 4.031588367504075621e-02
