1.075000000000000000e+01 9.459958887322661436e-01 3.907026218222961478e-02
1.234999999999999964e+01 1.054469874650170391e+00 5.307436048022929481e-02
1.414999999999999858e+01 9.673882854786334251e-01 3.431038300738594587e-02
1.619999999999999929e+01 9.557133279362719502e-01 3.703051325287266826e-02
1.860000000000000142e+01 1.004108050286549370e+00 4.013912166957162020e-02
2.135000000000000142e+01 9.470119715728027021e-01 3.912847065338326963e-02
2.445000000000000284e+01 9.421241481141612306e-01 4.230849153035560334e-02
2.805000000000000071e+01 9.342430286416549823e-01 4.665185688865534919e-02
3.385000000000000142e+01 9.098706980107683640e-01 3.773633763782197753e-02
4.260000000000000142e+01 8.640053287034454854e-01 3.323644905141229233e-02
5.364999999999999858e+01 9.741656584861493329e-01 4.684577442081405696e-02
6.754999999999999716e+01 8.570006834734368306e-01 3.070550238916271851e-02
8.504999999999999716e+01 9.101843193949537003e-01 4.154292393352670976e-02
1.069000000000000057e+02 9.143637055541835590e-01 4.049458656061415140e-02
1.345000000000000000e+02 8.819016471380300981e-01 4.701591492751062973e-02
