1.075000000000000000e+01 5.694933945692232102e-01 2.584955009055396255e-02
1.234999999999999964e+01 5.749162992012050166e-01 2.691547028872691774e-02
1.414999999999999858e+01 6.841328726862165865e-01 2.526972909756437791e-02
1.619999999999999929e+01 7.023287259034730612e-01 2.853114045226037149e-02
1.860000000000000142e+01 7.872642847031615654e-01 3.147246529499938411e-02
2.135000000000000142e+01 7.579322588283876616e-01 3.062760373581083564e-02
2.445000000000000284e+01 7.894417439789169766e-01 3.249551675849311067e-02
2.805000000000000071e+01 8.676279290775680275e-01 4.069823153305011237e-02
3.385000000000000142e+01 8.361173009732146832e-01 3.214274508836739708e-02
4.260000000000000142e+01 8.717584010717334131e-01 3.261770092866321524e-02
5.364999999999999858e+01 9.227471960747515300e-01 3.650635442170139383e-02
6.754999999999999716e+01 8.666777756425705359e-01 2.894597667778662023e-02
8.504999999999999716e+01 9.399557355201350051e-01 3.610546412645614101e-02
1.069000000000000057e+02 9.221754835576778664e-01 4.056183978366337262e-02
1.345000000000000000e+02 9.875570681639376236e-01 4.815492025428234901e-02
