1.075000000000000000e+01 3.206095920920974951e-01 1.773499869941236665e-02
1.234999999999999964e+01 3.487767182663443766e-01 1.868377797717557173e-02
1.414999999999999858e+01 3.838964109612082454e-01 1.514503624532506816e-02
1.619999999999999929e+01 4.337289970641928782e-01 2.082736889497734112e-02
1.860000000000000142e+01 4.852569926569191838e-01 2.321165782571713368e-02
2.135000000000000142e+01 5.248861359656983305e-01 3.249164662394794789e-02
2.445000000000000284e+01 5.464199328174127457e-01 2.569442448390921174e-02
2.805000000000000071e+01 5.960508904391681462e-01 2.707172068761387954e-02
3.385000000000000142e+01 6.008889899361459230e-01 2.480856713204928135e-02
4.260000000000000142e+01 6.267818482547067305e-01 2.343535067485049209e-02
5.364999999999999858e+01 6.927747824777256147e-01 3.502807018656097643e-02
6.754999999999999716e+01 6.926722455892605490e-01 2.372163274982836897e-02
8.504999999999999716e+01 7.088840570250203310e-01 3.234428235299039583e-02
1.069000000000000057e+02 7.907376075799594783e-01 4.072502183225366196e-02
1.345000000000000000e+02 7.666880314117032746e-01 3.229375836643225139e-02
