1.075000000000000000e+01 4.487140580259845746e-01 1.903033074043885067e-02
1.234999999999999964e+01 4.967712750671911537e-01 2.372149753358390040e-02
1.414999999999999858e+01 5.289459776637157606e-01 2.119903119689587820e-02
1.619999999999999929e+01 5.568750602170137176e-01 2.417626347815486978e-02
1.860000000000000142e+01 6.001079098566206582e-01 2.350782143967086041e-02
2.135000000000000142e+01 5.927268012215118898e-01 2.484021266777059964e-02
2.445000000000000284e+01 5.822858454037425080e-01 2.586406631391845526e-02
2.805000000000000071e+01 6.020716411296711534e-01 2.948258768307706473e-02
3.385000000000000142e+01 6.487169224724048666e-01 2.781462322083472563e-02
4.260000000000000142e+01 7.237345352260838860e-01 3.027391222350217515e-02
5.364999999999999858e+01 7.113019901719607185e-01 3.040287560127698935e-02
6.754999999999999716e+01 7.260794368215760519e-01 2.448343640394015988e-02
8.504999999999999716e+01 7.526406863103540790e-01 3.568379973364545904e-02
1.069000000000000057e+02 8.040974937672520362e-01 3.738748635535096843e-02
1.345000000000000000e+02 7.583617770431709815e-01 3.229667224764209976e-02
