1.075000000000000000e+01 8.102782536720156692e-01 3.835955917617976663e-02
1.234999999999999964e+01 8.762213102281449784e-01 3.513283979937207452e-02
1.414999999999999858e+01 8.907160427549960513e-01 3.059011087043997379e-02
1.619999999999999929e+01 9.779707555931395069e-01 3.956373108641848130e-02
1.860000000000000142e+01 9.529044170778173672e-01 3.616594894163512736e-02
2.135000000000000142e+01 9.414701511697556313e-01 3.734328302495286411e-02
2.445000000000000284e+01 9.718616558637021008e-01 4.079477773501023058e-02
2.805000000000000071e+01 1.064727033449842653e+00 4.969566601797133915e-02
3.385000000000000142e+01 1.024191620641275557e+00 4.442379977411525793e-02
4.260000000000000142e+01 1.055084965298320743e+00 4.533129470222316271e-02
5.364999999999999858e+01 1.080817908986778653e+00 4.972587562013547346e-02
6.754999999999999716e+01 1.109889012494651439e+00 5.856470382348547693e-02
8.504999999999999716e+01 1.024449793065700387e+00 3.793331572667553442e-02
1.069000000000000057e+02 1.034307915554214974e+00 4.105798490222486996e-02
1.345000000000000000e+02 1.002085614804389513e+00 4.582239938815946961e-02
