1.075000000000000000e+01 5.264094755473748277e-01 2.359681664656788566e-02
1.234999999999999964e+01 5.715742838386914659e-01 2.181925964421289540e-02
1.414999999999999858e+01 6.498802513114764201e-01 2.411388723172944171e-02
1.619999999999999929e+01 6.862061616335070058e-01 2.630802247878048436e-02
1.860000000000000142e+01 7.695711875914377220e-01 3.297737587201492876e-02
2.135000000000000142e+01 7.456842219378740921e-01 3.009160562821642723e-02
2.445000000000000284e+01 8.121375727919829535e-01 3.570143084512342885e-02
2.805000000000000071e+01 8.255735254831269021e-01 3.629056079226818804e-02
3.385000000000000142e+01 7.810522800791142028e-01 3.103072971014992146e-02
4.260000000000000142e+01 8.919587628546347124e-01 3.273315055426461589e-02
5.364999999999999858e+01 8.936498426628890490e-01 3.582635783399793633e-02
6.754999999999999716e+01 9.064428456833546477e-01 3.032657417455573989e-02
8.504999999999999716e+01 9.210345870029886806e-01 3.399261043763283224e-02
1.069000000000000057e+02 1.037838378996501554e+00 5.027933555789373260e-02
1.345000000000000000e+02 1.023956905680375673e+00 4.664068424818732655e-02
