1.075000000000000000e+01 2.925796006516731551e-01 1.456262939239765658e-02
1.234999999999999964e+01 3.108323266560085729e-01 1.362241182943574498e-02
1.414999999999999858e+01 3.591776419628930905e-01 1.488756647329480057e-02
1.619999999999999929e+01 3.773920821086072519e-01 1.729206254659749684e-02
1.860000000000000142e+01 4.351853006469860730e-01 1.782524756030125918e-02
2.135000000000000142e+01 4.255212804617881095e-01 1.934814795714317331e-02
2.445000000000000284e+01 4.510121148133551805e-01 1.963587302660173978e-02
2.805000000000000071e+01 5.492791422826946990e-01 3.256023154606195458e-02
3.385000000000000142e+01 5.289497390013004896e-01 2.412862117643368304e-02
4.260000000000000142e+01 6.066302818310765899e-01 2.559005293748419299e-02
5.364999999999999858e+01 5.964335624976921935e-01 2.382235388741376844e-02
6.754999999999999716e+01 6.202605406853017866e-01 2.177970013365302521e-02
8.504999999999999716e+01 6.507457258900929409e-01 2.425845713418577076e-02
1.069000000000000057e+02 7.040820499036068991e-01 3.278589840252280063e-02
1.345000000000000000e+02 7.572875744080223015e-01 3.214047884286270335e-02
