1.075000000000000000e+01 8.891947256804899613e-01 3.462663827764843327e-02
1.234999999999999964e+01 9.802314834536475230e-01 3.881056485375840304e-02
1.414999999999999858e+01 1.071222708699538506e+00 3.723693014466297052e-02
1.619999999999999929e+01 1.031899960144493145e+00 3.664781097816014604e-02
1.860000000000000142e+01 1.076204301349428016e+00 3.667955429572443415e-02
2.135000000000000142e+01 1.186486128032302467e+00 5.644874843930488412e-02
2.445000000000000284e+01 1.129455956958844265e+00 4.636288585833600595e-02
2.805000000000000071e+01 1.148702302052208024e+00 5.158823214254325273e-02
3.385000000000000142e+01 1.137934451990605833e+00 4.852278790714466272e-02
4.260000000000000142e+01 1.106262028062009461e+00 3.981305496174495501e-02
5.364999999999999858e+01 1.070751595871212380e+00 3.759445654345818649e-02
6.754999999999999716e+01 1.068241502078066896e+00 3.712207300761950074e-02
8.504999999999999716e+01 1.041806632519804099e+00 3.684642280582695745e-02
1.069000000000000057e+02 1.079270252911973538e+00 4.126973185892652413e-02
1.345000000000000000e+02 1.132408426929008449e+00 5.148141071620031956e-02
