1.075000000000000000e+01 3.508143175446011841e-01 1.871573334418644846e-02
1.234999999999999964e+01 3.432321372998589637e-01 1.848024103881719046e-02
1.414999999999999858e+01 3.939623038270265165e-01 1.679852824433396286e-02
1.619999999999999929e+01 4.517417339824712497e-01 2.088355711195174005e-02
1.860000000000000142e+01 4.971656314630245599e-01 3.051623746783802688e-02
2.135000000000000142e+01 4.572826879255630361e-01 2.093754648021789802e-02
2.445000000000000284e+01 4.892080536597824270e-01 2.441292325181624104e-02
2.805000000000000071e+01 5.042444173087816672e-01 2.394614278058984635e-02
3.385000000000000142e+01 5.179152603991458159e-01 2.460930090586180632e-02
4.260000000000000142e+01 5.516306882511332610e-01 2.227864180733751809e-02
5.364999999999999858e+01 5.738518366320795039e-01 1.955294420100402511e-02
6.754999999999999716e+01 6.015844023774935545e-01 2.169170289404496327e-02
8.504999999999999716e+01 6.578931354231494222e-01 2.715868880981008385e-02
1.069000000000000057e+02 6.544397798399085309e-01 3.282505996336337190e-02
1.345000000000000000e+02 7.179684922324084395e-01 3.909879716217243978e-02
