1.075000000000000000e+01 4.549336458759117297e-01 2.025186397163976706e-02
1.234999999999999964e+01 4.930902826734697153e-01 2.039330502883148627e-02
1.414999999999999858e+01 5.439528136196406516e-01 2.197647260181445628e-02
1.619999999999999929e+01 5.442049623164795236e-01 2.406380123784131186e-02
1.860000000000000142e+01 6.289504361467258553e-01 2.564305384235079227e-02
2.135000000000000142e+01 5.920066408148498827e-01 2.506361210489315566e-02
2.445000000000000284e+01 6.394624324104198898e-01 3.156730740859268330e-02
2.805000000000000071e+01 6.360436144323383667e-01 2.923679167863277653e-02
3.385000000000000142e+01 6.215121917357223635e-01 2.299830682138697541e-02
4.260000000000000142e+01 6.737207345419972127e-01 2.526299363375734269e-02
5.364999999999999858e+01 7.808044040422875698e-01 4.016016179662009605e-02
6.754999999999999716e+01 7.595986426632140853e-01 2.826591065414986795e-02
8.504999999999999716e+01 7.481718762410916046e-01 2.945167111121455711e-02
1.069000000000000057e+02 7.892015883168285173e-01 3.301494323869564457e-02
1.345000000000000000e+02 8.031590689619985124e-01 3.473043213859534906e-02
