1.075000000000000000e+01 8.793867877692387314e-01 3.633503275278737038e-02
1.234999999999999964e+01 9.162964027179744120e-01 3.786907162372510349e-02
1.414999999999999858e+01 9.694037413562014427e-01 3.510180188899764825e-02
1.619999999999999929e+01 9.934556013023719823e-01 4.210620862239324025e-02
1.860000000000000142e+01 1.004810490967267933e+00 3.858958583010073384e-02
2.135000000000000142e+01 9.000108609233251622e-01 3.609025468433643691e-02
2.445000000000000284e+01 9.823563871482078325e-01 4.413304204041938045e-02
2.805000000000000071e+01 9.585128031661213077e-01 4.450453256386278228e-02
3.385000000000000142e+01 9.544728563185241876e-01 4.776954240758050224e-02
4.260000000000000142e+01 9.809877326080692628e-01 4.645401973383552624e-02
5.364999999999999858e+01 8.891498209297095112e-01 3.759884388567244495e-02
6.754999999999999716e+01 8.334622446094753778e-01 3.143726637151150749e-02
8.504999999999999716e+01 8.634270183159905576e-01 3.278001450030928327e-02
1.069000000000000057e+02 9.002000050043278412e-01 4.161655085826351103e-02
1.345000000000000000e+02 8.681287996230823145e-01 4.275371234868761972e-02
