1.075000000000000000e+01 6.896619412079413314e-01 3.128254715385342388e-02
1.234999999999999964e+01 6.982702574368062631e-01 3.143149024142370684e-02
1.414999999999999858e+01 8.145327562812170186e-01 3.053914674961293388e-02
1.619999999999999929e+01 7.414198217891604381e-01 2.987971005201903174e-02
1.860000000000000142e+01 7.798958547757486315e-01 2.901786943599975188e-02
2.135000000000000142e+01 8.357919607708018672e-01 3.613181009257899340e-02
2.445000000000000284e+01 7.852909662471583285e-01 3.540805066789337596e-02
2.805000000000000071e+01 7.924942359129887315e-01 3.611586884512984347e-02
3.385000000000000142e+01 8.008983125273924086e-01 3.404287821181425922e-02
4.260000000000000142e+01 7.850576235130842795e-01 2.957024755627775392e-02
5.364999999999999858e+01 7.429398952724634020e-01 2.343503692833144927e-02
6.754999999999999716e+01 7.945860952709853375e-01 2.899706385505786133e-02
8.504999999999999716e+01 8.362281596407210582e-01 3.103345640041116349e-02
1.069000000000000057e+02 8.532562277642757875e-01 4.000587029311163112e-02
1.345000000000000000e+02 7.869004026519286210e-01 3.276543380129038480e-02
