1.075000000000000000e+01 7.042381292222951172e-01 2.963299930278984889e-02
1.234999999999999964e+01 7.545706272332546316e-01 3.405529155473303177e-02
1.414999999999999858e+01 8.209974418204792901e-01 2.914008480311595928e-02
1.619999999999999929e+01 8.411496073320929856e-01 3.265640598682519047e-02
1.860000000000000142e+01 8.699230835537311579e-01 3.778181248227799327e-02
2.135000000000000142e+01 8.356424410301588335e-01 3.292174076454246201e-02
2.445000000000000284e+01 9.544061746748248032e-01 4.122225380543663442e-02
2.805000000000000071e+01 9.405178385516212991e-01 4.221533426773585451e-02
3.385000000000000142e+01 9.240893672811612003e-01 3.787899282104358750e-02
4.260000000000000142e+01 9.916755382094329940e-01 3.822602120117639390e-02
5.364999999999999858e+01 9.238436693659778376e-01 3.441853326183812872e-02
6.754999999999999716e+01 9.271142514271351054e-01 3.118700986911635692e-02
8.504999999999999716e+01 9.280864381208414615e-01 3.601881522355238757e-02
1.069000000000000057e+02 9.476111139762009028e-01 3.952968889223443250e-02
1.345000000000000000e+02 9.960265234408844925e-01 4.612102940748757235e-02
