1.075000000000000000e+01 5.003630327442567527e-01 2.215903624140483363e-02
1.234999999999999964e+01 5.358769171266635212e-01 2.010411701947146038e-02
1.414999999999999858e+01 6.371651113549708922e-01 2.357058501901561701e-02
1.619999999999999929e+01 6.756563556404920901e-01 2.707881945705557444e-02
1.860000000000000142e+01 7.818689089779379264e-01 3.300731044428459326e-02
2.135000000000000142e+01 7.558149162862634052e-01 2.956490790122898518e-02
2.445000000000000284e+01 7.939365547246486354e-01 3.301320674403804278e-02
2.805000000000000071e+01 7.806645796077119615e-01 3.198659580443065364e-02
3.385000000000000142e+01 8.811303842918334350e-01 3.653000479224855629e-02
4.260000000000000142e+01 9.512173749773567000e-01 4.631532399038883197e-02
5.364999999999999858e+01 9.282850109636265890e-01 3.413651377745298421e-02
6.754999999999999716e+01 9.876567308567736347e-01 3.422273569738012305e-02
8.504999999999999716e+01 9.494375105122633274e-01 3.363310811905736303e-02
1.069000000000000057e+02 1.074899987331671358e+00 5.108403458020580046e-02
1.345000000000000000e+02 1.073865805753969838e+00 5.294934426064489691e-02
