1.075000000000000000e+01 7.997844666357400989e-01 3.619510072518329624e-02
1.234999999999999964e+01 8.512238438804389240e-01 3.780987118646210454e-02
1.414999999999999858e+01 8.530137142013966001e-01 2.831309791677586243e-02
1.619999999999999929e+01 9.116483523082425933e-01 3.545296743450291471e-02
1.860000000000000142e+01 1.008580381290919981e+00 4.390087837074724969e-02
2.135000000000000142e+01 1.002971116209768754e+00 4.533224898892086741e-02
2.445000000000000284e+01 9.752702666494958983e-01 3.952713418307305521e-02
2.805000000000000071e+01 1.069852690857174160e+00 4.972659218640822915e-02
3.385000000000000142e+01 1.041579705653173926e+00 4.168385686605824425e-02
4.260000000000000142e+01 1.021746453611293015e+00 3.644526652445559400e-02
5.364999999999999858e+01 1.014723225299443365e+00 3.448345427292682369e-02
6.754999999999999716e+01 1.048155692696171926e+00 3.529715269982364872e-02
8.504999999999999716e+01 1.073478877948065957e+00 3.861788180610258719e-02
1.069000000000000057e+02 1.031135284848827327e+00 3.894935344525229243e-02
1.345000000000000000e+02 9.949932172041183742e-01 4.078021040088062460e-02
