1.075000000000000000e+01 5.949986532218101143e-01 2.815180512144013422e-02
1.234999999999999964e+01 6.486500387188935957e-01 3.104539184477974473e-02
1.414999999999999858e+01 6.399525877589563594e-01 2.478076485396272371e-02
1.619999999999999929e+01 6.586561480849733030e-01 2.654883704087649537e-02
1.860000000000000142e+01 7.538088018880072516e-01 3.114032757498241127e-02
2.135000000000000142e+01 6.797537319071306205e-01 2.692892971882877504e-02
2.445000000000000284e+01 7.812366151572620598e-01 3.636879279449544561e-02
2.805000000000000071e+01 7.342842729681016145e-01 3.625941460616203399e-02
3.385000000000000142e+01 7.370818747203532473e-01 2.931063826267216524e-02
4.260000000000000142e+01 8.057237492972706416e-01 3.950583942908580254e-02
5.364999999999999858e+01 7.609239097316268241e-01 2.767709621213328142e-02
6.754999999999999716e+01 7.902287728375094744e-01 2.875007191763063671e-02
8.504999999999999716e+01 8.012026149416097143e-01 4.003754975617904166e-02
1.069000000000000057e+02 8.112219081445347646e-01 3.240203019433148673e-02
1.345000000000000000e+02 8.620550215447129183e-01 4.200904469513071920e-02
