1.075000000000000000e+01 5.554896032205645096e-01 2.449466844493696296e-02
1.234999999999999964e+01 6.049528343314121148e-01 2.911059252491368654e-02
1.414999999999999858e+01 6.873319322399157327e-01 2.663405626502987275e-02
1.619999999999999929e+01 6.588182641803973505e-01 2.652323046612986221e-02
1.860000000000000142e+01 7.223193171576711702e-01 2.995467582908213633e-02
2.135000000000000142e+01 6.884718832399029376e-01 2.843087673706078469e-02
2.445000000000000284e+01 7.493670043060045582e-01 3.527928709932291046e-02
2.805000000000000071e+01 7.280097026754247524e-01 3.272111046713337829e-02
3.385000000000000142e+01 8.115029548146800442e-01 3.493175188248204971e-02
4.260000000000000142e+01 8.086367065704976875e-01 3.126383984000114663e-02
5.364999999999999858e+01 8.314424957795034654e-01 3.071851591241683138e-02
6.754999999999999716e+01 8.757219632600798942e-01 5.260112283056916221e-02
8.504999999999999716e+01 8.450545898719759030e-01 3.278349927334492375e-02
1.069000000000000057e+02 8.682974144412899387e-01 3.891683897543991161e-02
1.345000000000000000e+02 9.029596271774943395e-01 4.575339476966378688e-02
