1.075000000000000000e+01 7.641689143550862706e-01 3.703732026064189553e-02
1.234999999999999964e+01 8.450213937572635947e-01 4.306050122887977033e-02
1.414999999999999858e+01 7.833253943888550674e-01 3.026193536670003514e-02
1.619999999999999929e+01 8.103309321601764870e-01 3.656217868635839446e-02
1.860000000000000142e+01 8.032674928449395901e-01 3.380537214702143689e-02
2.135000000000000142e+01 8.073104469437119013e-01 4.285841770386419197e-02
2.445000000000000284e+01 8.835978300671261110e-01 4.544009833752328531e-02
2.805000000000000071e+01 8.131273807593438763e-01 4.105015279501932068e-02
3.385000000000000142e+01 7.555370095941206232e-01 3.282410492532607943e-02
4.260000000000000142e+01 8.012664503267497018e-01 3.448018738836602232e-02
5.364999999999999858e+01 7.758552286435647094e-01 3.874524320286387713e-02
6.754999999999999716e+01 8.253406282073028066e-01 5.380516535571992776e-02
8.504999999999999716e+01 7.097322530694920584e-01 2.637585046210675840e-02
1.069000000000000057e+02 7.790085563097852717e-01 3.361243534614496292e-02
1.345000000000000000e+02 7.871215977813160736e-01 4.118147199399031788e-02
