1.075000000000000000e+01 6.815126299320269920e-01 3.407083396758627675e-02
1.234999999999999964e+01 6.707783702200801335e-01 2.622535120392154376e-02
1.414999999999999858e+01 7.464848782211506162e-01 2.799075966029726525e-02
1.619999999999999929e+01 7.680739935473169799e-01 3.366217258328597223e-02
1.860000000000000142e+01 7.806538777083229519e-01 3.012458073733880609e-02
2.135000000000000142e+01 7.596788360212417546e-01 3.270454181843431701e-02
2.445000000000000284e+01 7.796677246263505889e-01 3.529940389976794768e-02
2.805000000000000071e+01 8.128942203162816682e-01 4.124547632012027371e-02
3.385000000000000142e+01 7.713522502117121649e-01 2.995310425243706900e-02
4.260000000000000142e+01 8.592189411884136874e-01 3.521220635463897380e-02
5.364999999999999858e+01 8.727116840881309345e-01 4.011977405714874795e-02
6.754999999999999716e+01 8.192320146640786893e-01 2.870107518346773010e-02
8.504999999999999716e+01 8.380462461678943598e-01 3.189749203703705349e-02
1.069000000000000057e+02 9.487953624833025401e-01 4.765779693569408004e-02
1.345000000000000000e+02 9.049335121754077393e-01 4.058722383215101343e-02
