1.075000000000000000e+01 1.214680468991036877e+00 4.817699598835090136e-02
1.234999999999999964e+01 1.241800253881595983e+00 5.101372273173344213e-02
1.414999999999999858e+01 1.275124483658133245e+00 4.296324340416791260e-02
1.619999999999999929e+01 1.219357036844356257e+00 4.453265595922928366e-02
1.860000000000000142e+01 1.342628792787335934e+00 5.379424002974233371e-02
2.135000000000000142e+01 1.197179608577565224e+00 5.289307827389923278e-02
2.445000000000000284e+01 1.257424998475578093e+00 5.547493016042027991e-02
2.805000000000000071e+01 1.177159150317113712e+00 5.769298153915611987e-02
3.385000000000000142e+01 1.118845671017303145e+00 4.698887256460163031e-02
4.260000000000000142e+01 1.130117030288942503e+00 4.407079522542056704e-02
5.364999999999999858e+01 1.020593511375221141e+00 3.870168476959233439e-02
6.754999999999999716e+01 9.834877009734098730e-01 3.288674500537772105e-02
8.504999999999999716e+01 1.008375305082297002e+00 4.447160944292032764e-02
1.069000000000000057e+02 1.045641129737444386e+00 4.324634850015510179e-02
1.345000000000000000e+02 9.337116524559856412e-01 4.160493447410072709e-02
