1.075000000000000000e+01 6.233402805161820659e-01 2.417401273358017744e-02
1.234999999999999964e+01 6.536733315809649669e-01 2.408993693012258588e-02
1.414999999999999858e+01 7.418244166775674886e-01 2.586640594460403245e-02
1.619999999999999929e+01 7.813298955403455981e-01 2.939827898780437987e-02
1.860000000000000142e+01 7.895165244075331712e-01 3.148937135230277240e-02
2.135000000000000142e+01 8.233278582426103442e-01 3.352916772963871611e-02
2.445000000000000284e+01 8.144934358311398670e-01 3.238601178391078972e-02
2.805000000000000071e+01 8.861188162340590813e-01 4.259942936773216532e-02
3.385000000000000142e+01 8.510038994820512404e-01 4.019051876252398986e-02
4.260000000000000142e+01 8.842173415149551241e-01 3.079681019126697880e-02
5.364999999999999858e+01 9.031444764680754966e-01 3.926171583665018922e-02
6.754999999999999716e+01 8.916138994245823568e-01 3.087048541643931318e-02
8.504999999999999716e+01 9.221715162531147758e-01 3.501345784849415471e-02
1.069000000000000057e+02 8.776535861323797594e-01 3.556394012926113873e-02
1.345000000000000000e+02 9.201364101194589029e-01 3.646382469674160770e-02
