1.075000000000000000e+01 4.902746059547170021e-01 2.267377785310283056e-02
1.234999999999999964e+01 5.398658726874978608e-01 2.177883414702032339e-02
1.414999999999999858e+01 5.829668156474844265e-01 2.217530901519462749e-02
1.619999999999999929e+01 6.243080936705743822e-01 2.854910673507966845e-02
1.860000000000000142e+01 6.926378353464914817e-01 2.955605723536899182e-02
2.135000000000000142e+01 6.773037442841800537e-01 2.936386511395343291e-02
2.445000000000000284e+01 6.991600463225522422e-01 3.158692970993038501e-02
2.805000000000000071e+01 7.053053136293360170e-01 3.180977377714969134e-02
3.385000000000000142e+01 7.550466842323539929e-01 3.339891187941972789e-02
4.260000000000000142e+01 8.042286774703596430e-01 3.263371854129235722e-02
5.364999999999999858e+01 8.096410333708298213e-01 4.076657358333213299e-02
6.754999999999999716e+01 7.776279915339872062e-01 2.875617108245921705e-02
8.504999999999999716e+01 8.592562146531578238e-01 3.848635013165712521e-02
1.069000000000000057e+02 9.088859533340724051e-01 4.226069278654518563e-02
1.345000000000000000e+02 7.760954400528142783e-01 3.171872745011779238e-02
