1.075000000000000000e+01 6.011477393539763625e-01 2.357805763226962156e-02
1.234999999999999964e+01 7.065447389569905479e-01 3.386059949308182354e-02
1.414999999999999858e+01 7.364235810017650818e-01 2.781267233114856005e-02
1.619999999999999929e+01 8.008763694626802598e-01 3.282002434817988396e-02
1.860000000000000142e+01 8.064024330013498387e-01 2.904055008492247361e-02
2.135000000000000142e+01 8.026190988818896477e-01 3.239237321782617585e-02
2.445000000000000284e+01 8.829051371852619789e-01 3.734320740132657940e-02
2.805000000000000071e+01 9.002697173976209610e-01 4.126643493647862149e-02
3.385000000000000142e+01 9.008997858021773331e-01 3.649867863890422781e-02
4.260000000000000142e+01 9.035811552589166906e-01 4.051127212653166110e-02
5.364999999999999858e+01 9.515859481612987114e-01 4.450271699929739949e-02
6.754999999999999716e+01 9.368690094436434856e-01 3.145010032277266443e-02
8.504999999999999716e+01 8.982967039031990453e-01 3.051058230196994694e-02
1.069000000000000057e+02 9.415162010769549950e-01 3.623241490099796819e-02
1.345000000000000000e+02 9.585705945150133633e-01 4.663256262052541817e-02
