1.075000000000000000e+01 4.891531128331516598e-01 2.604107997050441464e-02
1.234999999999999964e+01 5.169931192992528457e-01 2.359980394892354644e-02
1.414999999999999858e+01 5.991131415008043026e-01 2.257086611424247505e-02
1.619999999999999929e+01 5.824062665027702757e-01 2.396606122064432950e-02
1.860000000000000142e+01 6.396745171208836345e-01 2.705401626636932955e-02
2.135000000000000142e+01 7.046645911687211550e-01 2.880382839047054486e-02
2.445000000000000284e+01 7.481522312655740636e-01 3.370689934763994311e-02
2.805000000000000071e+01 7.330076929245287198e-01 3.685225334605608805e-02
3.385000000000000142e+01 7.485879513951700925e-01 3.010608003874626695e-02
4.260000000000000142e+01 8.371718886998918974e-01 3.941351470081116276e-02
5.364999999999999858e+01 7.699511768295982383e-01 2.424861827258435742e-02
6.754999999999999716e+01 8.200270232176410934e-01 2.736226389121611258e-02
8.504999999999999716e+01 8.172400041361472800e-01 3.048584910865494504e-02
1.069000000000000057e+02 9.032777656641215458e-01 4.094529095983795441e-02
1.345000000000000000e+02 9.346361820443573887e-01 4.187549738880179395e-02
