1.075000000000000000e+01 3.853027872692370015e-01 1.827073060761310805e-02
1.234999999999999964e+01 4.124523576470000563e-01 2.070893457053825729e-02
1.414999999999999858e+01 4.851148219924148464e-01 1.791018578951207585e-02
1.619999999999999929e+01 4.825544186997793861e-01 1.884123151680555663e-02
1.860000000000000142e+01 5.329620007545828875e-01 2.442997272563724592e-02
2.135000000000000142e+01 5.644264285449100971e-01 2.626307846025030882e-02
2.445000000000000284e+01 5.555396258822627997e-01 2.565076468436276735e-02
2.805000000000000071e+01 6.024011544557906772e-01 2.920337666503565466e-02
3.385000000000000142e+01 6.025903720133105601e-01 2.392987865314369703e-02
4.260000000000000142e+01 6.742200114454269810e-01 2.611230311942187854e-02
5.364999999999999858e+01 6.579167232914189256e-01 2.890853511551273736e-02
6.754999999999999716e+01 6.710772470158188341e-01 2.392572392740506537e-02
8.504999999999999716e+01 6.941750142323941386e-01 2.630549345298012834e-02
1.069000000000000057e+02 7.536973318726485349e-01 3.165602700730647118e-02
1.345000000000000000e+02 7.396180501729533452e-01 3.462910833440718122e-02
