1.075000000000000000e+01 8.365827659625388879e-01 3.567074725653072986e-02
1.234999999999999964e+01 8.927043315186223849e-01 3.731021142243298727e-02
1.414999999999999858e+01 9.247674053787902082e-01 3.335173239914200616e-02
1.619999999999999929e+01 9.301807547028870804e-01 3.640943049809661908e-02
1.860000000000000142e+01 9.837455346468237938e-01 4.045028146582232281e-02
2.135000000000000142e+01 9.355303266984288380e-01 4.434212138696088518e-02
2.445000000000000284e+01 9.329667310054607920e-01 4.499057168256680866e-02
2.805000000000000071e+01 9.050122891508546319e-01 3.981313561805051998e-02
3.385000000000000142e+01 8.909778925887158474e-01 3.534557950416804956e-02
4.260000000000000142e+01 9.632332976899551369e-01 4.412592231267522397e-02
5.364999999999999858e+01 8.412160444200725840e-01 3.003132166732546196e-02
6.754999999999999716e+01 8.782556612376271055e-01 3.168125107297294074e-02
8.504999999999999716e+01 9.015736580010039747e-01 3.475140792259092531e-02
1.069000000000000057e+02 9.368394936039521337e-01 4.756197137693932153e-02
1.345000000000000000e+02 8.245680153273837742e-01 4.016682563594855399e-02
