1.075000000000000000e+01 6.572442404103530089e-01 2.709735590605855116e-02
1.234999999999999964e+01 7.180368846062995525e-01 3.347144744764484620e-02
1.414999999999999858e+01 7.477926729209615209e-01 2.756647573957832914e-02
1.619999999999999929e+01 7.898215158316896911e-01 3.203250739395949176e-02
1.860000000000000142e+01 7.934918200132309307e-01 3.070535019437336394e-02
2.135000000000000142e+01 8.086580164262267001e-01 3.081962233263412301e-02
2.445000000000000284e+01 8.996397014190128383e-01 3.931239250089418880e-02
2.805000000000000071e+01 9.273933924133432871e-01 4.295646593892282067e-02
3.385000000000000142e+01 8.496886915103750715e-01 3.149570808587693477e-02
4.260000000000000142e+01 9.480237637638989634e-01 3.496680988884146718e-02
5.364999999999999858e+01 8.441307656321794806e-01 2.606257057088236934e-02
6.754999999999999716e+01 9.132645064823088354e-01 3.191643304085525074e-02
8.504999999999999716e+01 9.548793585355961344e-01 4.711646309964864776e-02
1.069000000000000057e+02 9.834029461340840772e-01 4.208537304548935071e-02
1.345000000000000000e+02 9.255294808806872053e-01 3.688566730509238584e-02
