1.075000000000000000e+01 1.068954946824263619e+00 4.499620579814687243e-02
1.234999999999999964e+01 1.076637501002836173e+00 4.840618769520280834e-02
1.414999999999999858e+01 1.083985062007317035e+00 3.756260773554822435e-02
1.619999999999999929e+01 1.130165183295608777e+00 4.329139188630477808e-02
1.860000000000000142e+01 1.108150105404961394e+00 4.495999462835392757e-02
2.135000000000000142e+01 1.086328300350043241e+00 4.277656637013284302e-02
2.445000000000000284e+01 1.052910458397117832e+00 4.288326833334538124e-02
2.805000000000000071e+01 1.103106212239341577e+00 5.084487011330333234e-02
3.385000000000000142e+01 9.931954054606342286e-01 3.960020189983842059e-02
4.260000000000000142e+01 9.972425215279323574e-01 3.638883048343825866e-02
5.364999999999999858e+01 9.935974574412805849e-01 4.226438061718087308e-02
6.754999999999999716e+01 9.217549131151223651e-01 3.203750091523435012e-02
8.504999999999999716e+01 9.645038997750594589e-01 4.502666344930403297e-02
1.069000000000000057e+02 9.886402327773123888e-01 4.116228869950241259e-02
1.345000000000000000e+02 9.312647788325641995e-01 4.401732165512034500e-02
