1.075000000000000000e+01 1.088095913183301011e+00 4.539974890694484927e-02
1.234999999999999964e+01 1.108279521021881875e+00 4.789426630973823290e-02
1.414999999999999858e+01 1.134310621077870174e+00 3.898267630941117806e-02
1.619999999999999929e+01 1.113344545676445252e+00 3.920077300924500879e-02
1.860000000000000142e+01 1.239241451959076423e+00 5.124888877300824014e-02
2.135000000000000142e+01 1.166937830115456709e+00 4.565025820802637302e-02
2.445000000000000284e+01 1.127659129926323445e+00 4.773448380912524019e-02
2.805000000000000071e+01 1.073332335490853717e+00 4.377020485060671706e-02
3.385000000000000142e+01 1.177461049484124445e+00 5.151263805850608141e-02
4.260000000000000142e+01 1.111361509753832300e+00 4.798036897055333455e-02
5.364999999999999858e+01 1.041983635727492086e+00 4.030833920470045656e-02
6.754999999999999716e+01 1.044631694937072197e+00 3.441451750393253323e-02
8.504999999999999716e+01 9.899697137812498715e-01 3.872974032869868494e-02
1.069000000000000057e+02 1.013512340222602282e+00 4.257736907583715980e-02
1.345000000000000000e+02 1.030974329795602440e+00 5.132416121987386920e-02
