1.075000000000000000e+01 3.731409710881498087e-01 2.046480621995538929e-02
1.234999999999999964e+01 4.037003558552854643e-01 2.037645233833486336e-02
1.414999999999999858e+01 4.360761074286177985e-01 1.702233503872722931e-02
1.619999999999999929e+01 4.626994754785875297e-01 1.878216835805085819e-02
1.860000000000000142e+01 5.366919351066157251e-01 2.382465033363485515e-02
2.135000000000000142e+01 5.317206569056250887e-01 2.257660965805546177e-02
2.445000000000000284e+01 5.599707696557992831e-01 2.470636012769814732e-02
2.805000000000000071e+01 5.966575561676701334e-01 2.827228379215396617e-02
3.385000000000000142e+01 6.257165825195908360e-01 2.702767404361492223e-02
4.260000000000000142e+01 6.815170512352849430e-01 2.534478205116570682e-02
5.364999999999999858e+01 6.807872534751395754e-01 2.133402067879818648e-02
6.754999999999999716e+01 7.230945127595392874e-01 2.367887507429457944e-02
8.504999999999999716e+01 7.529560577460928661e-01 2.888083392858551562e-02
1.069000000000000057e+02 7.930305022576883411e-01 3.499645820528628215e-02
1.345000000000000000e+02 7.948041110360456463e-01 3.444734698485860114e-02
