1.075000000000000000e+01 3.705184092078170899e-01 1.938363096798307109e-02
1.234999999999999964e+01 3.913708080995699778e-01 2.179015901413568213e-02
1.414999999999999858e+01 4.917530321367875046e-01 2.908735803964744918e-02
1.619999999999999929e+01 4.842032450540983413e-01 2.985062036205567496e-02
1.860000000000000142e+01 5.348197938874896806e-01 2.211351269993787338e-02
2.135000000000000142e+01 5.537036009963517413e-01 2.677728806796950828e-02
2.445000000000000284e+01 5.419891419190656645e-01 2.454751931679456656e-02
2.805000000000000071e+01 5.915535816705209671e-01 3.452956001992844859e-02
3.385000000000000142e+01 5.638981628626988929e-01 2.382649232607258333e-02
4.260000000000000142e+01 6.426434565313454694e-01 2.613362900285225859e-02
5.364999999999999858e+01 6.376951782187963991e-01 2.603163281054583431e-02
6.754999999999999716e+01 6.715908204598025621e-01 2.333993569516776626e-02
8.504999999999999716e+01 6.900506044854320953e-01 2.615530445574675011e-02
1.069000000000000057e+02 7.400381493138592504e-01 3.140536949688113588e-02
1.345000000000000000e+02 7.254799715205744182e-01 3.790022140524489103e-02
