1.075000000000000000e+01 1.105651828433095174e+00 4.844834033220219577e-02
1.234999999999999964e+01 1.192511308131896541e+00 5.365395288609270397e-02
1.414999999999999858e+01 1.151332345818285141e+00 4.060919195924609509e-02
1.619999999999999929e+01 1.108616172000858935e+00 4.489439512666314192e-02
1.860000000000000142e+01 1.202256076963517772e+00 4.968230779217034515e-02
2.135000000000000142e+01 1.154886293721380630e+00 4.654907306169740050e-02
2.445000000000000284e+01 1.069979797276596534e+00 4.512662283059510476e-02
2.805000000000000071e+01 1.222305750553039250e+00 6.055260092101855812e-02
3.385000000000000142e+01 1.043915975852602429e+00 4.320647107672212495e-02
4.260000000000000142e+01 1.056674505491295823e+00 5.171834165104836900e-02
5.364999999999999858e+01 1.031263442631487948e+00 4.065782381522810296e-02
6.754999999999999716e+01 1.049686620850933227e+00 3.803024165231495834e-02
8.504999999999999716e+01 9.933060692347756016e-01 3.675421885726809501e-02
1.069000000000000057e+02 9.743579694324121521e-01 3.881523852813549558e-02
1.345000000000000000e+02 9.615965191426457670e-01 4.539906868906134346e-02
