1.075000000000000000e+01 1.138751622236779948e+00 4.543186016748169270e-02
1.234999999999999964e+01 1.269224305332812941e+00 5.260499920793672290e-02
1.414999999999999858e+01 1.254016371359333304e+00 4.231753951080671761e-02
1.619999999999999929e+01 1.269931507783184976e+00 4.833460808977292633e-02
1.860000000000000142e+01 1.402900748491950011e+00 5.741955945157085212e-02
2.135000000000000142e+01 1.266943307124756224e+00 4.863157221953443021e-02
2.445000000000000284e+01 1.258463538993167763e+00 5.406660586000590352e-02
2.805000000000000071e+01 1.349743236481373954e+00 6.244747453835454432e-02
3.385000000000000142e+01 1.182798523536887858e+00 4.790336645370552732e-02
4.260000000000000142e+01 1.182086080755927249e+00 4.445455128169777809e-02
5.364999999999999858e+01 1.094216301032002514e+00 3.914127106450431687e-02
6.754999999999999716e+01 1.050042564288742541e+00 3.437315003142371594e-02
8.504999999999999716e+01 1.080433029786192156e+00 4.536704788995334775e-02
1.069000000000000057e+02 1.142231713822252637e+00 5.117131584604565214e-02
1.345000000000000000e+02 1.061219969012271669e+00 4.804997911201595862e-02
