1.075000000000000000e+01 6.212778910583209857e-01 3.028586308646265615e-02
1.234999999999999964e+01 6.343129376430732824e-01 2.816720047150880757e-02
1.414999999999999858e+01 6.468852781241180017e-01 2.582744555829036628e-02
1.619999999999999929e+01 6.689942197153552206e-01 3.036043814374445038e-02
1.860000000000000142e+01 6.644015096930212527e-01 2.555220624796969431e-02
2.135000000000000142e+01 6.662059126258754738e-01 2.942355046624892806e-02
2.445000000000000284e+01 6.562782172458375696e-01 3.139928710799009398e-02
2.805000000000000071e+01 6.819015966513457538e-01 3.599714549294170951e-02
3.385000000000000142e+01 6.906309981173146539e-01 3.239589965203348160e-02
4.260000000000000142e+01 6.902596217652516852e-01 2.610653856403984813e-02
5.364999999999999858e+01 7.064037731659303931e-01 3.387327846608158277e-02
6.754999999999999716e+01 7.169119844394024055e-01 2.919887209592710031e-02
8.504999999999999716e+01 6.996579382829632987e-01 2.559724020227526625e-02
1.069000000000000057e+02 6.884859799227244226e-01 2.950551814789193622e-02
1.345000000000000000e+02 7.044226559243876862e-01 3.389162813245789191e-02
