1.075000000000000000e+01 1.220821640588733326e+00 4.855517891525511220e-02
1.234999999999999964e+01 1.279480942255972975e+00 5.465465460322506408e-02
1.414999999999999858e+01 1.269970162460044794e+00 4.203534499310470490e-02
1.619999999999999929e+01 1.330440213855883735e+00 5.087326113356468310e-02
1.860000000000000142e+01 1.366533585895876035e+00 5.431877820072905649e-02
2.135000000000000142e+01 1.279183110251259414e+00 4.951818780653857027e-02
2.445000000000000284e+01 1.402077172720516351e+00 5.931097329758451553e-02
2.805000000000000071e+01 1.317883114788664933e+00 5.825240151360845664e-02
3.385000000000000142e+01 1.180276649651398113e+00 4.664881311322188057e-02
4.260000000000000142e+01 1.154869180570565090e+00 4.033609602937782146e-02
5.364999999999999858e+01 1.135253269494322259e+00 4.175519448141050416e-02
6.754999999999999716e+01 1.157192664934844295e+00 3.703721411125508040e-02
8.504999999999999716e+01 1.092093503380927810e+00 3.852348375910703837e-02
1.069000000000000057e+02 1.019748214372237394e+00 3.710585074728025429e-02
1.345000000000000000e+02 1.092066451833652474e+00 5.023921127385793522e-02
