1.075000000000000000e+01 6.214645703242328567e-01 3.155113161955418188e-02
1.234999999999999964e+01 5.562505652257286881e-01 2.207036235081887357e-02
1.414999999999999858e+01 6.406441726760661037e-01 2.439879709183743681e-02
1.619999999999999929e+01 7.244451399042279860e-01 3.555452360590740518e-02
1.860000000000000142e+01 7.013553462094821445e-01 3.285986019892764287e-02
2.135000000000000142e+01 6.608510255396159438e-01 2.777726978708650388e-02
2.445000000000000284e+01 6.654379451644792942e-01 3.108871773295569449e-02
2.805000000000000071e+01 7.560128949383372321e-01 3.966255962180501721e-02
3.385000000000000142e+01 6.872021117349580432e-01 2.832556675715341976e-02
4.260000000000000142e+01 7.414798504242973154e-01 3.016701009962079183e-02
5.364999999999999858e+01 7.199427740825731226e-01 3.087555988757048619e-02
6.754999999999999716e+01 7.565416027008375899e-01 2.908205695339944469e-02
8.504999999999999716e+01 7.834493607435110141e-01 3.078254579982305297e-02
1.069000000000000057e+02 7.964422574182151715e-01 3.814552801865356280e-02
1.345000000000000000e+02 8.103540789704003489e-01 4.180702548878769548e-02
