1.075000000000000000e+01 6.875845415126951021e-01 3.328410230124285302e-02
1.234999999999999964e+01 7.329181999263149061e-01 3.566780068038683665e-02
1.414999999999999858e+01 7.020310531042288638e-01 2.893504616699617629e-02
1.619999999999999929e+01 7.355349103343238326e-01 3.497415413410464441e-02
1.860000000000000142e+01 8.586408603044631827e-01 4.216013696996109839e-02
2.135000000000000142e+01 7.632773090123221582e-01 3.415614479067184683e-02
2.445000000000000284e+01 7.261356041049609189e-01 3.547089120202277790e-02
2.805000000000000071e+01 7.625250134349981224e-01 3.977194335846741258e-02
3.385000000000000142e+01 7.026116776701227806e-01 2.889998007687723247e-02
4.260000000000000142e+01 7.543911329551973299e-01 3.030074589096224194e-02
5.364999999999999858e+01 7.446962531660035189e-01 2.494375041200651288e-02
6.754999999999999716e+01 8.154811264242478597e-01 3.337815379522868914e-02
8.504999999999999716e+01 7.626469680591726474e-01 2.998468564646927098e-02
1.069000000000000057e+02 7.757415564769241101e-01 3.682552439485996948e-02
1.345000000000000000e+02 7.540497335757411212e-01 3.221494402810012869e-02
