1.075000000000000000e+01 7.378096884416501799e-01 3.340157962028383887e-02
1.234999999999999964e+01 7.870900831182533475e-01 3.820765372735793891e-02
1.414999999999999858e+01 7.918864521668658174e-01 2.916674609807983279e-02
1.619999999999999929e+01 8.581939519089806234e-01 3.591168305888597923e-02
1.860000000000000142e+01 9.082096469170909403e-01 3.793045348228574198e-02
2.135000000000000142e+01 8.707259027917189087e-01 3.706077666029811840e-02
2.445000000000000284e+01 8.765403382046533798e-01 4.088235756720218217e-02
2.805000000000000071e+01 9.202923349068794501e-01 4.237650269483898835e-02
3.385000000000000142e+01 8.898964368705999384e-01 3.776614350826041494e-02
4.260000000000000142e+01 9.096199747998382490e-01 4.186457820255812257e-02
5.364999999999999858e+01 8.982653508225671990e-01 3.999105442142268652e-02
6.754999999999999716e+01 8.883992873014973091e-01 3.161721236846840033e-02
8.504999999999999716e+01 9.151959754524046087e-01 3.476379972741478613e-02
1.069000000000000057e+02 9.195872943108537312e-01 3.737889338559806374e-02
1.345000000000000000e+02 9.073076976098560786e-01 4.272569192579955821e-02
