1.075000000000000000e+01 5.692560448605971102e-01 2.845276426175488010e-02
1.234999999999999964e+01 5.852300187116741270e-01 3.111535574244678887e-02
1.414999999999999858e+01 6.263711770789059941e-01 2.433257990914886384e-02
1.619999999999999929e+01 6.113169545931882443e-01 2.848121561070298194e-02
1.860000000000000142e+01 6.617345151691853555e-01 2.575909010748085939e-02
2.135000000000000142e+01 6.580697477062807943e-01 3.076142164912926830e-02
2.445000000000000284e+01 6.490222645652667932e-01 2.935790494157548142e-02
2.805000000000000071e+01 6.725507593080440882e-01 3.304077147471964904e-02
3.385000000000000142e+01 6.216375663619446712e-01 2.465601495497662943e-02
4.260000000000000142e+01 6.943348939309359480e-01 2.927361563331900077e-02
5.364999999999999858e+01 6.652235270723939609e-01 2.685242526575262051e-02
6.754999999999999716e+01 6.717934646520189457e-01 2.433008656274657927e-02
8.504999999999999716e+01 7.026741783516646800e-01 2.870318522376968939e-02
1.069000000000000057e+02 7.566336338328217836e-01 3.301518165272690486e-02
1.345000000000000000e+02 7.220679214052047046e-01 3.642903303092721867e-02
