1.075000000000000000e+01 8.764496841037371366e-01 3.534792347249487987e-02
1.234999999999999964e+01 9.890026573648905694e-01 4.488583613950082596e-02
1.414999999999999858e+01 9.868917429826349341e-01 3.484847275427738894e-02
1.619999999999999929e+01 1.011022867505368739e+00 4.027849083739581948e-02
1.860000000000000142e+01 9.948975802727059170e-01 4.127242095326744131e-02
2.135000000000000142e+01 1.006619942309177063e+00 4.632018480649578718e-02
2.445000000000000284e+01 9.817851736187200862e-01 4.180251393073020072e-02
2.805000000000000071e+01 1.034510264469860275e+00 4.722013389750311096e-02
3.385000000000000142e+01 1.000866534522334650e+00 4.321877671036093715e-02
4.260000000000000142e+01 1.068805918501517738e+00 4.151064221459314224e-02
5.364999999999999858e+01 9.556093416105904126e-01 3.069960556406433477e-02
6.754999999999999716e+01 9.670247592078838883e-01 3.450671402451670894e-02
8.504999999999999716e+01 9.212785004714474368e-01 3.238201339752524999e-02
1.069000000000000057e+02 9.520681421614027862e-01 4.161233466144977078e-02
1.345000000000000000e+02 9.266991179873881324e-01 3.951480458455073480e-02
