1.075000000000000000e+01 4.689868983500964372e-01 2.014607739125286873e-02
1.234999999999999964e+01 5.142791255488695645e-01 2.347381984767591204e-02
1.414999999999999858e+01 5.850272808065011265e-01 2.316377538400285832e-02
1.619999999999999929e+01 5.771584744423255975e-01 2.199703868975032631e-02
1.860000000000000142e+01 6.544206519073566541e-01 2.764205439256304034e-02
2.135000000000000142e+01 6.255872055183656633e-01 2.697577181773280069e-02
2.445000000000000284e+01 6.824134928307084014e-01 2.860981093999343666e-02
2.805000000000000071e+01 6.741872541453595158e-01 2.892155576125770428e-02
3.385000000000000142e+01 7.117742799565602851e-01 2.801442833445072847e-02
4.260000000000000142e+01 8.437257144208629711e-01 4.115265291659195301e-02
5.364999999999999858e+01 7.638512430356879657e-01 3.131234884086579046e-02
6.754999999999999716e+01 7.780366869411191599e-01 2.687352353544955608e-02
8.504999999999999716e+01 7.796609171374185854e-01 2.931743138911080057e-02
1.069000000000000057e+02 8.436675409817044891e-01 4.205649813542638310e-02
1.345000000000000000e+02 8.426892176544825697e-01 3.820149994245804898e-02
