1.075000000000000000e+01 6.599631548875584119e-01 2.654846533145594281e-02
1.234999999999999964e+01 6.362058234975448423e-01 2.364480508058067199e-02
1.414999999999999858e+01 7.442805755893422415e-01 2.702259483063371853e-02
1.619999999999999929e+01 7.728400125438638080e-01 3.221294976011926381e-02
1.860000000000000142e+01 8.026583940802330952e-01 3.521280728070139837e-02
2.135000000000000142e+01 7.763937439566676035e-01 3.236387647822271119e-02
2.445000000000000284e+01 8.467329484607136747e-01 3.921340967728345617e-02
2.805000000000000071e+01 8.188638292382701689e-01 3.939446432774939416e-02
3.385000000000000142e+01 7.900114543562063441e-01 3.113723270911082641e-02
4.260000000000000142e+01 8.852820276787506382e-01 3.651042676935620235e-02
5.364999999999999858e+01 7.957891970480874821e-01 3.251037346701029368e-02
6.754999999999999716e+01 8.117194116637245216e-01 2.785323645030601813e-02
8.504999999999999716e+01 8.533989674238989798e-01 3.514641099164404758e-02
1.069000000000000057e+02 8.911887577966106644e-01 4.186351448702667344e-02
1.345000000000000000e+02 7.892204862459857306e-01 3.192135436062776971e-02
