1.075000000000000000e+01 5.059077324640403051e-01 2.114477511636419366e-02
1.234999999999999964e+01 5.402334600504690165e-01 2.175473201555884473e-02
1.414999999999999858e+01 5.927531135794984474e-01 2.229390840601784204e-02
1.619999999999999929e+01 5.874051064817240597e-01 2.109612380681794366e-02
1.860000000000000142e+01 6.977882858292882018e-01 3.450685048814546713e-02
2.135000000000000142e+01 6.727499792536462131e-01 3.028943299189043592e-02
2.445000000000000284e+01 7.374794914886789732e-01 3.622485618562538978e-02
2.805000000000000071e+01 7.330584151657425496e-01 3.548113541495549056e-02
3.385000000000000142e+01 6.751842248941026803e-01 3.071167308743713228e-02
4.260000000000000142e+01 7.067565352283257107e-01 2.830186219580741250e-02
5.364999999999999858e+01 7.383126016970584793e-01 3.355263765037041351e-02
6.754999999999999716e+01 7.356386896252243845e-01 2.850742822175639929e-02
8.504999999999999716e+01 8.000778592216012397e-01 3.114256958438835557e-02
1.069000000000000057e+02 7.627302286748851579e-01 3.883845137744134507e-02
1.345000000000000000e+02 7.506006262041716726e-01 3.537938952342368354e-02
