1.075000000000000000e+01 6.307771933651735718e-01 3.067656534244661559e-02
1.234999999999999964e+01 6.635489784023986815e-01 3.344262910286863177e-02
1.414999999999999858e+01 7.022573255707983408e-01 2.640679577478089943e-02
1.619999999999999929e+01 6.958280149328935904e-01 2.777159671191180290e-02
1.860000000000000142e+01 7.792590532124016311e-01 3.741513437079511256e-02
2.135000000000000142e+01 7.379044817781962307e-01 3.188498340729181008e-02
2.445000000000000284e+01 7.593738851949166646e-01 3.472415983448288307e-02
2.805000000000000071e+01 7.825035316752916303e-01 3.924153309529491290e-02
3.385000000000000142e+01 7.832254382925244451e-01 3.352731870228115724e-02
4.260000000000000142e+01 8.145086143962309011e-01 3.431426178126197740e-02
5.364999999999999858e+01 7.609187614867239935e-01 3.489194006590772001e-02
6.754999999999999716e+01 8.334873662856630006e-01 3.041403070475585599e-02
8.504999999999999716e+01 8.146482251514459705e-01 3.725413579562689148e-02
1.069000000000000057e+02 8.200555722835840555e-01 3.911776925728963072e-02
1.345000000000000000e+02 8.618791032928513340e-01 4.624036859524031234e-02
