1.075000000000000000e+01 1.015593834556718015e-05 3.971600123213704226e-07
1.234999999999999964e+01 4.497759487698322391e-06 2.141345484790266252e-07
1.414999999999999858e+01 1.970969797902878972e-06 6.708882631506936659e-08
1.619999999999999929e+01 8.552577506383180344e-07 2.969949136227113215e-08
1.860000000000000142e+01 3.479320131704925014e-07 1.175145573369640678e-08
2.135000000000000142e+01 1.586681246179420356e-07 5.925349321811503503e-09
2.445000000000000284e+01 6.208400745054526934e-08 2.438244774501229034e-09
2.805000000000000071e+01 2.607858977775496570e-08 9.626125812533494031e-10
3.385000000000000142e+01 8.467746494025058092e-09 2.867843485785592462e-10
4.260000000000000142e+01 2.067613164433215424e-09 1.178896100584873697e-10
5.364999999999999858e+01 4.280138669686642206e-10 1.331312693618848867e-11
6.754999999999999716e+01 8.790124149837905965e-11 2.879831680553158313e-12
8.504999999999999716e+01 1.872250648959132822e-11 7.667403767448502976e-13
1.069000000000000057e+02 3.637344783404555950e-12 1.340959222977087029e-13
1.345000000000000000e+02 6.779355536591266318e-13 2.754977251025444070e-14
