1.075000000000000000e+01 3.926134090427667126e-06 2.586834552886291474e-07
1.234999999999999964e+01 1.397328037106384273e-06 5.735157143871503912e-08
1.414999999999999858e+01 6.633465859241896755e-07 3.560729408148999937e-08
1.619999999999999929e+01 2.877307939243949687e-07 1.868359627325856347e-08
1.860000000000000142e+01 1.161402461037412192e-07 5.358604488300980150e-09
2.135000000000000142e+01 5.196804220281051100e-08 2.762375882233731738e-09
2.445000000000000284e+01 2.141506715869937670e-08 1.432810056843523860e-09
2.805000000000000071e+01 8.740332724906015520e-09 5.357806555650410862e-10
3.385000000000000142e+01 2.741991503405900478e-09 9.955418599700125786e-11
4.260000000000000142e+01 8.089221000426592364e-10 7.382416568575713327e-11
5.364999999999999858e+01 1.618373732078562797e-10 5.757634793307455661e-12
6.754999999999999716e+01 3.772178166164805950e-11 1.434526653060377660e-12
8.504999999999999716e+01 8.123170415755804950e-12 3.908436855390885245e-13
1.069000000000000057e+02 1.766157773514604498e-12 8.798658783534326708e-14
1.345000000000000000e+02 3.296952266544101661e-13 2.036816991352077360e-14
