1.075000000000000000e+01 5.627668431991348588e-06 2.730274130288188563e-07
1.234999999999999964e+01 2.616721472805278287e-06 1.386809251113775422e-07
1.414999999999999858e+01 1.294287495064416747e-06 4.906080389412042708e-08
1.619999999999999929e+01 5.212634169268722089e-07 1.400784584292152112e-08
1.860000000000000142e+01 2.439633351550359838e-07 7.549756022157807589e-09
2.135000000000000142e+01 1.195018138879306264e-07 6.230707258522155477e-09
2.445000000000000284e+01 4.929878101373226682e-08 1.977133619634525727e-09
2.805000000000000071e+01 2.291649202839074398e-08 9.844176942330215590e-10
3.385000000000000142e+01 7.024819236577173434e-09 1.963507255290836651e-10
4.260000000000000142e+01 1.724145049398481042e-09 5.242405057938000019e-11
5.364999999999999858e+01 3.867928889700986326e-10 1.403855655404575930e-11
6.754999999999999716e+01 9.179414963978709500e-11 3.232514965906842674e-12
8.504999999999999716e+01 1.921658704283417810e-11 5.695883163052533998e-13
1.069000000000000057e+02 3.875684848177920508e-12 1.417413859743566944e-13
1.345000000000000000e+02 7.328793224351384134e-13 2.689238297255050211e-14
