1.075000000000000000e+01 2.788935059322160837e-06 9.869860214382767816e-08
1.234999999999999964e+01 1.224689614263281682e-06 3.691816885932288650e-08
1.414999999999999858e+01 6.567669240040727292e-07 2.509752388389147441e-08
1.619999999999999929e+01 2.977772804166293977e-07 9.416616814870357714e-09
1.860000000000000142e+01 1.465699382012908237e-07 5.314997829891540492e-09
2.135000000000000142e+01 6.653847768021671012e-08 2.479901698283770434e-09
2.445000000000000284e+01 3.229045766090426319e-08 1.313191982710288526e-09
2.805000000000000071e+01 1.423031156918769996e-08 5.898369038665595582e-10
3.385000000000000142e+01 4.672079115945936190e-09 1.519822841007402863e-10
4.260000000000000142e+01 1.278179859638003039e-09 4.157008301849440890e-11
5.364999999999999858e+01 3.020061215396351600e-10 7.815736878512703846e-12
6.754999999999999716e+01 6.946061904276563870e-11 2.030973356717339171e-12
8.504999999999999716e+01 1.450362453799142823e-11 4.072712549888639072e-13
1.069000000000000057e+02 3.214213973725991774e-12 1.112840082311256599e-13
1.345000000000000000e+02 6.616028492437496781e-13 3.242994677686438570e-14
