1.075000000000000000e+01 4.022027012647964042e-06 2.109080781102100409e-07
1.234999999999999964e+01 1.801507089084139400e-06 6.199382676024949503e-08
1.414999999999999858e+01 9.003552652107262591e-07 3.987668644031091963e-08
1.619999999999999929e+01 3.842880569771607109e-07 1.640276164913967823e-08
1.860000000000000142e+01 1.570534021001322638e-07 5.645216997441282984e-09
2.135000000000000142e+01 7.819664117079305341e-08 3.336910016019574937e-09
2.445000000000000284e+01 3.486657596569479603e-08 1.565730079427276971e-09
2.805000000000000071e+01 1.647437850917303829e-08 9.058782444372813517e-10
3.385000000000000142e+01 5.114123679633641263e-09 2.199553312779434215e-10
4.260000000000000142e+01 1.165498724446744140e-09 4.129467579451736763e-11
5.364999999999999858e+01 2.950202088591931711e-10 1.139897342711415107e-11
6.754999999999999716e+01 6.312816338181716035e-11 2.382118762120380285e-12
8.504999999999999716e+01 1.371101482702779987e-11 4.746910816616935949e-13
1.069000000000000057e+02 2.651258105102085024e-12 1.246596030147260747e-13
1.345000000000000000e+02 4.889858881398881895e-13 1.720696493268785633e-14
