1.075000000000000000e+01 2.597082868672492266e-06 1.762166180637187810e-07
1.234999999999999964e+01 1.054643171257550784e-06 5.307385617848761288e-08
1.414999999999999858e+01 4.614182718161744119e-07 2.405182971423560915e-08
1.619999999999999929e+01 2.148100736637660956e-07 8.674783592327700067e-09
1.860000000000000142e+01 1.127300257194776889e-07 9.794099742071129146e-09
2.135000000000000142e+01 5.012428615201545908e-08 2.430072994353412218e-09
2.445000000000000284e+01 2.269632068500639008e-08 1.139241388130274109e-09
2.805000000000000071e+01 9.698860240512485518e-09 5.292301773685586806e-10
3.385000000000000142e+01 3.237938759899485092e-09 1.487514035396837210e-10
4.260000000000000142e+01 8.131199009879408377e-10 6.450650948170521738e-11
5.364999999999999858e+01 1.875258870829623201e-10 9.380481724393198617e-12
6.754999999999999716e+01 4.060779007745456863e-11 1.282338053351254046e-12
8.504999999999999716e+01 1.016456923565605138e-11 6.142056095842831119e-13
1.069000000000000057e+02 2.095957190366816838e-12 9.110742551513653905e-14
1.345000000000000000e+02 4.171258988554204493e-13 2.561089008711309085e-14
