1.075000000000000000e+01 2.744175513457621331e-06 1.041196799009495678e-07
1.234999999999999964e+01 1.398526891374387784e-06 1.016483662602831552e-07
1.414999999999999858e+01 5.990795712604374525e-07 2.733623757770271499e-08
1.619999999999999929e+01 3.058896946043073942e-07 1.622617279876326705e-08
1.860000000000000142e+01 1.321307197235071350e-07 5.794710289274680465e-09
2.135000000000000142e+01 6.018394978487054102e-08 2.896539565807193483e-09
2.445000000000000284e+01 2.667814419505318403e-08 1.470903822542239746e-09
2.805000000000000071e+01 1.026379440223306581e-08 3.788727806601633164e-10
3.385000000000000142e+01 3.816213944929146701e-09 1.586778165628229374e-10
4.260000000000000142e+01 9.829447232885165520e-10 4.445023173237051156e-11
5.364999999999999858e+01 2.058293734208267617e-10 6.281620798588101350e-12
6.754999999999999716e+01 4.803057562231860337e-11 1.625772077564360908e-12
8.504999999999999716e+01 1.046976693850211031e-11 4.013616892400946111e-13
1.069000000000000057e+02 2.347570247335419820e-12 1.231153066248428733e-13
1.345000000000000000e+02 4.051654224334975790e-13 1.474011245995630101e-14
