1.075000000000000000e+01 4.378562857185584219e-06 1.992241982064262054e-07
1.234999999999999964e+01 1.975653143659807701e-06 5.981850173703807350e-08
1.414999999999999858e+01 9.140873123437823951e-07 3.438897958485389074e-08
1.619999999999999929e+01 4.544846773045629807e-07 1.829852766626603666e-08
1.860000000000000142e+01 1.931884523531245625e-07 6.459225134223802847e-09
2.135000000000000142e+01 9.282000300101100427e-08 3.599617322960645343e-09
2.445000000000000284e+01 3.938577377741009795e-08 1.582308584357277657e-09
2.805000000000000071e+01 1.690447228945003295e-08 7.126004619991876782e-10
3.385000000000000142e+01 5.877952098205097688e-09 2.102896763056248820e-10
4.260000000000000142e+01 1.498869627744702835e-09 7.421256374575667001e-11
5.364999999999999858e+01 3.818787276968069434e-10 2.072022521640637268e-11
6.754999999999999716e+01 7.883556643060087047e-11 2.803505831249299495e-12
8.504999999999999716e+01 1.657739483983761067e-11 5.591474722694688734e-13
1.069000000000000057e+02 3.524949156044317136e-12 1.209606169129036272e-13
1.345000000000000000e+02 6.943310835460150300e-13 3.194476668630609808e-14
