1.075000000000000000e+01 2.715043595925624167e-06 1.438293822295125699e-07
1.234999999999999964e+01 1.331955322598661124e-06 5.792799346942822236e-08
1.414999999999999858e+01 6.453155706291306856e-07 3.352377562516625303e-08
1.619999999999999929e+01 3.170348891034711368e-07 1.692240765487817458e-08
1.860000000000000142e+01 1.301037127602114339e-07 5.550177298930463249e-09
2.135000000000000142e+01 5.838515770448705315e-08 2.654305283302741286e-09
2.445000000000000284e+01 2.520151139070504363e-08 1.257818885773301584e-09
2.805000000000000071e+01 1.143432679646562099e-08 5.059431112907031710e-10
3.385000000000000142e+01 4.011065989916357160e-09 1.353336265237748469e-10
4.260000000000000142e+01 9.507881362618905424e-10 3.662555496973196216e-11
5.364999999999999858e+01 2.262879742574598702e-10 6.717534451890638923e-12
6.754999999999999716e+01 5.018129621578570163e-11 1.788539310408983516e-12
8.504999999999999716e+01 1.223937540939164638e-11 6.848272649494220026e-13
1.069000000000000057e+02 2.208165321866870059e-12 7.692279328739006547e-14
1.345000000000000000e+02 4.622716553291796089e-13 1.847929381270485245e-14
