1.075000000000000000e+01 5.300255164000118038e-06 2.604067652852475084e-07
1.234999999999999964e+01 2.352099435055235085e-06 7.244180419625979522e-08
1.414999999999999858e+01 1.103792037726466215e-06 3.102054035620817433e-08
1.619999999999999929e+01 5.468176794308487814e-07 2.161315690078504909e-08
1.860000000000000142e+01 2.415114432423537452e-07 7.301100378316275914e-09
2.135000000000000142e+01 1.146286117865542972e-07 6.184072030946422289e-09
2.445000000000000284e+01 4.883383725417344810e-08 2.036135350631742782e-09
2.805000000000000071e+01 2.240471039522655719e-08 8.679892349240491264e-10
3.385000000000000142e+01 7.748082082984131141e-09 2.928454473799456047e-10
4.260000000000000142e+01 1.724262596471433830e-09 5.165280616375801379e-11
5.364999999999999858e+01 4.076134787908602037e-10 1.036144152557117104e-11
6.754999999999999716e+01 9.271632538954922806e-11 2.642647185321362015e-12
8.504999999999999716e+01 1.963553527007651584e-11 6.037751492645782797e-13
1.069000000000000057e+02 3.779599432872237744e-12 1.181794953983723374e-13
1.345000000000000000e+02 7.681397015533313167e-13 3.781063359374041216e-14
