1.075000000000000000e+01 4.719334598452407289e-06 1.624648576722232174e-07
1.234999999999999964e+01 2.274025530896844651e-06 7.082980779356724260e-08
1.414999999999999858e+01 1.059071320178870373e-06 3.358656775383013933e-08
1.619999999999999929e+01 5.243734383531122668e-07 2.437115421654425398e-08
1.860000000000000142e+01 2.126862878774506001e-07 6.228329163865829543e-09
2.135000000000000142e+01 1.018338037511154100e-07 3.553272292207483397e-09
2.445000000000000284e+01 4.215329343733881164e-08 1.623002143415765514e-09
2.805000000000000071e+01 1.860289706460873984e-08 6.933571771920167340e-10
3.385000000000000142e+01 6.680682654544879510e-09 2.320772931055257534e-10
4.260000000000000142e+01 1.540657552050836314e-09 4.903185428017415951e-11
5.364999999999999858e+01 3.467557855310479271e-10 1.129125586862738050e-11
6.754999999999999716e+01 8.098397549338999836e-11 2.669834315442751383e-12
8.504999999999999716e+01 1.597090549616936544e-11 5.105309719543256334e-13
1.069000000000000057e+02 3.320520584159661325e-12 1.185432335256320162e-13
1.345000000000000000e+02 6.595444687584857599e-13 2.731647381859772837e-14
