1.075000000000000000e+01 1.051406732758184685e-05 3.596210662886575415e-07
1.234999999999999964e+01 4.812507648312577905e-06 1.518665735501442254e-07
1.414999999999999858e+01 2.068066391906300584e-06 5.915816489259190347e-08
1.619999999999999929e+01 9.751366759587855420e-07 2.944961852152940517e-08
1.860000000000000142e+01 4.328018626956017095e-07 1.572119371263668551e-08
2.135000000000000142e+01 1.754382486806473657e-07 5.344908551577081727e-09
2.445000000000000284e+01 7.747927690342511576e-08 2.654691558151053202e-09
2.805000000000000071e+01 3.363112236572967346e-08 1.288286626622073744e-09
3.385000000000000142e+01 1.063677053208387843e-08 3.506069347580749382e-10
4.260000000000000142e+01 2.332520404070492773e-09 6.523259822254487011e-11
5.364999999999999858e+01 5.527219967289187620e-10 1.922166975023456577e-11
6.754999999999999716e+01 1.154421162659511146e-10 5.810685149234497839e-12
8.504999999999999716e+01 2.280018992302330043e-11 6.837430441444762068e-13
1.069000000000000057e+02 4.690660553652467332e-12 1.716587358818884363e-13
1.345000000000000000e+02 8.584199625546083295e-13 3.402482456122741602e-14
