1.075000000000000000e+01 8.450525285135564185e-06 2.855705495936892723e-07
1.234999999999999964e+01 3.745870233136371791e-06 1.164461089634179913e-07
1.414999999999999858e+01 1.733513754688958522e-06 5.619699024630474723e-08
1.619999999999999929e+01 7.869203218106128148e-07 3.084069516995871934e-08
1.860000000000000142e+01 3.182622564589132098e-07 1.139913624666252437e-08
2.135000000000000142e+01 1.458679148391861651e-07 5.110755525844826505e-09
2.445000000000000284e+01 6.281371364714510992e-08 2.408800300237119065e-09
2.805000000000000071e+01 2.653058749111776138e-08 1.087473985259896258e-09
3.385000000000000142e+01 8.778873141123063769e-09 3.430029980416010748e-10
4.260000000000000142e+01 1.974901775240980896e-09 6.598027516225247072e-11
5.364999999999999858e+01 4.172092340393594864e-10 1.499189177476446564e-11
6.754999999999999716e+01 9.290974816899668476e-11 2.859045029467749886e-12
8.504999999999999716e+01 2.020591387636939558e-11 6.911835750692079492e-13
1.069000000000000057e+02 3.866386817389129190e-12 1.456470641493884338e-13
1.345000000000000000e+02 7.388636455474449193e-13 3.452616688150125405e-14
