1.075000000000000000e+01 7.875173795229626738e-06 2.721263850908871163e-07
1.234999999999999964e+01 3.482816079628362411e-06 1.523569127692634021e-07
1.414999999999999858e+01 1.491912567012772216e-06 4.611031339807029808e-08
1.619999999999999929e+01 6.913092076301415813e-07 2.205745293953585907e-08
1.860000000000000142e+01 3.274442195251667047e-07 1.309153836066885307e-08
2.135000000000000142e+01 1.400564129008297361e-07 4.911726172326173800e-09
2.445000000000000284e+01 5.669291949631404611e-08 2.242865095080616917e-09
2.805000000000000071e+01 2.425260229956057466e-08 9.239879162000967403e-10
3.385000000000000142e+01 8.112863588914548071e-09 3.324453401087207403e-10
4.260000000000000142e+01 1.791541075902357403e-09 5.223642483358857635e-11
5.364999999999999858e+01 4.315497481083892063e-10 1.892451113291603117e-11
6.754999999999999716e+01 8.677732690347870927e-11 2.655686439799537798e-12
8.504999999999999716e+01 1.811701939145462927e-11 6.048978295836832660e-13
1.069000000000000057e+02 3.747548699790205689e-12 1.487629470297907402e-13
1.345000000000000000e+02 6.978153835003479955e-13 3.121925828193979585e-14
