1.075000000000000000e+01 6.951590021486814163e-06 3.400473254853307298e-07
1.234999999999999964e+01 2.897374092535774628e-06 1.326563669213163316e-07
1.414999999999999858e+01 1.171175202711960145e-06 4.133166280213067912e-08
1.619999999999999929e+01 5.709691404105561157e-07 2.867880355168058715e-08
1.860000000000000142e+01 2.266250108750290961e-07 8.446771134304653335e-09
2.135000000000000142e+01 9.662946927408132479e-08 4.029811584521655610e-09
2.445000000000000284e+01 3.942040335017675226e-08 1.688717174208817321e-09
2.805000000000000071e+01 1.588676134762701514e-08 6.530011418079404689e-10
3.385000000000000142e+01 5.458085345839867043e-09 1.769382006233622044e-10
4.260000000000000142e+01 1.285109628301215171e-09 4.451016059381284309e-11
5.364999999999999858e+01 3.013773474571476185e-10 1.639062961236640769e-11
6.754999999999999716e+01 6.032777163284469867e-11 2.221315458875710848e-12
8.504999999999999716e+01 1.359037884960750506e-11 8.596181861398310227e-13
1.069000000000000057e+02 2.775954736346977282e-12 1.084099394182952309e-13
1.345000000000000000e+02 5.460516592217678504e-13 2.281997010368664353e-14
