1.075000000000000000e+01 2.749476114363151466e-06 1.802906929811040525e-07
1.234999999999999964e+01 1.230266367238816672e-06 5.548445490369583320e-08
1.414999999999999858e+01 5.203198016425465504e-07 1.889395886846003547e-08
1.619999999999999929e+01 2.385323037188897750e-07 9.997877778986297448e-09
1.860000000000000142e+01 1.021684317076490639e-07 4.006800619727284062e-09
2.135000000000000142e+01 5.184281249817047289e-08 2.928339849051889920e-09
2.445000000000000284e+01 1.965074898265591958e-08 8.467340830896186520e-10
2.805000000000000071e+01 9.537298605733038802e-09 5.271313017336486781e-10
3.385000000000000142e+01 3.397236822207098247e-09 1.823992351391220751e-10
4.260000000000000142e+01 7.159207358055941057e-10 2.297086078409123775e-11
5.364999999999999858e+01 1.905925967322805433e-10 7.020681270326022672e-12
6.754999999999999716e+01 4.239448798434401827e-11 1.654782952309504658e-12
8.504999999999999716e+01 9.888951216882334301e-12 4.132247638876407170e-13
1.069000000000000057e+02 1.957771588217437166e-12 8.418142799171830714e-14
1.345000000000000000e+02 3.818485736155705875e-13 1.666251833767753308e-14
