1.075000000000000000e+01 2.625444349045540445e-06 2.121418787255400492e-07
1.234999999999999964e+01 1.049760385423596166e-06 5.264274932596919450e-08
1.414999999999999858e+01 4.398113982425252341e-07 1.679573137496195826e-08
1.619999999999999929e+01 2.282791112543598726e-07 1.285327001973639315e-08
1.860000000000000142e+01 1.022205093423721912e-07 5.025408349101210166e-09
2.135000000000000142e+01 4.212633653312051609e-08 2.082561019471855816e-09
2.445000000000000284e+01 2.107619777740020784e-08 1.190952366158348778e-09
2.805000000000000071e+01 8.965606393378711305e-09 5.102783800443150023e-10
3.385000000000000142e+01 2.958004147080458584e-09 1.095318832203168841e-10
4.260000000000000142e+01 7.362204009041673363e-10 3.240866966523278349e-11
5.364999999999999858e+01 1.774687932413171774e-10 9.471480302997368637e-12
6.754999999999999716e+01 4.688936390718747925e-11 2.136268966060690986e-12
8.504999999999999716e+01 9.782414535273115801e-12 5.724857634638508977e-13
1.069000000000000057e+02 2.021315626721521195e-12 7.994476081735356342e-14
1.345000000000000000e+02 3.970921029234777998e-13 1.605417099262128394e-14
