1.075000000000000000e+01 2.980783524837860281e-06 1.797742870606670551e-07
1.234999999999999964e+01 1.478686084913835733e-06 1.254709111774140357e-07
1.414999999999999858e+01 5.813690548450178891e-07 3.052983760157031034e-08
1.619999999999999929e+01 2.838395289523758021e-07 2.036371589581207059e-08
1.860000000000000142e+01 1.124013976843747745e-07 5.350747579024747780e-09
2.135000000000000142e+01 4.595851552193820383e-08 2.739366245263394516e-09
2.445000000000000284e+01 2.100758172110181012e-08 1.156662690596514893e-09
2.805000000000000071e+01 9.705180912411080423e-09 6.316850012843250550e-10
3.385000000000000142e+01 3.168113266998610324e-09 1.835126115995516843e-10
4.260000000000000142e+01 7.404400874371764659e-10 3.690192068952261728e-11
5.364999999999999858e+01 1.882751046813689487e-10 1.065277676378687323e-11
6.754999999999999716e+01 3.849631634026851494e-11 1.779504544535619874e-12
8.504999999999999716e+01 8.633363809155676128e-12 3.680404115976468761e-13
1.069000000000000057e+02 1.745338046666954480e-12 7.091557756559557040e-14
1.345000000000000000e+02 3.279849540172691483e-13 1.536628831923728921e-14
