1.075000000000000000e+01 6.102029015397560090e-06 2.143827217717461328e-07
1.234999999999999964e+01 2.911948847790523010e-06 8.362783236771257874e-08
1.414999999999999858e+01 1.310657061231223045e-06 4.394054019332255327e-08
1.619999999999999929e+01 6.520808395072352241e-07 2.435534362728976942e-08
1.860000000000000142e+01 2.816285123585165054e-07 8.756013259424018304e-09
2.135000000000000142e+01 1.181383534676437060e-07 4.585301861993638752e-09
2.445000000000000284e+01 5.899220207157756098e-08 2.689345969151629978e-09
2.805000000000000071e+01 2.287805811616482485e-08 1.055444395375596517e-09
3.385000000000000142e+01 8.142415512271597761e-09 3.382666569537408948e-10
4.260000000000000142e+01 1.835673406070261387e-09 6.549857169900430016e-11
5.364999999999999858e+01 4.537789826859453159e-10 2.117364877878728849e-11
6.754999999999999716e+01 1.055786452755516967e-10 3.541808519288270400e-12
8.504999999999999716e+01 1.937318030981614003e-11 5.573225984092318979e-13
1.069000000000000057e+02 4.262102564321964707e-12 1.622070978306531746e-13
1.345000000000000000e+02 7.897689522840933367e-13 3.714034847069685014e-14
