1.075000000000000000e+01 1.905109973367379417e-06 1.369895772654159065e-07
1.234999999999999964e+01 8.500885997941094395e-07 8.553106768884620079e-08
1.414999999999999858e+01 4.000584005560053602e-07 2.451182335086276311e-08
1.619999999999999929e+01 1.888555792000349984e-07 1.157393025466284859e-08
1.860000000000000142e+01 7.756103588508977698e-08 3.949532029333024269e-09
2.135000000000000142e+01 3.606057050103443718e-08 1.845985220328134027e-09
2.445000000000000284e+01 1.631008575979164976e-08 8.743530226924210875e-10
2.805000000000000071e+01 8.264406222127156691e-09 5.423481810244866109e-10
3.385000000000000142e+01 2.565877742136450873e-09 1.346972755290826541e-10
4.260000000000000142e+01 6.321199077682433365e-10 2.259913927792345314e-11
5.364999999999999858e+01 1.418654067519645055e-10 4.893060369254151805e-12
6.754999999999999716e+01 3.579100643134626066e-11 1.506550638190275195e-12
8.504999999999999716e+01 8.069571000787628301e-12 3.616283166401969705e-13
1.069000000000000057e+02 1.624608088288206782e-12 7.289331831280243435e-14
1.345000000000000000e+02 3.217795370619277969e-13 1.374912421684108035e-14
