1.075000000000000000e+01 2.564387878359543709e-06 1.116895888263540182e-07
1.234999999999999964e+01 1.138788562563109429e-06 5.591432692398193821e-08
1.414999999999999858e+01 5.264486090938832152e-07 2.920764620590496009e-08
1.619999999999999929e+01 2.225244875783822149e-07 1.014251456906713367e-08
1.860000000000000142e+01 1.026992710854270735e-07 4.756834176867066263e-09
2.135000000000000142e+01 4.121301727695355740e-08 2.116348896616232103e-09
2.445000000000000284e+01 1.909459607885357619e-08 1.043709546598518931e-09
2.805000000000000071e+01 8.488414355830506826e-09 5.970884338750784250e-10
3.385000000000000142e+01 2.659841961272829785e-09 1.033622310170765436e-10
4.260000000000000142e+01 7.415253523988860103e-10 3.962166493145189754e-11
5.364999999999999858e+01 1.596064120728505480e-10 9.207206254174960851e-12
6.754999999999999716e+01 3.433703253084631203e-11 1.395701287256647681e-12
8.504999999999999716e+01 7.889578984359533895e-12 3.616330127728517826e-13
1.069000000000000057e+02 1.581711397266447100e-12 6.817295822231503740e-14
1.345000000000000000e+02 3.595169725671910229e-13 2.300724007036646168e-14
