1.075000000000000000e+01 3.172888518405726455e-06 1.854130641152530347e-07
1.234999999999999964e+01 1.433054606077090338e-06 6.648646187786950789e-08
1.414999999999999858e+01 6.275413435244806513e-07 2.943777740642945700e-08
1.619999999999999929e+01 3.165992783280386461e-07 1.220689450882823481e-08
1.860000000000000142e+01 1.434597276817209195e-07 6.206949152313086602e-09
2.135000000000000142e+01 6.604825976957853078e-08 5.703633270272672198e-09
2.445000000000000284e+01 2.749571690413927557e-08 1.594826664904965317e-09
2.805000000000000071e+01 1.252379842474624997e-08 6.893194490769335252e-10
3.385000000000000142e+01 3.857600890138751308e-09 1.315535948767502066e-10
4.260000000000000142e+01 9.462392270527682103e-10 3.492906061280221916e-11
5.364999999999999858e+01 2.236514108588599475e-10 7.062159179670356451e-12
6.754999999999999716e+01 5.039297164995203770e-11 1.830108066285505091e-12
8.504999999999999716e+01 1.194751423215853438e-11 6.667837637264914139e-13
1.069000000000000057e+02 2.218079307503167298e-12 8.006750961861839232e-14
1.345000000000000000e+02 4.773150449058979635e-13 2.378620082897270401e-14
