1.075000000000000000e+01 2.175024774540444512e-06 1.241277695833278679e-07
1.234999999999999964e+01 1.087487214520015295e-06 4.422208569941620873e-08
1.414999999999999858e+01 5.316613883081448058e-07 2.249899052745943217e-08
1.619999999999999929e+01 2.454116001762068932e-07 8.363982870274459835e-09
1.860000000000000142e+01 1.135928732917590356e-07 4.158032645661651492e-09
2.135000000000000142e+01 5.871353310146141697e-08 2.630083103068485042e-09
2.445000000000000284e+01 2.501181652012683158e-08 9.423851275386317618e-10
2.805000000000000071e+01 1.160201247998956555e-08 5.479856830394631409e-10
3.385000000000000142e+01 3.991767730206892119e-09 1.141958663808615566e-10
4.260000000000000142e+01 1.027136233093841389e-09 3.828660767042773174e-11
5.364999999999999858e+01 2.423645085563094853e-10 6.474179268867729013e-12
6.754999999999999716e+01 5.686122448669593449e-11 1.705010979108364955e-12
8.504999999999999716e+01 1.273234459744541149e-11 4.329661283245538981e-13
1.069000000000000057e+02 2.760740736258833494e-12 9.706257809255717143e-14
1.345000000000000000e+02 5.644151141094352184e-13 2.011362764837471997e-14
