1.075000000000000000e+01 5.630583404950791384e-06 1.936109671806474166e-07
1.234999999999999964e+01 2.476305754652035190e-06 7.520023541091528741e-08
1.414999999999999858e+01 1.179370604171697575e-06 4.603899436395827600e-08
1.619999999999999929e+01 5.483140601962631205e-07 2.034010986784350170e-08
1.860000000000000142e+01 2.327743437784552446e-07 8.005071572574862400e-09
2.135000000000000142e+01 1.022342503226377822e-07 3.767014651304944868e-09
2.445000000000000284e+01 4.480597191315489181e-08 1.795753023289191619e-09
2.805000000000000071e+01 1.956278874455124802e-08 8.327095938822136402e-10
3.385000000000000142e+01 6.125599533022983451e-09 1.746401477017739230e-10
4.260000000000000142e+01 1.471240508574405061e-09 4.820136697339810385e-11
5.364999999999999858e+01 3.140064265657257021e-10 1.154205664860681407e-11
6.754999999999999716e+01 7.293181088652132025e-11 2.400466665744455869e-12
8.504999999999999716e+01 1.464359105666147693e-11 5.234698044488292404e-13
1.069000000000000057e+02 3.042762850026410691e-12 1.640115452741514477e-13
1.345000000000000000e+02 5.741021896228327213e-13 2.605273698547798536e-14
