1.075000000000000000e+01 2.022692972795618097e-06 1.384314195347538052e-07
1.234999999999999964e+01 8.104141101260965726e-07 4.101778967646542569e-08
1.414999999999999858e+01 4.061479390677323101e-07 2.195748034323124997e-08
1.619999999999999929e+01 1.773853867307712899e-07 7.551707155277771815e-09
1.860000000000000142e+01 8.751391837469023116e-08 4.288453164236603645e-09
2.135000000000000142e+01 4.408179624116479719e-08 2.644729491901942409e-09
2.445000000000000284e+01 1.772168417776009123e-08 8.061146017607052593e-10
2.805000000000000071e+01 8.823412473260603985e-09 6.757855462228208995e-10
3.385000000000000142e+01 2.736697415350847864e-09 8.477921098859264335e-11
4.260000000000000142e+01 7.289372764472005899e-10 3.058567147973770050e-11
5.364999999999999858e+01 1.707394344326382526e-10 5.254691470320520672e-12
6.754999999999999716e+01 4.115127047654048705e-11 1.727177834663721556e-12
8.504999999999999716e+01 9.261545622035363834e-12 3.598114794876465245e-13
1.069000000000000057e+02 1.828847082882481691e-12 6.811964556121021208e-14
1.345000000000000000e+02 3.682648104344453832e-13 1.479400821205732270e-14
