1.075000000000000000e+01 4.737404736552675423e-06 2.013409101489915012e-07
1.234999999999999964e+01 2.242205456979293535e-06 7.681231293316938870e-08
1.414999999999999858e+01 1.024546515504842393e-06 3.410378357998442222e-08
1.619999999999999929e+01 4.795068964636490537e-07 1.650583875509607753e-08
1.860000000000000142e+01 2.395392208985373836e-07 8.462458540162092519e-09
2.135000000000000142e+01 1.027784977622891788e-07 4.133528572506788148e-09
2.445000000000000284e+01 4.273103668058991979e-08 1.444883437043052958e-09
2.805000000000000071e+01 2.036585602453293184e-08 9.917554673732798783e-10
3.385000000000000142e+01 6.231373199524153130e-09 1.642023898148054365e-10
4.260000000000000142e+01 1.610357353516564807e-09 5.207353292598427771e-11
5.364999999999999858e+01 3.690474058351904634e-10 1.443325394669211278e-11
6.754999999999999716e+01 7.767044143480595515e-11 2.334605611938195505e-12
8.504999999999999716e+01 1.790361556743758352e-11 7.767167018722956089e-13
1.069000000000000057e+02 3.411944898979125133e-12 1.230600405558123608e-13
1.345000000000000000e+02 6.823862979575362419e-13 3.350453903929083227e-14
