1.075000000000000000e+01 4.613320671237026572e-06 2.493047936935239071e-07
1.234999999999999964e+01 1.916697093731507547e-06 6.104186679442407689e-08
1.414999999999999858e+01 1.001186973830440960e-06 3.483528800115307628e-08
1.619999999999999929e+01 4.705162454038237961e-07 2.333790858931072966e-08
1.860000000000000142e+01 2.181448343297744959e-07 9.923776974662579481e-09
2.135000000000000142e+01 9.766194537677002588e-08 4.101239271898462689e-09
2.445000000000000284e+01 4.485375789621619108e-08 2.094715656906701522e-09
2.805000000000000071e+01 1.789612028629598352e-08 7.339569090151240254e-10
3.385000000000000142e+01 5.773674890659189377e-09 1.950975863045783893e-10
4.260000000000000142e+01 1.416224720786279459e-09 7.349305432732839813e-11
5.364999999999999858e+01 3.114127532759771726e-10 8.631885281610743835e-12
6.754999999999999716e+01 7.054212132498806917e-11 2.140540640612738856e-12
8.504999999999999716e+01 1.566024591098607379e-11 5.389330210973527178e-13
1.069000000000000057e+02 3.046238870704542269e-12 9.851261552505147137e-14
1.345000000000000000e+02 6.312363283952883788e-13 2.973554609946462701e-14
