1.075000000000000000e+01 3.639886881688305570e-06 1.634011725094187803e-07
1.234999999999999964e+01 1.713056434708444695e-06 6.365651417295941235e-08
1.414999999999999858e+01 7.369092273390525724e-07 2.120381280218914907e-08
1.619999999999999929e+01 3.433413372323568956e-07 1.058136942573923607e-08
1.860000000000000142e+01 1.766621233135028221e-07 6.353246560487588784e-09
2.135000000000000142e+01 7.862732881256613627e-08 3.115258975082386297e-09
2.445000000000000284e+01 3.483389291912858480e-08 1.589509571176495854e-09
2.805000000000000071e+01 1.602678926346137351e-08 6.708195422589268386e-10
3.385000000000000142e+01 5.431225813425997448e-09 1.959943993860873777e-10
4.260000000000000142e+01 1.335794973496072250e-09 4.055141371662568740e-11
5.364999999999999858e+01 3.362169043488367205e-10 1.133401788285734965e-11
6.754999999999999716e+01 7.556934079397508586e-11 2.288989688517383428e-12
8.504999999999999716e+01 1.588211143294175872e-11 4.923823992127841061e-13
1.069000000000000057e+02 3.250800679396806075e-12 1.145769308066370967e-13
1.345000000000000000e+02 6.895716401054817008e-13 2.998271283447687509e-14
