1.075000000000000000e+01 1.704748040355506874e-06 1.275041239299620761e-07
1.234999999999999964e+01 7.667896039402318651e-07 3.959240787738945877e-08
1.414999999999999858e+01 3.806903926388341501e-07 2.096398310344994325e-08
1.619999999999999929e+01 1.980818521214877707e-07 1.149489830615024704e-08
1.860000000000000142e+01 8.513123464831037371e-08 3.774037296278123059e-09
2.135000000000000142e+01 3.779872507897153680e-08 1.474811874142244285e-09
2.445000000000000284e+01 1.815686354140771473e-08 8.019618065713608534e-10
2.805000000000000071e+01 8.636738722513961303e-09 4.196292783642828319e-10
3.385000000000000142e+01 3.124151209673561054e-09 9.773870904540195452e-11
4.260000000000000142e+01 8.286108794677461753e-10 2.964461333565131429e-11
5.364999999999999858e+01 2.051587138660103245e-10 5.467247290836585071e-12
6.754999999999999716e+01 5.110754518901198146e-11 2.031012952314597901e-12
8.504999999999999716e+01 1.157598765628317274e-11 6.043847092665903550e-13
1.069000000000000057e+02 2.248304117963636567e-12 7.491348211794904117e-14
1.345000000000000000e+02 4.610059226622501044e-13 1.519718438545713125e-14
