1.075000000000000000e+01 4.922151217126747926e-06 2.668988042253193835e-07
1.234999999999999964e+01 2.063240008353985095e-06 1.117409665124951972e-07
1.414999999999999858e+01 9.056118765410585442e-07 4.075168161986135194e-08
1.619999999999999929e+01 4.322986576021084722e-07 1.887905848428418408e-08
1.860000000000000142e+01 1.794728553056379012e-07 8.893657917312850752e-09
2.135000000000000142e+01 7.987805020233395472e-08 3.758540380143181000e-09
2.445000000000000284e+01 3.800621463815467379e-08 1.786663243622794109e-09
2.805000000000000071e+01 1.467388704702053097e-08 6.441188416551706701e-10
3.385000000000000142e+01 4.839007682041965473e-09 2.021332847566513806e-10
4.260000000000000142e+01 1.204532093465238237e-09 4.427555540324651688e-11
5.364999999999999858e+01 2.861213248195878748e-10 1.205904795984334228e-11
6.754999999999999716e+01 6.116482592129205150e-11 2.220542683125001031e-12
8.504999999999999716e+01 1.239480263035258998e-11 4.517641426956553707e-13
1.069000000000000057e+02 2.605345774611027188e-12 1.013990824146131908e-13
1.345000000000000000e+02 5.087783635571931087e-13 2.435182015880426883e-14
