1.075000000000000000e+01 7.264739169803037398e-06 2.814009126670196439e-07
1.234999999999999964e+01 3.345843284516492001e-06 1.297296996244605127e-07
1.414999999999999858e+01 1.402076219375635092e-06 4.301745826165448712e-08
1.619999999999999929e+01 7.215975268398952406e-07 2.684301946546408659e-08
1.860000000000000142e+01 3.151193492842518160e-07 1.158885133713344728e-08
2.135000000000000142e+01 1.288915142692333110e-07 4.012416875314729735e-09
2.445000000000000284e+01 6.087031209594718922e-08 2.472524887767727516e-09
2.805000000000000071e+01 2.534727263850081006e-08 9.520772934105800324e-10
3.385000000000000142e+01 8.188026333816467305e-09 2.757828448834791617e-10
4.260000000000000142e+01 1.941123438721587435e-09 8.396512030861215152e-11
5.364999999999999858e+01 4.393282237739220055e-10 1.536801579542771977e-11
6.754999999999999716e+01 9.085841675937819477e-11 2.546326841621707209e-12
8.504999999999999716e+01 1.966179526885224161e-11 7.778629090354319004e-13
1.069000000000000057e+02 4.103294079306853090e-12 1.555463761213000741e-13
1.345000000000000000e+02 7.559154612987928714e-13 2.941501561942304653e-14
