1.075000000000000000e+01 3.444473057514808206e-06 1.693053204970806655e-07
1.234999999999999964e+01 1.633652705954379325e-06 1.322991988857581183e-07
1.414999999999999858e+01 7.003863687000539842e-07 3.410329859114740417e-08
1.619999999999999929e+01 3.239656648947455218e-07 1.766754752736809060e-08
1.860000000000000142e+01 1.369130670110629729e-07 6.234119823949676996e-09
2.135000000000000142e+01 5.975403232685187314e-08 2.851465073027036885e-09
2.445000000000000284e+01 2.722293060252238076e-08 1.527891182151920360e-09
2.805000000000000071e+01 1.195178969639945242e-08 7.082342778023198546e-10
3.385000000000000142e+01 4.069943957347669737e-09 1.772420132779667477e-10
4.260000000000000142e+01 1.020531461481567208e-09 5.113877554881237198e-11
5.364999999999999858e+01 2.195325700903061386e-10 1.069245599934351099e-11
6.754999999999999716e+01 5.051272497663028464e-11 2.089770745558132925e-12
8.504999999999999716e+01 1.075575111223687853e-11 4.787938358538956534e-13
1.069000000000000057e+02 2.396393401458027801e-12 1.020827296880534176e-13
1.345000000000000000e+02 4.542478958136152995e-13 1.913213692876121531e-14
