1.075000000000000000e+01 4.465845562528571831e-06 2.325603707025139640e-07
1.234999999999999964e+01 1.823355994571726080e-06 6.963906414048441088e-08
1.414999999999999858e+01 9.660702581866532958e-07 4.714570967864240756e-08
1.619999999999999929e+01 4.059137935365726688e-07 1.594778200191929552e-08
1.860000000000000142e+01 1.982594622277472646e-07 6.701306241336857142e-09
2.135000000000000142e+01 9.062991323265244882e-08 6.423794038532219297e-09
2.445000000000000284e+01 3.784571557258698523e-08 1.326824712791272863e-09
2.805000000000000071e+01 1.914863468527825897e-08 8.906614182205142875e-10
3.385000000000000142e+01 5.852257262613107404e-09 2.255477778986385375e-10
4.260000000000000142e+01 1.420558510068855635e-09 4.288693923202331894e-11
5.364999999999999858e+01 3.217876406373132089e-10 8.521178249602090630e-12
6.754999999999999716e+01 6.961578919453722180e-11 2.110892829741688583e-12
8.504999999999999716e+01 1.616678889410890550e-11 5.290423455430637986e-13
1.069000000000000057e+02 3.359023495140967770e-12 1.255265503943390446e-13
1.345000000000000000e+02 6.717782952907638570e-13 3.095243926765284323e-14
