1.075000000000000000e+01 5.578113019569078991e-06 3.305459582551354894e-07
1.234999999999999964e+01 2.081325265811283438e-06 1.117627045485436498e-07
1.414999999999999858e+01 1.000769184508018848e-06 4.513625231020866012e-08
1.619999999999999929e+01 4.278894248330054765e-07 2.241491721990682534e-08
1.860000000000000142e+01 1.829259627018108698e-07 9.565542853638651827e-09
2.135000000000000142e+01 8.071447319109431143e-08 3.825740005124142012e-09
2.445000000000000284e+01 3.621640607305882366e-08 1.990042476008214724e-09
2.805000000000000071e+01 1.459716323278177386e-08 7.295353052655629422e-10
3.385000000000000142e+01 4.964186618518371701e-09 2.099612064242547867e-10
4.260000000000000142e+01 1.065048989352475579e-09 3.552226920567606348e-11
5.364999999999999858e+01 2.423511805409784775e-10 7.358710985180981804e-12
6.754999999999999716e+01 5.499161832562908230e-11 2.092903950517441011e-12
8.504999999999999716e+01 1.221288747432463231e-11 4.860669846625898012e-13
1.069000000000000057e+02 2.402727910380948062e-12 1.257848946269451825e-13
1.345000000000000000e+02 4.404043745782304534e-13 1.745695618153529162e-14
