1.075000000000000000e+01 6.045110015254724360e-06 2.441185291813654795e-07
1.234999999999999964e+01 2.844865893671263778e-06 1.220567074887753742e-07
1.414999999999999858e+01 1.294511197402062734e-06 4.633634170795209440e-08
1.619999999999999929e+01 5.532037199306079889e-07 1.593307351320965722e-08
1.860000000000000142e+01 2.399291545350997833e-07 7.633696928779552484e-09
2.135000000000000142e+01 1.143525331814449046e-07 4.092578762311590347e-09
2.445000000000000284e+01 4.583293120510630712e-08 1.865122162153564283e-09
2.805000000000000071e+01 2.055678916217220905e-08 8.051371581660564551e-10
3.385000000000000142e+01 6.914873679002538449e-09 2.662243052677056668e-10
4.260000000000000142e+01 1.632075984252547414e-09 5.881009234921969567e-11
5.364999999999999858e+01 3.689148621928474899e-10 1.451838129376066199e-11
6.754999999999999716e+01 7.863731574432883919e-11 2.521324704591566379e-12
8.504999999999999716e+01 1.695298723120305170e-11 5.785455033791211758e-13
1.069000000000000057e+02 3.338970879823353118e-12 1.165560838007916777e-13
1.345000000000000000e+02 6.291648340009147177e-13 2.917330733523095522e-14
