1.075000000000000000e+01 7.819239093694915004e-06 2.897930876235739868e-07
1.234999999999999964e+01 3.421362348619950799e-06 1.753915738066627476e-07
1.414999999999999858e+01 1.469297104860839516e-06 5.755205277350315677e-08
1.619999999999999929e+01 6.714499977095665239e-07 3.095819803067305017e-08
1.860000000000000142e+01 2.589219431744406641e-07 8.380711208044650411e-09
2.135000000000000142e+01 1.203260729868706866e-07 4.830343696318846542e-09
2.445000000000000284e+01 5.120747532504426701e-08 2.488260530921324035e-09
2.805000000000000071e+01 2.118174940385457914e-08 9.767540816062186318e-10
3.385000000000000142e+01 6.839484119487876965e-09 2.893928096009190381e-10
4.260000000000000142e+01 1.608562322118668530e-09 8.362818780484486840e-11
5.364999999999999858e+01 3.366529834183490167e-10 9.676347733506311790e-12
6.754999999999999716e+01 7.857319335589167456e-11 2.656816501516781037e-12
8.504999999999999716e+01 1.624729358050249709e-11 5.593648747678581412e-13
1.069000000000000057e+02 3.392656469160169691e-12 1.823711523238964720e-13
1.345000000000000000e+02 6.077449992333520566e-13 2.733297256862166596e-14
