1.075000000000000000e+01 1.873416824440400563e-06 8.423594335283738998e-08
1.234999999999999964e+01 8.515752789215707115e-07 3.791633636395316450e-08
1.414999999999999858e+01 4.148882080804295793e-07 1.442085569242033317e-08
1.619999999999999929e+01 2.062946373150791987e-07 7.638470123676001506e-09
1.860000000000000142e+01 9.913165026995603575e-08 4.221507916185815263e-09
2.135000000000000142e+01 4.546306158089380336e-08 1.863505751942142943e-09
2.445000000000000284e+01 2.036709607303665052e-08 7.854019911449843039e-10
2.805000000000000071e+01 1.058677619409681785e-08 4.680549689120657582e-10
3.385000000000000142e+01 3.658861843178044297e-09 1.461852928468111701e-10
4.260000000000000142e+01 9.112914995745477438e-10 2.400122431904237327e-11
5.364999999999999858e+01 2.194588347273014193e-10 6.114633728601667876e-12
6.754999999999999716e+01 5.300380470383935909e-11 1.583383343874255590e-12
8.504999999999999716e+01 1.229216813022166551e-11 6.149057300338606374e-13
1.069000000000000057e+02 2.507602314796667839e-12 9.363925885402625613e-14
1.345000000000000000e+02 5.010848467243555798e-13 1.801734812317195560e-14
