1.075000000000000000e+01 4.351996865226118797e-06 2.650420249411998562e-07
1.234999999999999964e+01 1.766060806124849518e-06 7.812287778563877632e-08
1.414999999999999858e+01 8.423724363973859711e-07 4.244645418207355111e-08
1.619999999999999929e+01 3.459739648315552731e-07 1.822330019390466839e-08
1.860000000000000142e+01 1.509430632182223628e-07 8.945615063558653301e-09
2.135000000000000142e+01 6.710814232471538096e-08 3.557061514982864070e-09
2.445000000000000284e+01 2.877580370340470950e-08 1.700783103493023408e-09
2.805000000000000071e+01 1.178405079350133111e-08 7.306121652757579767e-10
3.385000000000000142e+01 3.746834705518218465e-09 1.716810532273996300e-10
4.260000000000000142e+01 8.666785450560941995e-10 4.328907197908745945e-11
5.364999999999999858e+01 1.970161598365306950e-10 6.939884496281131153e-12
6.754999999999999716e+01 4.553923321745371312e-11 1.934062924316073107e-12
8.504999999999999716e+01 9.286348591677982948e-12 3.557270184915822289e-13
1.069000000000000057e+02 1.975485550210463700e-12 8.578961114896438529e-14
1.345000000000000000e+02 3.826328653375298415e-13 1.616162262571996616e-14
