1.075000000000000000e+01 5.148489210344194756e-06 2.117541596194956505e-07
1.234999999999999964e+01 2.459581657910634515e-06 1.156787945139657556e-07
1.414999999999999858e+01 1.052299618002662817e-06 3.780121592482894093e-08
1.619999999999999929e+01 5.050106232511776981e-07 1.883079138764187005e-08
1.860000000000000142e+01 2.358146316687711933e-07 7.953937312558895786e-09
2.135000000000000142e+01 1.046176123856232235e-07 3.273468136701278013e-09
2.445000000000000284e+01 4.814870339621129241e-08 1.700017779211612632e-09
2.805000000000000071e+01 2.245695347824005835e-08 9.249743068745784270e-10
3.385000000000000142e+01 7.030660685352478046e-09 2.180871647271443468e-10
4.260000000000000142e+01 1.691415831192679642e-09 5.239312285494573635e-11
5.364999999999999858e+01 4.082075326554872583e-10 1.620649308590722668e-11
6.754999999999999716e+01 8.473872463111491902e-11 2.677108785478614735e-12
8.504999999999999716e+01 1.913692110139569385e-11 6.084166225785198527e-13
1.069000000000000057e+02 3.857469022109059864e-12 1.532276897464850141e-13
1.345000000000000000e+02 7.304441796998421821e-13 3.119420339724538420e-14
