1.075000000000000000e+01 1.612153072954975246e-06 1.338878611917062534e-07
1.234999999999999964e+01 7.413120718354904893e-07 8.745203937899462565e-08
1.414999999999999858e+01 3.161997663967219998e-07 1.390024806948752081e-08
1.619999999999999929e+01 1.515029427549298451e-07 7.456816853611143540e-09
1.860000000000000142e+01 6.721526727563292430e-08 3.068796496324435472e-09
2.135000000000000142e+01 3.083318419095477805e-08 1.461422133414287531e-09
2.445000000000000284e+01 1.378332381467039299e-08 7.379127526278306278e-10
2.805000000000000071e+01 6.785271015835352488e-09 4.170856423419250411e-10
3.385000000000000142e+01 2.385031384312748414e-09 1.304957876016947120e-10
4.260000000000000142e+01 5.755191200006158387e-10 1.980496312773718936e-11
5.364999999999999858e+01 1.484004552931922652e-10 4.751185343178633081e-12
6.754999999999999716e+01 3.666592610837036181e-11 1.279798215614616560e-12
8.504999999999999716e+01 7.744724441691011829e-12 2.648882800911454705e-13
1.069000000000000057e+02 1.824250057368168716e-12 8.318024589902765814e-14
1.345000000000000000e+02 3.762431171000024286e-13 2.517541210182299662e-14
