1.075000000000000000e+01 3.180008300760215544e-06 1.591755063161465012e-07
1.234999999999999964e+01 1.478759464071992986e-06 1.011410076584594889e-07
1.414999999999999858e+01 6.837739177531171722e-07 3.311510073296945358e-08
1.619999999999999929e+01 3.233122300830101726e-07 1.870278324488678637e-08
1.860000000000000142e+01 1.451537974332610935e-07 6.648927237941691556e-09
2.135000000000000142e+01 6.426704660361257632e-08 3.172076123305272025e-09
2.445000000000000284e+01 2.464223448535364911e-08 1.214638584412537217e-09
2.805000000000000071e+01 1.166827390849573082e-08 4.920633141680745105e-10
3.385000000000000142e+01 4.180943001802383090e-09 2.206283212813377474e-10
4.260000000000000142e+01 9.082058743076094382e-10 3.299259142625111037e-11
5.364999999999999858e+01 2.204898422569108262e-10 1.264616135339194970e-11
6.754999999999999716e+01 4.916111812598183731e-11 2.014338998517162739e-12
8.504999999999999716e+01 1.076547046462153978e-11 4.612793313173755846e-13
1.069000000000000057e+02 2.232371329305129419e-12 1.179363580139386923e-13
1.345000000000000000e+02 4.619352074012686115e-13 2.350488475928820309e-14
