1.075000000000000000e+01 2.464584686353497146e-06 1.457477366274836859e-07
1.234999999999999964e+01 1.207647843773041974e-06 9.698331209937928782e-08
1.414999999999999858e+01 5.316869308506025021e-07 2.588061791091997943e-08
1.619999999999999929e+01 2.445104265898386130e-07 1.278851988723290935e-08
1.860000000000000142e+01 1.103966708984759314e-07 4.937338358421079267e-09
2.135000000000000142e+01 4.995044792951456802e-08 2.125332716563421752e-09
2.445000000000000284e+01 2.492174589908261682e-08 1.446346572290158607e-09
2.805000000000000071e+01 1.095537948656059115e-08 5.773745737020596855e-10
3.385000000000000142e+01 3.365917077386881556e-09 1.072379773208728832e-10
4.260000000000000142e+01 8.594819657002375253e-10 2.688344166774380260e-11
5.364999999999999858e+01 2.091548321952630603e-10 6.631614376765312028e-12
6.754999999999999716e+01 4.502847211850402251e-11 1.326079494298789555e-12
8.504999999999999716e+01 1.118226175374884944e-11 4.437253618415530922e-13
1.069000000000000057e+02 2.327954340599527818e-12 9.684420240910997529e-14
1.345000000000000000e+02 4.312091094554521782e-13 1.523981976715014773e-14
