1.075000000000000000e+01 2.396868686896171863e-06 1.678321856991897517e-07
1.234999999999999964e+01 1.041073287965979087e-06 3.838773463822936049e-08
1.414999999999999858e+01 5.595785067767650715e-07 2.168466764820147382e-08
1.619999999999999929e+01 2.492623623560646875e-07 9.220940810980797457e-09
1.860000000000000142e+01 1.110010025370256878e-07 3.960865945987988890e-09
2.135000000000000142e+01 5.663699901902454780e-08 2.786178439186671424e-09
2.445000000000000284e+01 2.515162414816875212e-08 1.119319681349989819e-09
2.805000000000000071e+01 1.110845296740166215e-08 4.383528630147328577e-10
3.385000000000000142e+01 3.974838398871546770e-09 1.782656350193262891e-10
4.260000000000000142e+01 9.892109610425046960e-10 3.712978624522746808e-11
5.364999999999999858e+01 2.418170424210607651e-10 1.031081130257037905e-11
6.754999999999999716e+01 5.306991764901873112e-11 1.647558012349009613e-12
8.504999999999999716e+01 1.281304776302274759e-11 5.133214213834716405e-13
1.069000000000000057e+02 2.633773435277304665e-12 9.928285909240337084e-14
1.345000000000000000e+02 5.212476242062883627e-13 2.359055270392830507e-14
