1.075000000000000000e+01 3.970768365491496451e-06 1.453784028982995856e-07
1.234999999999999964e+01 1.795516782340827741e-06 1.085901223663133749e-07
1.414999999999999858e+01 7.964926021631594794e-07 3.748267340110756571e-08
1.619999999999999929e+01 3.448733167314774853e-07 1.485521309126033368e-08
1.860000000000000142e+01 1.434032186407833631e-07 6.006289547536134814e-09
2.135000000000000142e+01 5.921501067926221771e-08 2.636511724248777480e-09
2.445000000000000284e+01 3.135195209766878141e-08 1.752043160970510638e-09
2.805000000000000071e+01 1.233103085002868210e-08 5.465585380330551132e-10
3.385000000000000142e+01 3.904752515499207139e-09 1.408833845488638283e-10
4.260000000000000142e+01 9.424526774332160977e-10 3.781064640537802601e-11
5.364999999999999858e+01 2.438246129831661361e-10 1.375732823817885729e-11
6.754999999999999716e+01 5.125333606696273669e-11 2.151989965214363272e-12
8.504999999999999716e+01 1.028339437351669671e-11 3.589467186776683711e-13
1.069000000000000057e+02 2.290466928787880831e-12 1.347712645448910819e-13
1.345000000000000000e+02 4.337121196015964640e-13 2.299297274286637627e-14
