1.075000000000000000e+01 3.089966970077294706e-01 1.849341293585437390e-02
1.234999999999999964e+01 3.165405721150990614e-01 1.310909772251846531e-02
1.414999999999999858e+01 4.095631521674177877e-01 1.642205614663595770e-02
1.619999999999999929e+01 4.387889771813798245e-01 2.386723609583229697e-02
1.860000000000000142e+01 5.085969613355191266e-01 2.599969398697330597e-02
2.135000000000000142e+01 5.255349905386571541e-01 2.566179487804345558e-02
2.445000000000000284e+01 5.790396522506703336e-01 3.055410706668043944e-02
2.805000000000000071e+01 5.638077744824355753e-01 2.727206254582834402e-02
3.385000000000000142e+01 5.612192478844350019e-01 2.358540908893870178e-02
4.260000000000000142e+01 6.360610651091750389e-01 3.585320869072224775e-02
5.364999999999999858e+01 6.289834128177997918e-01 2.156777515672134854e-02
6.754999999999999716e+01 6.793337966216960178e-01 2.394632713447610375e-02
8.504999999999999716e+01 7.320227931456857462e-01 2.922827769031275183e-02
1.069000000000000057e+02 7.315246210526676895e-01 2.896241552686137574e-02
1.345000000000000000e+02 8.028775183821018624e-01 4.213255854179046023e-02
