1.075000000000000000e+01 5.660097329386429843e-01 2.403806717709465121e-02
1.234999999999999964e+01 6.186266523509442727e-01 2.525939503798642002e-02
1.414999999999999858e+01 7.091416251448623420e-01 2.698499248484485455e-02
1.619999999999999929e+01 7.338576861127756867e-01 3.310019841277002384e-02
1.860000000000000142e+01 7.420171879847982099e-01 3.171329398248325798e-02
2.135000000000000142e+01 7.849392406547275325e-01 3.374709704361312373e-02
2.445000000000000284e+01 8.108937269196870856e-01 3.692863375112485913e-02
2.805000000000000071e+01 8.358320825845646507e-01 4.041417348007692034e-02
3.385000000000000142e+01 8.533339120816767487e-01 3.957554103107149140e-02
4.260000000000000142e+01 8.869765569043078779e-01 3.548504344602893684e-02
5.364999999999999858e+01 8.426684043110438393e-01 3.473100098356229903e-02
6.754999999999999716e+01 8.947382185464899385e-01 3.186962664760286529e-02
8.504999999999999716e+01 9.445055714907187872e-01 3.754385582460523230e-02
1.069000000000000057e+02 9.284751693748372059e-01 4.090280201030691010e-02
1.345000000000000000e+02 9.397700725938024080e-01 4.899754930930421554e-02
