1.075000000000000000e+01 1.022513931158463008e+00 4.350231317576134377e-02
1.234999999999999964e+01 1.095378995759587859e+00 5.026659991796801619e-02
1.414999999999999858e+01 1.169056893681023945e+00 4.041037766624176741e-02
1.619999999999999929e+01 1.105208938566118348e+00 4.164211084231495691e-02
1.860000000000000142e+01 1.234931517089698838e+00 5.212448571704147993e-02
2.135000000000000142e+01 1.174913575211287808e+00 4.653590674062253740e-02
2.445000000000000284e+01 1.201167593328774652e+00 4.972719852714325983e-02
2.805000000000000071e+01 1.265965564727088877e+00 6.035423560467224197e-02
3.385000000000000142e+01 1.123452807764215189e+00 4.554072041689816164e-02
4.260000000000000142e+01 1.221633882900253099e+00 4.514134981521874396e-02
5.364999999999999858e+01 1.099425484890906191e+00 3.792690329393467313e-02
6.754999999999999716e+01 1.126106984371424424e+00 4.143784707201819684e-02
8.504999999999999716e+01 1.111471732732638440e+00 4.245523854983672407e-02
1.069000000000000057e+02 1.133878884103657336e+00 5.010070152107066327e-02
1.345000000000000000e+02 9.828663262020624902e-01 3.973331249442056679e-02
