1.075000000000000000e+01 2.742561370972643187e-01 1.384309611037412222e-02
1.234999999999999964e+01 2.662536263560889016e-01 1.125319605511580778e-02
1.414999999999999858e+01 3.241671281688089379e-01 1.494396751194225492e-02
1.619999999999999929e+01 3.255885274148599962e-01 1.339596600073790673e-02
1.860000000000000142e+01 4.023255978998762639e-01 2.324278546274034102e-02
2.135000000000000142e+01 3.722841734510847767e-01 1.961553866710281577e-02
2.445000000000000284e+01 3.835617549980329666e-01 2.107217350229291519e-02
2.805000000000000071e+01 4.660776342081385248e-01 2.944835698529179105e-02
3.385000000000000142e+01 4.351286806304573984e-01 2.180111463151748405e-02
4.260000000000000142e+01 4.545803032053952752e-01 1.918229373497011211e-02
5.364999999999999858e+01 5.630182376272236944e-01 2.664867027571636918e-02
6.754999999999999716e+01 5.216232509668101702e-01 2.460219999168206453e-02
8.504999999999999716e+01 5.292084928376230568e-01 2.334613631826217700e-02
1.069000000000000057e+02 5.705769439423632461e-01 2.487070011598227146e-02
1.345000000000000000e+02 5.786775075649480682e-01 2.583854597622070939e-02
