1.075000000000000000e+01 1.996506051297281814e-01 1.309058096157233314e-02
1.234999999999999964e+01 2.442035002964471069e-01 2.170646097572396724e-02
1.414999999999999858e+01 2.378250505636755607e-01 1.335805814613174811e-02
1.619999999999999929e+01 2.647000136749060872e-01 1.988879978996838452e-02
1.860000000000000142e+01 2.620598809400070395e-01 1.389149218667939424e-02
2.135000000000000142e+01 2.473103308234686493e-01 1.597712246038125727e-02
2.445000000000000284e+01 2.711974065263434985e-01 1.635049189781514686e-02
2.805000000000000071e+01 3.057565753715903445e-01 2.139018822640793155e-02
3.385000000000000142e+01 3.079505130768910304e-01 1.942675986637822788e-02
4.260000000000000142e+01 3.325497032726163482e-01 1.811758191404996138e-02
5.364999999999999858e+01 3.802731797119729418e-01 2.284452208649968147e-02
6.754999999999999716e+01 3.707267125538043495e-01 1.838204844253241155e-02
8.504999999999999716e+01 4.035581002842040799e-01 1.904538493490761861e-02
1.069000000000000057e+02 4.191259475661391898e-01 1.953599315846898943e-02
1.345000000000000000e+02 4.171682365263855163e-01 2.179580624757182852e-02
