1.075000000000000000e+01 3.736177520303357591e-01 2.413563302587970125e-02
1.234999999999999964e+01 3.437287469951174623e-01 2.057867855452217773e-02
1.414999999999999858e+01 4.093922439192027585e-01 2.018623398475568112e-02
1.619999999999999929e+01 3.990365155363826966e-01 2.272264041342274277e-02
1.860000000000000142e+01 4.264854084918257016e-01 2.441883252943271090e-02
2.135000000000000142e+01 4.343378553557269428e-01 2.325817361379278400e-02
2.445000000000000284e+01 4.675357464325661794e-01 2.814049332694108785e-02
2.805000000000000071e+01 4.598758828377831342e-01 2.583329030535983645e-02
3.385000000000000142e+01 4.825344573713563623e-01 2.370410978904454596e-02
4.260000000000000142e+01 4.783394786279945299e-01 1.911416659490759729e-02
5.364999999999999858e+01 4.894946370484642428e-01 1.784774027689411263e-02
6.754999999999999716e+01 5.295795498892612585e-01 2.228159901485674693e-02
8.504999999999999716e+01 5.708794135255150781e-01 2.549170028104257024e-02
1.069000000000000057e+02 5.769917261043865375e-01 3.295583161409582768e-02
1.345000000000000000e+02 5.601559280418476616e-01 2.570611687885356392e-02
