1.075000000000000000e+01 2.659590340574904399e-01 1.190033305245406445e-02
1.234999999999999964e+01 2.965277671590411668e-01 1.957639741074507223e-02
1.414999999999999858e+01 3.258272723744202737e-01 1.665140257977430066e-02
1.619999999999999929e+01 3.216182467321143101e-01 1.560370770455021469e-02
1.860000000000000142e+01 3.343395293797277734e-01 1.602762269107348841e-02
2.135000000000000142e+01 3.186457115616159186e-01 1.625798538840488375e-02
2.445000000000000284e+01 4.047380708216035128e-01 2.470651565817956474e-02
2.805000000000000071e+01 3.884825844600909295e-01 1.989389683696092884e-02
3.385000000000000142e+01 3.795541507660336045e-01 1.665748531352501116e-02
4.260000000000000142e+01 4.232784847099336223e-01 1.936895209885892630e-02
5.364999999999999858e+01 4.924706377301779625e-01 2.951145985602588936e-02
6.754999999999999716e+01 4.935791939044496535e-01 2.253614769587022892e-02
8.504999999999999716e+01 4.806871561984513153e-01 1.939687735564627272e-02
1.069000000000000057e+02 5.500333438157790633e-01 3.471687864408114915e-02
1.345000000000000000e+02 5.516439637800958362e-01 3.190629044613629839e-02
