1.075000000000000000e+01 3.771321783902368274e-01 1.619488629931258028e-02
1.234999999999999964e+01 4.089593722831980083e-01 1.647574079507502579e-02
1.414999999999999858e+01 4.824540818486087179e-01 2.114552878180022202e-02
1.619999999999999929e+01 5.113408261625402851e-01 2.213883842250992037e-02
1.860000000000000142e+01 5.427051448929637312e-01 2.254980793486124208e-02
2.135000000000000142e+01 5.501393154596516677e-01 2.447057546758310206e-02
2.445000000000000284e+01 5.784227590334221070e-01 2.718979870662088447e-02
2.805000000000000071e+01 6.163152799761562051e-01 3.062812844450457650e-02
3.385000000000000142e+01 5.954274232389114019e-01 2.257224298466967150e-02
4.260000000000000142e+01 6.607699972897314034e-01 2.607929933330862052e-02
5.364999999999999858e+01 6.342220469468093924e-01 2.659644004028020176e-02
6.754999999999999716e+01 7.023469531881766370e-01 2.632721104501069623e-02
8.504999999999999716e+01 6.845002618675705142e-01 2.812119987865738246e-02
1.069000000000000057e+02 7.306898885128805254e-01 4.277590191855520918e-02
1.345000000000000000e+02 7.302078802623478415e-01 3.719129341084453921e-02
