1.075000000000000000e+01 8.033876622968100234e-01 3.777291785448418093e-02
1.234999999999999964e+01 8.149815086404471609e-01 3.319905591475157125e-02
1.414999999999999858e+01 8.756997754157164193e-01 2.992385101840662823e-02
1.619999999999999929e+01 9.123616568316955666e-01 3.427134317446121903e-02
1.860000000000000142e+01 9.788712041640771355e-01 3.606868618167251989e-02
2.135000000000000142e+01 9.272008207836790472e-01 3.793602648784749620e-02
2.445000000000000284e+01 9.882149992093197666e-01 3.973943329526943152e-02
2.805000000000000071e+01 1.101056614669636780e+00 5.553635214425034494e-02
3.385000000000000142e+01 1.087746998264936149e+00 4.563304523914631095e-02
4.260000000000000142e+01 1.039791317508703239e+00 3.774684628792117358e-02
5.364999999999999858e+01 1.069523060404000248e+00 3.965838721710392145e-02
6.754999999999999716e+01 1.051099648995812874e+00 3.611860592256288527e-02
8.504999999999999716e+01 1.090348873924437356e+00 4.598647205647386077e-02
1.069000000000000057e+02 1.119745918581716904e+00 5.360961277323569862e-02
1.345000000000000000e+02 1.123613398431698718e+00 5.176305764613520904e-02
