1.075000000000000000e+01 1.141827224334275581e-01 9.031077896897624080e-03
1.234999999999999964e+01 1.266345218120060456e-01 7.347967763494470290e-03
1.414999999999999858e+01 1.557319075102335526e-01 9.120134061106508969e-03
1.619999999999999929e+01 1.847250422054706742e-01 1.148571538710585482e-02
1.860000000000000142e+01 1.984804608823233507e-01 9.942127625827273940e-03
2.135000000000000142e+01 2.034011564086210810e-01 9.416404956815218816e-03
2.445000000000000284e+01 2.343960560741892296e-01 1.184620186583349236e-02
2.805000000000000071e+01 2.720958710618231469e-01 1.494902759125637560e-02
3.385000000000000142e+01 3.036772636794696223e-01 1.215864818769746974e-02
4.260000000000000142e+01 3.721493565390466274e-01 1.563157483116291505e-02
5.364999999999999858e+01 4.143742562219209780e-01 1.385303024249334020e-02
6.754999999999999716e+01 4.921752005346611836e-01 2.145929985494980652e-02
8.504999999999999716e+01 5.411081579266729946e-01 3.030123308138578386e-02
1.069000000000000057e+02 5.399083550936742970e-01 2.181069181751021241e-02
1.345000000000000000e+02 5.863592991985364655e-01 2.361131837053139990e-02
