1.075000000000000000e+01 4.087092455026737348e-01 1.779642632405720529e-02
1.234999999999999964e+01 4.809053852400921314e-01 1.878367285425466479e-02
1.414999999999999858e+01 5.361604290101908976e-01 2.091076340677506390e-02
1.619999999999999929e+01 6.081105326371584185e-01 2.646124884680513267e-02
1.860000000000000142e+01 6.566069100423985727e-01 2.551855916022247039e-02
2.135000000000000142e+01 6.357219102317663850e-01 2.932108800962901149e-02
2.445000000000000284e+01 7.615599177233964845e-01 3.943702828188214854e-02
2.805000000000000071e+01 7.207610825477090977e-01 3.804418232423224799e-02
3.385000000000000142e+01 7.914682409902534799e-01 3.836937471228050317e-02
4.260000000000000142e+01 8.244457004036710446e-01 3.456268715227917010e-02
5.364999999999999858e+01 9.165310353935746113e-01 4.659643228565851086e-02
6.754999999999999716e+01 1.016742062615139996e+00 3.867834825219817335e-02
8.504999999999999716e+01 9.055802599215788673e-01 3.185669467326841808e-02
1.069000000000000057e+02 1.023502455187346394e+00 4.542908742135631783e-02
1.345000000000000000e+02 1.004517179987162390e+00 5.264188142010757521e-02
