1.075000000000000000e+01 1.223109671547233240e-01 9.647049494632993841e-03
1.234999999999999964e+01 1.172459842034756783e-01 5.805876034446928562e-03
1.414999999999999858e+01 1.530248463427281158e-01 1.034163392251358574e-02
1.619999999999999929e+01 1.602535684388827486e-01 1.160208022147535267e-02
1.860000000000000142e+01 1.844071898804280352e-01 1.123835499948202914e-02
2.135000000000000142e+01 1.835987732788652294e-01 1.260607879606155494e-02
2.445000000000000284e+01 2.003462931442308581e-01 1.522575719183432916e-02
2.805000000000000071e+01 2.270964330321848246e-01 1.663701690691891596e-02
3.385000000000000142e+01 2.523260932577889304e-01 1.799827204160130492e-02
4.260000000000000142e+01 2.569143060202156992e-01 1.324997114017477384e-02
5.364999999999999858e+01 2.754043010348475873e-01 1.131809193514633945e-02
6.754999999999999716e+01 3.167788861225571129e-01 1.456187717061773954e-02
8.504999999999999716e+01 3.202118059635244429e-01 1.469659905127127658e-02
1.069000000000000057e+02 3.644132885584240866e-01 2.750820399728602303e-02
1.345000000000000000e+02 4.066403405080273870e-01 2.050912883875067802e-02
