1.075000000000000000e+01 2.348509117234857946e-01 1.321632839350893318e-02
1.234999999999999964e+01 2.618873403225467356e-01 1.860739109120236601e-02
1.414999999999999858e+01 2.846215917749567725e-01 1.578337356530941718e-02
1.619999999999999929e+01 2.868977249056547940e-01 1.491733298508977554e-02
1.860000000000000142e+01 3.301276816268431391e-01 1.683575505443502332e-02
2.135000000000000142e+01 3.031380373641710535e-01 1.629075027998651282e-02
2.445000000000000284e+01 3.141109040689072929e-01 1.568245190112356122e-02
2.805000000000000071e+01 3.361706505322266114e-01 1.868192105508692524e-02
3.385000000000000142e+01 3.276736637914084427e-01 1.662814690643411517e-02
4.260000000000000142e+01 3.996193354856455993e-01 1.875573157112460712e-02
5.364999999999999858e+01 4.094555840444867867e-01 2.243871903358296560e-02
6.754999999999999716e+01 4.254579538692196405e-01 1.770726140628536838e-02
8.504999999999999716e+01 4.954536327562485964e-01 2.381654747973185535e-02
1.069000000000000057e+02 4.965942111824997451e-01 2.325489793447153841e-02
1.345000000000000000e+02 5.109546210199904515e-01 3.114655541746634212e-02
