1.075000000000000000e+01 5.237266657246214541e-01 2.362710699054487370e-02
1.234999999999999964e+01 5.650345058627848083e-01 3.260006516432131796e-02
1.414999999999999858e+01 6.010565153828909546e-01 2.641492061744717124e-02
1.619999999999999929e+01 6.261736137730095075e-01 3.207713808057478799e-02
1.860000000000000142e+01 6.036673475500885511e-01 2.408226586545056738e-02
2.135000000000000142e+01 6.474943887790928221e-01 3.059273101190368785e-02
2.445000000000000284e+01 6.610629765616528042e-01 3.599313721745736605e-02
2.805000000000000071e+01 6.673197765762038935e-01 3.521143004753374273e-02
3.385000000000000142e+01 6.648192366470917491e-01 3.266837051662550839e-02
4.260000000000000142e+01 7.224445731559077100e-01 4.078613513495190496e-02
5.364999999999999858e+01 6.799629758840128879e-01 2.388240175260745654e-02
6.754999999999999716e+01 7.566745194582158440e-01 2.896307144188473709e-02
8.504999999999999716e+01 7.594637590916679670e-01 3.033317574142695497e-02
1.069000000000000057e+02 8.147134362415494602e-01 4.758416749683385544e-02
1.345000000000000000e+02 7.729985979007987229e-01 3.909167243552694876e-02
