1.075000000000000000e+01 2.024097278243171538e-01 8.182213002018176237e-03
1.234999999999999964e+01 2.419431843011224936e-01 1.030728396552675966e-02
1.414999999999999858e+01 2.795818380162023997e-01 1.125954420699217147e-02
1.619999999999999929e+01 3.324043809354609302e-01 1.303958944730279450e-02
1.860000000000000142e+01 3.926216166037068134e-01 1.661033306535174628e-02
2.135000000000000142e+01 4.090030272712666948e-01 1.817312142605854997e-02
2.445000000000000284e+01 4.477548715332285711e-01 1.983060237804542755e-02
2.805000000000000071e+01 4.908733541142266121e-01 2.373804901016182689e-02
3.385000000000000142e+01 5.269339135652379991e-01 1.869369221381695853e-02
4.260000000000000142e+01 6.527604941890096102e-01 2.642447775376285946e-02
5.364999999999999858e+01 6.921116464410630442e-01 2.986969229503260922e-02
6.754999999999999716e+01 7.369609353350734526e-01 2.357074863852767072e-02
8.504999999999999716e+01 7.762970505889258410e-01 2.636674551790904250e-02
1.069000000000000057e+02 8.833230325177846565e-01 3.642551564053293778e-02
1.345000000000000000e+02 8.992946467684179712e-01 3.679184573269140418e-02
