1.075000000000000000e+01 2.693922991160379588e-01 1.573452620382330761e-02
1.234999999999999964e+01 2.975170602142006016e-01 1.291728109491821139e-02
1.414999999999999858e+01 3.683151600339215626e-01 1.788779157928986618e-02
1.619999999999999929e+01 3.583752210708638364e-01 1.726276264947887787e-02
1.860000000000000142e+01 3.661644490503085381e-01 1.568883882927951320e-02
2.135000000000000142e+01 4.207889871464961518e-01 2.079332062331593761e-02
2.445000000000000284e+01 4.501101127147838499e-01 2.303902910659462802e-02
2.805000000000000071e+01 5.190165541271382077e-01 3.149094059526515166e-02
3.385000000000000142e+01 4.971088084151344400e-01 2.472640233306560437e-02
4.260000000000000142e+01 5.234539047188782046e-01 2.183311668321406482e-02
5.364999999999999858e+01 5.958741762063538561e-01 2.597610777188672990e-02
6.754999999999999716e+01 6.079359976481658601e-01 2.540036942001170500e-02
8.504999999999999716e+01 6.409079032087062755e-01 2.570470379969245697e-02
1.069000000000000057e+02 6.366738338543532771e-01 3.328097887793288884e-02
1.345000000000000000e+02 6.219473733263540804e-01 2.618869082720830591e-02
