1.075000000000000000e+01 1.818515475422286531e-01 1.070920675469949276e-02
1.234999999999999964e+01 2.199710644034565954e-01 1.119973200338978021e-02
1.414999999999999858e+01 2.639841369873272003e-01 1.468817867592371249e-02
1.619999999999999929e+01 2.956569854482515303e-01 1.710609438753800393e-02
1.860000000000000142e+01 3.033322020739739888e-01 1.474721505066025305e-02
2.135000000000000142e+01 3.141801362183801460e-01 1.628783963899374174e-02
2.445000000000000284e+01 3.253389476447006157e-01 1.809777091786367656e-02
2.805000000000000071e+01 3.602323990164946199e-01 1.842350608447761509e-02
3.385000000000000142e+01 3.898881528153873011e-01 1.636924018653645660e-02
4.260000000000000142e+01 4.270221425792841696e-01 1.894476931969667211e-02
5.364999999999999858e+01 4.570505890680334193e-01 1.640759837771875451e-02
6.754999999999999716e+01 4.832552500174392973e-01 1.928240382323131996e-02
8.504999999999999716e+01 5.721175659991499796e-01 3.404286575544827886e-02
1.069000000000000057e+02 5.302694138121567535e-01 2.208887247710462215e-02
1.345000000000000000e+02 5.879692006836790830e-01 2.715357112984096224e-02
