1.075000000000000000e+01 1.739506280754546663e-01 1.262254069944514744e-02
1.234999999999999964e+01 1.741732451616644084e-01 9.903913346471020576e-03
1.414999999999999858e+01 1.887558735903809848e-01 1.053355126731612447e-02
1.619999999999999929e+01 2.003252670485047293e-01 9.243765138424198460e-03
1.860000000000000142e+01 2.628260655740669027e-01 2.364283152049580575e-02
2.135000000000000142e+01 2.697270277284701812e-01 1.470257380007922686e-02
2.445000000000000284e+01 2.929981846164208537e-01 1.637357670644861221e-02
2.805000000000000071e+01 3.055574459569814216e-01 1.842300252609295821e-02
3.385000000000000142e+01 3.147377692614031774e-01 1.645931051709782419e-02
4.260000000000000142e+01 3.651919802647659030e-01 3.006560147665168423e-02
5.364999999999999858e+01 3.787599294130317706e-01 2.043098865585569676e-02
6.754999999999999716e+01 3.910605987966255803e-01 1.420247277033897214e-02
8.504999999999999716e+01 4.751327919945245726e-01 3.027920044678799466e-02
1.069000000000000057e+02 5.033237229590885597e-01 2.471508870095586938e-02
1.345000000000000000e+02 5.305477385582666461e-01 3.480873222416050461e-02
