1.075000000000000000e+01 1.717607425818256650e-01 8.688144211665214944e-03
1.234999999999999964e+01 1.880697708003898350e-01 1.049089645350685315e-02
1.414999999999999858e+01 2.153583270962128038e-01 1.269554774193893711e-02
1.619999999999999929e+01 2.075194921665833026e-01 1.053229470003731912e-02
1.860000000000000142e+01 2.394397161220872261e-01 1.241667479157531305e-02
2.135000000000000142e+01 2.217740242748134361e-01 1.265824888304947597e-02
2.445000000000000284e+01 2.465017156187732372e-01 1.477174241451193436e-02
2.805000000000000071e+01 2.674229905858603318e-01 2.002232392110665088e-02
3.385000000000000142e+01 2.585449533038338132e-01 1.194473305427813659e-02
4.260000000000000142e+01 3.330371222375157481e-01 1.924539640377579200e-02
5.364999999999999858e+01 3.223688969610668531e-01 1.970216493545821554e-02
6.754999999999999716e+01 3.306720330458740031e-01 1.469152953362928837e-02
8.504999999999999716e+01 3.687906101667794978e-01 1.847981582292067618e-02
1.069000000000000057e+02 3.798326000063202978e-01 1.852778441526255204e-02
1.345000000000000000e+02 4.572742121556687689e-01 3.111521155800930222e-02
