1.075000000000000000e+01 3.173077529837159960e-01 1.576331521605828581e-02
1.234999999999999964e+01 3.702979466463597880e-01 1.603183260289597900e-02
1.414999999999999858e+01 4.191190171271373943e-01 1.626005817173821130e-02
1.619999999999999929e+01 4.471733818034765440e-01 1.834681786906898482e-02
1.860000000000000142e+01 5.584772164969180608e-01 2.364065718286580825e-02
2.135000000000000142e+01 5.530680004448261800e-01 2.616609176823174454e-02
2.445000000000000284e+01 5.516363796560892485e-01 2.305488239995253860e-02
2.805000000000000071e+01 6.416154885488964954e-01 3.531321748091852814e-02
3.385000000000000142e+01 6.057089542713918195e-01 2.199543426779764638e-02
4.260000000000000142e+01 7.232507655391450241e-01 2.829019699509014926e-02
5.364999999999999858e+01 7.453923911974870142e-01 3.280603160832552129e-02
6.754999999999999716e+01 7.479808499393569843e-01 2.618199202926867197e-02
8.504999999999999716e+01 8.368869013664810286e-01 4.006607376793943492e-02
1.069000000000000057e+02 8.193453649618172019e-01 3.497900638254607120e-02
1.345000000000000000e+02 8.679358155366040384e-01 4.710497465123471977e-02
