1.075000000000000000e+01 3.769369357265411336e-01 2.069856557232010660e-02
1.234999999999999964e+01 4.321488850672176585e-01 2.560136947976858132e-02
1.414999999999999858e+01 5.294640063697324539e-01 2.267408888133514919e-02
1.619999999999999929e+01 4.861142283389363605e-01 1.698322245575835734e-02
1.860000000000000142e+01 5.687918823214355157e-01 2.204005160338312619e-02
2.135000000000000142e+01 6.430589150017508304e-01 3.716032229480167870e-02
2.445000000000000284e+01 6.364226845969930269e-01 2.993067385406707540e-02
2.805000000000000071e+01 7.219719225605214508e-01 3.612071824289890543e-02
3.385000000000000142e+01 6.828343893858968006e-01 2.560001227791826317e-02
4.260000000000000142e+01 7.743555951447091967e-01 2.906533077756291369e-02
5.364999999999999858e+01 7.812342583878255642e-01 3.244515027442862465e-02
6.754999999999999716e+01 8.839947964588262819e-01 3.493579897628454334e-02
8.504999999999999716e+01 8.982604616671001629e-01 3.224342394953101654e-02
1.069000000000000057e+02 9.307080009871964155e-01 4.013074102339064114e-02
1.345000000000000000e+02 9.321585358785129394e-01 4.043071740137706843e-02
