1.075000000000000000e+01 2.706201329985641890e-01 1.740149933703464408e-02
1.234999999999999964e+01 2.840827847309735366e-01 1.430823905765513798e-02
1.414999999999999858e+01 3.135454316258738383e-01 1.625289993928296164e-02
1.619999999999999929e+01 3.090662107775287160e-01 1.519689571504736526e-02
1.860000000000000142e+01 3.410446322799709495e-01 2.148888451679985268e-02
2.135000000000000142e+01 3.396217853277883614e-01 1.808209590640245598e-02
2.445000000000000284e+01 3.573163270182702078e-01 1.933743352208377314e-02
2.805000000000000071e+01 4.000058365982698261e-01 2.921014602984482733e-02
3.385000000000000142e+01 4.193680262902541589e-01 2.196344775555223242e-02
4.260000000000000142e+01 4.197002740265998733e-01 1.528905511535032756e-02
5.364999999999999858e+01 4.917229119298475726e-01 2.423229685188091342e-02
6.754999999999999716e+01 5.133699837048560921e-01 2.013277892060284097e-02
8.504999999999999716e+01 5.250889381539705081e-01 2.382516287472528568e-02
1.069000000000000057e+02 5.332808006800233702e-01 2.462091672787596400e-02
1.345000000000000000e+02 6.116540321481179765e-01 3.515442508150046219e-02
