1.075000000000000000e+01 4.865866840966622808e-01 2.262537549258209629e-02
1.234999999999999964e+01 5.525626093721575094e-01 2.594225423095535346e-02
1.414999999999999858e+01 5.735579577004294993e-01 2.098351039120940897e-02
1.619999999999999929e+01 6.729396568803737155e-01 2.919518210649209300e-02
1.860000000000000142e+01 7.346896111310831090e-01 3.199304302217441387e-02
2.135000000000000142e+01 6.935864370781489319e-01 2.765598409584910794e-02
2.445000000000000284e+01 7.858053817916641481e-01 3.730139674878664435e-02
2.805000000000000071e+01 7.985523759837515057e-01 3.631998003725001034e-02
3.385000000000000142e+01 7.959017554238796421e-01 3.337788232775388414e-02
4.260000000000000142e+01 8.718058820892169436e-01 4.231114017369014269e-02
5.364999999999999858e+01 8.873437668482924146e-01 3.583741631375534503e-02
6.754999999999999716e+01 8.749835141450527098e-01 2.911458532081387038e-02
8.504999999999999716e+01 9.190712823268541998e-01 4.084532679872449057e-02
1.069000000000000057e+02 9.853661429178627307e-01 4.360943960799271851e-02
1.345000000000000000e+02 9.614584940272690172e-01 4.352132107382843812e-02
