1.075000000000000000e+01 6.802369979091290597e-01 3.184030393935938924e-02
1.234999999999999964e+01 7.428003966450309470e-01 4.046362651590178217e-02
1.414999999999999858e+01 8.062795705056721163e-01 3.180185328439742720e-02
1.619999999999999929e+01 7.975870701487692838e-01 3.292692850758115880e-02
1.860000000000000142e+01 8.111911757779793897e-01 3.329408687351302631e-02
2.135000000000000142e+01 8.538192747255148873e-01 3.833101220251110275e-02
2.445000000000000284e+01 8.014735837222767278e-01 3.712606315126814466e-02
2.805000000000000071e+01 8.215921344413141814e-01 3.692852140514685244e-02
3.385000000000000142e+01 8.230914294016009602e-01 3.464162226025385011e-02
4.260000000000000142e+01 9.286155031053203723e-01 5.675442558669983872e-02
5.364999999999999858e+01 8.644913220388064090e-01 3.205583225777212941e-02
6.754999999999999716e+01 8.465053643588386079e-01 3.161822168587112569e-02
8.504999999999999716e+01 8.751651521375052312e-01 3.998136588927719837e-02
1.069000000000000057e+02 8.734729537813680222e-01 3.788125823635549866e-02
1.345000000000000000e+02 8.622748572290481750e-01 4.031724697343413294e-02
