1.075000000000000000e+01 2.307081760736997555e-01 1.279891170031890839e-02
1.234999999999999964e+01 2.697960798664502668e-01 2.298685833883688454e-02
1.414999999999999858e+01 2.865123662190856568e-01 1.507401394765594226e-02
1.619999999999999929e+01 3.021204137575475568e-01 1.780336456804755552e-02
1.860000000000000142e+01 3.192079705343207063e-01 1.632990235808137042e-02
2.135000000000000142e+01 3.215462757002199301e-01 1.730994622019095888e-02
2.445000000000000284e+01 3.514344618750094296e-01 2.153060565130209686e-02
2.805000000000000071e+01 3.765347931288279271e-01 2.431273852747897410e-02
3.385000000000000142e+01 3.956112753022845152e-01 1.986275174439614336e-02
4.260000000000000142e+01 4.583455710383313453e-01 2.508519231386165463e-02
5.364999999999999858e+01 4.434061987104734870e-01 2.337770410637476579e-02
6.754999999999999716e+01 4.864469708529512437e-01 2.193519626627032232e-02
8.504999999999999716e+01 5.027670073837103848e-01 2.458691087789482282e-02
1.069000000000000057e+02 5.754705554293100267e-01 2.781570491306991494e-02
1.345000000000000000e+02 5.777636788558591086e-01 2.776107638086733331e-02
