1.075000000000000000e+01 2.437968448488249951e-01 1.261384155093505516e-02
1.234999999999999964e+01 2.829095247660567414e-01 1.290783210567348835e-02
1.414999999999999858e+01 3.014530491298149650e-01 1.055107690703042944e-02
1.619999999999999929e+01 3.201895697755832160e-01 1.218496844987550752e-02
1.860000000000000142e+01 4.118814886283316823e-01 1.765391496253001374e-02
2.135000000000000142e+01 4.231065881821005070e-01 1.980313739525632263e-02
2.445000000000000284e+01 4.496881908780008263e-01 2.330390399758867914e-02
2.805000000000000071e+01 5.049154924182376325e-01 2.478574765448238529e-02
3.385000000000000142e+01 5.279321270812772360e-01 2.317221482420452408e-02
4.260000000000000142e+01 5.999381038467361815e-01 2.249512218379509307e-02
5.364999999999999858e+01 6.790821946747822579e-01 2.668263065406227888e-02
6.754999999999999716e+01 7.277468585508062304e-01 2.561891248972206561e-02
8.504999999999999716e+01 7.423936787631836287e-01 2.748930552400144847e-02
1.069000000000000057e+02 7.806481487656624640e-01 3.278685997835942278e-02
1.345000000000000000e+02 8.770749436459358561e-01 4.319363431962331551e-02
