1.075000000000000000e+01 1.838027811408405876e-01 8.425435385402775881e-03
1.234999999999999964e+01 2.309652911572745992e-01 1.786598313268320665e-02
1.414999999999999858e+01 2.450700258971645340e-01 1.220252375868938720e-02
1.619999999999999929e+01 2.852633198893113065e-01 1.641759460649083735e-02
1.860000000000000142e+01 3.080580970753640235e-01 1.530135262821186344e-02
2.135000000000000142e+01 3.238597322503695142e-01 1.755174144498007627e-02
2.445000000000000284e+01 3.444015409620781454e-01 2.078783323998413882e-02
2.805000000000000071e+01 3.233553969850980758e-01 1.453442718415889207e-02
3.385000000000000142e+01 3.709479249349807439e-01 1.799457163001714002e-02
4.260000000000000142e+01 4.414644501412337552e-01 2.220235087645356514e-02
5.364999999999999858e+01 4.157288370192381843e-01 1.521174015821034550e-02
6.754999999999999716e+01 4.625434092223295601e-01 1.771915189364944854e-02
8.504999999999999716e+01 4.893989584499497947e-01 2.121711997800590846e-02
1.069000000000000057e+02 5.637461500776455026e-01 3.224727001201203869e-02
1.345000000000000000e+02 5.153350564036874859e-01 2.221515512294207698e-02
