1.075000000000000000e+01 1.080311954516730982e-01 6.202605434992478593e-03
1.234999999999999964e+01 1.255004456770882071e-01 6.513153339554450354e-03
1.414999999999999858e+01 1.309011702542710043e-01 7.562668682748156443e-03
1.619999999999999929e+01 1.531327056097287753e-01 1.347291316776073541e-02
1.860000000000000142e+01 1.701931152653665125e-01 9.238333419683150693e-03
2.135000000000000142e+01 1.697250864482325594e-01 9.159192518068463157e-03
2.445000000000000284e+01 2.177058354698433729e-01 1.436516671420823808e-02
2.805000000000000071e+01 2.052461608171747554e-01 1.209414431259889927e-02
3.385000000000000142e+01 2.409955026106321285e-01 1.124381631596648931e-02
4.260000000000000142e+01 2.938372987222837573e-01 1.388806332774703348e-02
5.364999999999999858e+01 2.808888418561255595e-01 1.024906136410932457e-02
6.754999999999999716e+01 3.566748469988914039e-01 1.512735329943414031e-02
8.504999999999999716e+01 3.848384571347312488e-01 1.678712973550176152e-02
1.069000000000000057e+02 4.377771296650785904e-01 2.142647080313457575e-02
1.345000000000000000e+02 4.522877638200761830e-01 2.104807054411629227e-02
