1.075000000000000000e+01 2.932727978235872279e-01 1.532867355338770124e-02
1.234999999999999964e+01 3.262771036906849109e-01 1.312258183833873992e-02
1.414999999999999858e+01 3.739326327503399994e-01 1.591941949413943833e-02
1.619999999999999929e+01 4.238384299099441921e-01 1.951250724136748688e-02
1.860000000000000142e+01 4.504120399357083304e-01 1.836053668308403400e-02
2.135000000000000142e+01 4.994797022601327741e-01 2.302365506715563226e-02
2.445000000000000284e+01 5.084507033828484790e-01 2.394235058947220482e-02
2.805000000000000071e+01 5.325664304800814541e-01 2.627874131485061909e-02
3.385000000000000142e+01 5.713553184285321551e-01 2.493247650485150291e-02
4.260000000000000142e+01 6.731789086083609375e-01 3.647502363309793050e-02
5.364999999999999858e+01 7.713087627352026576e-01 4.465261351490746461e-02
6.754999999999999716e+01 7.592012211454582937e-01 3.023862447681283441e-02
8.504999999999999716e+01 7.748940178023489000e-01 3.048401869003915937e-02
1.069000000000000057e+02 8.464822376220474398e-01 3.489371392919809328e-02
1.345000000000000000e+02 8.831285403204643947e-01 4.547476916603373359e-02
