1.075000000000000000e+01 2.991189268007107827e-01 1.737338568607076777e-02
1.234999999999999964e+01 3.011253846937170242e-01 1.399349104536189506e-02
1.414999999999999858e+01 3.951976908412376255e-01 2.083219965962114853e-02
1.619999999999999929e+01 3.785427177692067824e-01 1.710583654509025692e-02
1.860000000000000142e+01 4.622349200009618353e-01 1.898143274519543955e-02
2.135000000000000142e+01 4.876944690123943826e-01 3.664116931342348976e-02
2.445000000000000284e+01 4.885693197665652021e-01 2.091439781483635588e-02
2.805000000000000071e+01 6.032675760763128725e-01 3.204281047293423834e-02
3.385000000000000142e+01 5.688577000869138312e-01 2.612820614476197775e-02
4.260000000000000142e+01 6.380074755810269949e-01 2.383621620559303253e-02
5.364999999999999858e+01 6.499383415786983420e-01 2.164122357486563189e-02
6.754999999999999716e+01 6.704130452848783284e-01 2.361911562470484297e-02
8.504999999999999716e+01 7.557006467031318619e-01 2.908009714492238926e-02
1.069000000000000057e+02 8.066368048221032039e-01 3.532858354666285755e-02
1.345000000000000000e+02 8.544433619610304342e-01 4.404915481739109240e-02
