1.075000000000000000e+01 1.276028117614368129e-01 9.744872409243302350e-03
1.234999999999999964e+01 1.403912661042751309e-01 1.460613633736287248e-02
1.414999999999999858e+01 1.636549254690185251e-01 1.054425152071189475e-02
1.619999999999999929e+01 1.761209038830500173e-01 1.148737412397035466e-02
1.860000000000000142e+01 1.808308103668337385e-01 1.012783896555894195e-02
2.135000000000000142e+01 1.940478607503495212e-01 1.104775118933261878e-02
2.445000000000000284e+01 2.105550756389369949e-01 1.241594636970788472e-02
2.805000000000000071e+01 2.603657331854413726e-01 1.834492189740579912e-02
3.385000000000000142e+01 2.494113374715530296e-01 1.450041039729206734e-02
4.260000000000000142e+01 2.839004685559769481e-01 1.191878519140579691e-02
5.364999999999999858e+01 2.865360739435052762e-01 1.145106184510138667e-02
6.754999999999999716e+01 3.446740731243824185e-01 1.577084715365153697e-02
8.504999999999999716e+01 3.772041599512810373e-01 1.854909818511883690e-02
1.069000000000000057e+02 3.901338229162782389e-01 1.964221049323667742e-02
1.345000000000000000e+02 4.092754877387860257e-01 1.988460517338810907e-02
