1.075000000000000000e+01 1.605404350124176316e-01 1.197578372657919464e-02
1.234999999999999964e+01 1.719321927623587154e-01 7.804407890642489631e-03
1.414999999999999858e+01 2.289110257235953683e-01 9.974875533805185185e-03
1.619999999999999929e+01 2.324544117157134049e-01 1.004379703462644421e-02
1.860000000000000142e+01 2.587949092123976169e-01 1.103174382926063596e-02
2.135000000000000142e+01 3.047730068121382030e-01 1.680637096429410393e-02
2.445000000000000284e+01 3.246949282152294392e-01 1.650480309420986058e-02
2.805000000000000071e+01 3.499659169305806006e-01 1.647060989654588678e-02
3.385000000000000142e+01 3.863667177183529589e-01 1.983567850611746286e-02
4.260000000000000142e+01 4.442787703557659063e-01 1.933102443477689378e-02
5.364999999999999858e+01 4.884157987091615749e-01 2.304141885318384750e-02
6.754999999999999716e+01 5.110732136451631158e-01 1.832445393694105695e-02
8.504999999999999716e+01 5.989333159587912903e-01 2.688483201995451807e-02
1.069000000000000057e+02 6.324750605438265172e-01 2.787694318897393497e-02
1.345000000000000000e+02 6.629814859502862756e-01 3.369517995293545148e-02
