1.075000000000000000e+01 1.868007413559062690e-01 8.172547782137676298e-03
1.234999999999999964e+01 2.022562419644506615e-01 8.114351387256217227e-03
1.414999999999999858e+01 2.686686290027202606e-01 1.157896153757906332e-02
1.619999999999999929e+01 2.776979319592349227e-01 1.074958761831852280e-02
1.860000000000000142e+01 3.417226239683490707e-01 1.473286640126483978e-02
2.135000000000000142e+01 3.580544919848272500e-01 1.605228630902478387e-02
2.445000000000000284e+01 4.168537097437334804e-01 1.980495357181664973e-02
2.805000000000000071e+01 4.483184158165909872e-01 2.185215899640803594e-02
3.385000000000000142e+01 4.541406949930271164e-01 1.862805649708849237e-02
4.260000000000000142e+01 5.740617509282502917e-01 2.254308510072305927e-02
5.364999999999999858e+01 6.099841416883953205e-01 2.002036870694862483e-02
6.754999999999999716e+01 6.689187277573444002e-01 2.294602492397467344e-02
8.504999999999999716e+01 6.779576646104067406e-01 2.346993972209095863e-02
1.069000000000000057e+02 7.718622074336165539e-01 3.201519061882582284e-02
1.345000000000000000e+02 8.415010826542828060e-01 4.560800518956618227e-02
