1.075000000000000000e+01 2.129945285439238667e-01 1.198682898823357282e-02
1.234999999999999964e+01 2.442156187896510622e-01 1.791088611559198823e-02
1.414999999999999858e+01 2.797165848586637971e-01 1.464861644152719647e-02
1.619999999999999929e+01 3.015110405520592396e-01 1.869550024761810342e-02
1.860000000000000142e+01 3.384209418833428185e-01 1.739497392303660656e-02
2.135000000000000142e+01 3.458315477792093251e-01 1.912115234580280196e-02
2.445000000000000284e+01 3.181189616284604837e-01 1.751952917155319076e-02
2.805000000000000071e+01 3.676027786557783950e-01 1.814402196960130526e-02
3.385000000000000142e+01 4.064007294063851083e-01 2.372828370250123012e-02
4.260000000000000142e+01 4.078974101156673804e-01 1.732492782380998242e-02
5.364999999999999858e+01 4.453396722372076622e-01 2.707819697796043715e-02
6.754999999999999716e+01 4.734307445736083420e-01 2.117597598285198002e-02
8.504999999999999716e+01 5.032213289518790988e-01 2.384801139301752013e-02
1.069000000000000057e+02 5.360822509434666205e-01 3.085485224983082475e-02
1.345000000000000000e+02 5.875412682829683764e-01 3.283881238305940559e-02
