1.075000000000000000e+01 3.448418772393098686e-01 1.672852528544887390e-02
1.234999999999999964e+01 4.061974047464679827e-01 2.192273651521293304e-02
1.414999999999999858e+01 4.304721893502488350e-01 1.768362742148393840e-02
1.619999999999999929e+01 4.709573728999125741e-01 2.046801207139951548e-02
1.860000000000000142e+01 5.497934685168104352e-01 2.254482674531525788e-02
2.135000000000000142e+01 5.629645787122836698e-01 2.251782280390170199e-02
2.445000000000000284e+01 6.215757559349287531e-01 2.673490061516916108e-02
2.805000000000000071e+01 7.074944043552071626e-01 3.432841836539164693e-02
3.385000000000000142e+01 6.834021964672299942e-01 2.722058725793357475e-02
4.260000000000000142e+01 7.596561049531986853e-01 2.886551245623882392e-02
5.364999999999999858e+01 8.244870010190052945e-01 3.672162268540547087e-02
6.754999999999999716e+01 8.160497365726967489e-01 2.964700955850829017e-02
8.504999999999999716e+01 8.945365555865788521e-01 3.371711069591453586e-02
1.069000000000000057e+02 9.263336476197263636e-01 4.244551139362619241e-02
1.345000000000000000e+02 9.290612468470164087e-01 4.511987699548837549e-02
