1.075000000000000000e+01 1.685958326549419906e-01 1.064329166859439603e-02
1.234999999999999964e+01 1.873022749862235103e-01 1.025565280535613126e-02
1.414999999999999858e+01 2.089373160238260085e-01 1.078439552435464348e-02
1.619999999999999929e+01 2.062826789018008533e-01 9.957742066435222236e-03
1.860000000000000142e+01 2.768412381827554669e-01 2.035077210336661696e-02
2.135000000000000142e+01 2.506391195139472949e-01 1.421187130847860122e-02
2.445000000000000284e+01 2.837075753005007805e-01 1.756958232838969416e-02
2.805000000000000071e+01 2.821122149617262820e-01 1.653050001529548715e-02
3.385000000000000142e+01 3.343049903229698971e-01 2.181441749363843136e-02
4.260000000000000142e+01 3.235660699286556641e-01 1.430365838511841840e-02
5.364999999999999858e+01 3.631729358896422788e-01 1.474176777109370041e-02
6.754999999999999716e+01 4.011619902204144883e-01 1.706597937569103926e-02
8.504999999999999716e+01 4.048243463427904087e-01 1.684306298438488503e-02
1.069000000000000057e+02 5.198516688485483872e-01 2.711340193747609553e-02
1.345000000000000000e+02 4.825041460171240471e-01 2.430475976487735806e-02
