1.075000000000000000e+01 1.758502583812689701e-01 1.491171962811657127e-02
1.234999999999999964e+01 1.733668580562368611e-01 9.830974779991437026e-03
1.414999999999999858e+01 1.799169858694892599e-01 7.749953242046154350e-03
1.619999999999999929e+01 2.128860771920988992e-01 1.289443305399861836e-02
1.860000000000000142e+01 2.383235000610031684e-01 1.296783965393552042e-02
2.135000000000000142e+01 2.266887454059229867e-01 1.254955974579995484e-02
2.445000000000000284e+01 2.720832056040878300e-01 1.676438236350774949e-02
2.805000000000000071e+01 2.824566725452296589e-01 1.763288227613034678e-02
3.385000000000000142e+01 2.875272498195685089e-01 1.284396715867003325e-02
4.260000000000000142e+01 3.306545391286643265e-01 1.627324902925347469e-02
5.364999999999999858e+01 3.584468717716804420e-01 2.045291260481833795e-02
6.754999999999999716e+01 4.515533273729683827e-01 2.210983626315946721e-02
8.504999999999999716e+01 4.572693463769931244e-01 2.831653087466991930e-02
1.069000000000000057e+02 4.853992778062450331e-01 2.216934797978627886e-02
1.345000000000000000e+02 5.050664985882832303e-01 2.352388663498638718e-02
