1.075000000000000000e+01 4.656121931830379257e-01 2.573317610621487714e-02
1.234999999999999964e+01 4.784983792599276642e-01 2.530664074307534608e-02
1.414999999999999858e+01 4.791015267886025719e-01 1.941719240646200967e-02
1.619999999999999929e+01 5.324682570903714884e-01 2.926784875400713359e-02
1.860000000000000142e+01 5.283681928467139910e-01 2.323022615935572271e-02
2.135000000000000142e+01 5.199790668186801135e-01 2.526071507217518552e-02
2.445000000000000284e+01 5.088977539024234220e-01 2.513001102562905861e-02
2.805000000000000071e+01 5.005039872244310128e-01 2.424878437664603967e-02
3.385000000000000142e+01 5.305429575948253929e-01 2.171473521050765534e-02
4.260000000000000142e+01 5.771740790582350344e-01 2.368493419400225647e-02
5.364999999999999858e+01 6.087141600831657007e-01 3.531219956442697289e-02
6.754999999999999716e+01 5.809677023499119075e-01 2.379518565968780433e-02
8.504999999999999716e+01 6.352688930905373565e-01 4.219034489925183734e-02
1.069000000000000057e+02 6.666185163922879742e-01 3.015924458736598049e-02
1.345000000000000000e+02 6.945300537105058014e-01 3.317245891503595862e-02
