1.075000000000000000e+01 1.797840698042749707e-01 7.948086104492458129e-03
1.234999999999999964e+01 2.104202032104307563e-01 1.025506880914089231e-02
1.414999999999999858e+01 2.418080415243806791e-01 1.099157861699969277e-02
1.619999999999999929e+01 2.529329914746150099e-01 1.014880933898752377e-02
1.860000000000000142e+01 3.020190967007645444e-01 1.340182803519534942e-02
2.135000000000000142e+01 2.978419111528297636e-01 1.309383804371551559e-02
2.445000000000000284e+01 3.515227321876385758e-01 1.817927793827546143e-02
2.805000000000000071e+01 3.863430279118919564e-01 2.067219477622795135e-02
3.385000000000000142e+01 4.015756265624107479e-01 1.750825660386015614e-02
4.260000000000000142e+01 4.757168468545351359e-01 1.746194917107214001e-02
5.364999999999999858e+01 4.925815380747752270e-01 1.713572065236538752e-02
6.754999999999999716e+01 6.027665216465868392e-01 2.443320685686803731e-02
8.504999999999999716e+01 5.953407484500234936e-01 2.389542132068340693e-02
1.069000000000000057e+02 6.376044414481679690e-01 2.820722130086817173e-02
1.345000000000000000e+02 6.584136659913027989e-01 3.676153983207049863e-02
