1.075000000000000000e+01 1.848853247022350932e-01 7.826855330350398696e-03
1.234999999999999964e+01 2.283345037481064044e-01 9.709876552362439739e-03
1.414999999999999858e+01 2.923882475627165856e-01 1.334677681670592801e-02
1.619999999999999929e+01 2.885242488475573963e-01 1.117275537721032323e-02
1.860000000000000142e+01 3.516070947126185287e-01 2.009716276766912446e-02
2.135000000000000142e+01 3.826312848510214359e-01 1.793348799152483589e-02
2.445000000000000284e+01 4.246018156275343514e-01 2.319430465025855426e-02
2.805000000000000071e+01 4.561433773551895055e-01 2.119299861751433936e-02
3.385000000000000142e+01 5.133490194267161799e-01 2.449650249516662978e-02
4.260000000000000142e+01 5.732175446987100020e-01 2.152791741593149122e-02
5.364999999999999858e+01 5.807550067493406631e-01 1.945845099015112295e-02
6.754999999999999716e+01 6.606132036505073524e-01 2.219030112370102767e-02
8.504999999999999716e+01 6.981687976908182991e-01 2.641786946814152215e-02
1.069000000000000057e+02 7.727080163938484514e-01 3.258399263831738418e-02
1.345000000000000000e+02 8.121170650895441767e-01 3.907790977554782136e-02
