1.075000000000000000e+01 2.414782173919211572e-01 1.013135964866105493e-02
1.234999999999999964e+01 2.763357157279469623e-01 1.202897968997143976e-02
1.414999999999999858e+01 3.455696238173260881e-01 1.611199591008705481e-02
1.619999999999999929e+01 3.462355731171403161e-01 1.546959859066047993e-02
1.860000000000000142e+01 4.282881114438320536e-01 2.341497094530722509e-02
2.135000000000000142e+01 4.323447807759432937e-01 2.139125896282692216e-02
2.445000000000000284e+01 4.661020378062468161e-01 2.138918477011968189e-02
2.805000000000000071e+01 4.801164296590951230e-01 2.200015875464106374e-02
3.385000000000000142e+01 5.068562566085681453e-01 2.124830266369400963e-02
4.260000000000000142e+01 5.689596049958545176e-01 2.219327652459382808e-02
5.364999999999999858e+01 5.868194866881438765e-01 2.496149873423879686e-02
6.754999999999999716e+01 6.715922432349903382e-01 2.398734731044202539e-02
8.504999999999999716e+01 6.882728114414590204e-01 2.691279055573636905e-02
1.069000000000000057e+02 8.058463161259505902e-01 3.560828764754069009e-02
1.345000000000000000e+02 8.198998550271532348e-01 4.625021962650178314e-02
