1.075000000000000000e+01 2.737986720216555314e-01 1.496133483968109176e-02
1.234999999999999964e+01 2.974912199991190942e-01 1.284625753260730009e-02
1.414999999999999858e+01 3.363323427578410185e-01 1.394983795183192543e-02
1.619999999999999929e+01 3.411502952459960492e-01 1.699506326478656890e-02
1.860000000000000142e+01 4.180709843856152408e-01 1.810028666357129182e-02
2.135000000000000142e+01 4.155304701449427096e-01 1.874161729696076362e-02
2.445000000000000284e+01 5.017955134337690470e-01 2.914714467994793806e-02
2.805000000000000071e+01 4.947321037828437684e-01 2.549557818369328072e-02
3.385000000000000142e+01 4.733160817993865011e-01 1.849415412449317495e-02
4.260000000000000142e+01 5.671696669131198743e-01 2.320203368057589463e-02
5.364999999999999858e+01 5.558919994418963784e-01 1.992063123852302886e-02
6.754999999999999716e+01 5.979298316333488961e-01 2.063187802302840143e-02
8.504999999999999716e+01 6.429577002137414343e-01 2.744912652215933391e-02
1.069000000000000057e+02 6.837570239706248776e-01 3.109954793839717416e-02
1.345000000000000000e+02 6.997449807679101408e-01 3.951057049555161543e-02
