1.075000000000000000e+01 2.125176509566649996e-01 1.356872999448391175e-02
1.234999999999999964e+01 2.366675080602816950e-01 1.264194521882637881e-02
1.414999999999999858e+01 2.567130990387722633e-01 1.308388177109020938e-02
1.619999999999999929e+01 2.952507482386581561e-01 1.315443562848087576e-02
1.860000000000000142e+01 3.344712782088812841e-01 1.643940275799706321e-02
2.135000000000000142e+01 3.554165487815127977e-01 3.194425263066740656e-02
2.445000000000000284e+01 3.549559970291534805e-01 2.235849414262236490e-02
2.805000000000000071e+01 3.945556246249535826e-01 2.395855902259441672e-02
3.385000000000000142e+01 3.749708653849784246e-01 1.585234936107161874e-02
4.260000000000000142e+01 4.249791165014503713e-01 1.826403246235006744e-02
5.364999999999999858e+01 4.517253266081102669e-01 1.692956129442711039e-02
6.754999999999999716e+01 4.852937239624073862e-01 1.965697513144975747e-02
8.504999999999999716e+01 5.584748023169340270e-01 3.315579090556810410e-02
1.069000000000000057e+02 5.326501609871269194e-01 2.275320322688051053e-02
1.345000000000000000e+02 6.071030793090033129e-01 3.335277016077266288e-02
