1.075000000000000000e+01 1.354784313068358170e-01 9.905301392858480158e-03
1.234999999999999964e+01 1.338390645597745399e-01 7.644711743734210717e-03
1.414999999999999858e+01 1.661460191940654918e-01 9.573084473028684732e-03
1.619999999999999929e+01 1.654241552142720062e-01 7.952108488806706316e-03
1.860000000000000142e+01 2.040356036698369180e-01 1.107277737807507885e-02
2.135000000000000142e+01 2.372113957094895975e-01 1.541025842459329068e-02
2.445000000000000284e+01 2.287781074515511937e-01 1.182689449083601692e-02
2.805000000000000071e+01 2.779769285356795128e-01 2.245224089991209107e-02
3.385000000000000142e+01 2.660155436904285686e-01 1.058721605357807599e-02
4.260000000000000142e+01 3.273835102930364171e-01 1.551166288233492112e-02
5.364999999999999858e+01 3.448550871545380536e-01 1.269259154962325276e-02
6.754999999999999716e+01 3.962944164925747415e-01 1.808847114396977887e-02
8.504999999999999716e+01 4.329218413059792714e-01 1.896597892626963183e-02
1.069000000000000057e+02 4.391798299650294113e-01 1.918899357943858533e-02
1.345000000000000000e+02 4.684006984526868367e-01 2.171168075933338840e-02
