1.075000000000000000e+01 1.254800288390902074e-01 6.500067777737297305e-03
1.234999999999999964e+01 1.406367896474042256e-01 7.285068924209033535e-03
1.414999999999999858e+01 1.697214673582939370e-01 6.800001032732387943e-03
1.619999999999999929e+01 1.923840330482065875e-01 8.318066353866570423e-03
1.860000000000000142e+01 2.311219344449702284e-01 1.122138054149934318e-02
2.135000000000000142e+01 2.446442116793681176e-01 1.173520507138046953e-02
2.445000000000000284e+01 2.629290561289182038e-01 1.202137599820084571e-02
2.805000000000000071e+01 3.335307669734465796e-01 1.704737561427325382e-02
3.385000000000000142e+01 3.556528087619766909e-01 1.675953333636892584e-02
4.260000000000000142e+01 4.092832396842452924e-01 1.404754387259304210e-02
5.364999999999999858e+01 4.432572699341784106e-01 1.525083643253009186e-02
6.754999999999999716e+01 5.104365336416283316e-01 1.778614903202542855e-02
8.504999999999999716e+01 5.745853098123323566e-01 3.100814556671731975e-02
1.069000000000000057e+02 6.021762937645681601e-01 2.635946310851375318e-02
1.345000000000000000e+02 6.373361927056183651e-01 2.724683852509995549e-02
