1.075000000000000000e+01 1.456814991061020081e-01 9.119477394438781082e-03
1.234999999999999964e+01 1.795974054418019716e-01 8.714509399208167015e-03
1.414999999999999858e+01 2.174907582427923480e-01 1.017323367095312667e-02
1.619999999999999929e+01 2.288633093578801014e-01 9.324505154076588587e-03
1.860000000000000142e+01 2.648377641536198701e-01 1.149441087425034751e-02
2.135000000000000142e+01 3.159471782374212445e-01 1.619501556790743299e-02
2.445000000000000284e+01 3.228900814393874108e-01 1.452273028129361966e-02
2.805000000000000071e+01 3.655152475069910478e-01 1.964501164507496955e-02
3.385000000000000142e+01 3.880123016452519114e-01 1.473788453368400989e-02
4.260000000000000142e+01 4.613119350657673423e-01 1.996891964597771393e-02
5.364999999999999858e+01 4.895215566286060249e-01 1.639016390866992329e-02
6.754999999999999716e+01 5.475842062240708907e-01 1.913338171079629821e-02
8.504999999999999716e+01 5.951609258560166538e-01 2.355422974945457770e-02
1.069000000000000057e+02 6.629650223225334038e-01 2.779550881628132034e-02
1.345000000000000000e+02 7.178867656516781937e-01 3.049723460037367245e-02
