1.075000000000000000e+01 3.040920377444827349e-01 1.381006495079874566e-02
1.234999999999999964e+01 3.493621821604339095e-01 1.532002838084772778e-02
1.414999999999999858e+01 3.947784387028190345e-01 1.414835837707801962e-02
1.619999999999999929e+01 4.530866816747549652e-01 1.981432725269172829e-02
1.860000000000000142e+01 4.855346561181086984e-01 1.872966901029194872e-02
2.135000000000000142e+01 5.330439763678196385e-01 2.504609801372568653e-02
2.445000000000000284e+01 5.657811824949696700e-01 2.754319245753309928e-02
2.805000000000000071e+01 6.057183089100818263e-01 2.777819522101625596e-02
3.385000000000000142e+01 6.315122134230767292e-01 2.628802564868914018e-02
4.260000000000000142e+01 7.043645900358960210e-01 2.690111251139182258e-02
5.364999999999999858e+01 7.249125815785538718e-01 2.753219349920821638e-02
6.754999999999999716e+01 7.895949798402994713e-01 3.029278212558900868e-02
8.504999999999999716e+01 8.267187999154794742e-01 3.099825697013072062e-02
1.069000000000000057e+02 7.890916640034725260e-01 3.026665957396134504e-02
1.345000000000000000e+02 8.440036211735053584e-01 3.753032693196173969e-02
