1.075000000000000000e+01 3.550070449655182148e-01 1.968774894283828111e-02
1.234999999999999964e+01 3.884468251550864948e-01 1.577589807241229491e-02
1.414999999999999858e+01 4.515365841996172303e-01 1.555621817377219641e-02
1.619999999999999929e+01 5.099453474900312866e-01 2.314878833992134802e-02
1.860000000000000142e+01 5.630753830967590856e-01 2.149819783004094931e-02
2.135000000000000142e+01 6.168354129983907308e-01 3.665532300725711512e-02
2.445000000000000284e+01 6.304204924624122741e-01 3.050769841901420157e-02
2.805000000000000071e+01 7.058485137434583612e-01 3.279483300894277253e-02
3.385000000000000142e+01 7.531377989768939241e-01 3.412328842611675461e-02
4.260000000000000142e+01 7.744083884022519015e-01 2.878613970821781304e-02
5.364999999999999858e+01 8.232871464104831727e-01 2.672385594325258837e-02
6.754999999999999716e+01 8.928755210737303605e-01 3.006973663354674253e-02
8.504999999999999716e+01 9.178437845109786997e-01 3.379150442748868333e-02
1.069000000000000057e+02 9.076340235338389295e-01 3.514511519232938613e-02
1.345000000000000000e+02 9.770066607568688166e-01 5.313463623996825258e-02
