1.075000000000000000e+01 3.160974289274957605e-01 1.358399003587399193e-02
1.234999999999999964e+01 3.755529994325030319e-01 1.535174555218312212e-02
1.414999999999999858e+01 4.332423409416300553e-01 1.622686487007906145e-02
1.619999999999999929e+01 4.890145386554501372e-01 2.521393273896505374e-02
1.860000000000000142e+01 4.958705534538460635e-01 1.856281037355529684e-02
2.135000000000000142e+01 5.479844465968171097e-01 2.349536865688734225e-02
2.445000000000000284e+01 5.441780024241000824e-01 2.485286188206443578e-02
2.805000000000000071e+01 5.860744018889088025e-01 2.651587275025215143e-02
3.385000000000000142e+01 6.493832378411250605e-01 2.778775835018450907e-02
4.260000000000000142e+01 6.919468846595797640e-01 2.677396420614762060e-02
5.364999999999999858e+01 7.003683539072976805e-01 2.683245944525471452e-02
6.754999999999999716e+01 7.798908014686404266e-01 2.927061773815908818e-02
8.504999999999999716e+01 7.465442699191646714e-01 2.824828228817509793e-02
1.069000000000000057e+02 7.973907054318375431e-01 3.379470861501259610e-02
1.345000000000000000e+02 8.388830023227910049e-01 3.979311791542105431e-02
