1.075000000000000000e+01 7.042242037487785877e-01 3.013852121872789488e-02
1.234999999999999964e+01 7.947807346748896329e-01 3.273737225614053309e-02
1.414999999999999858e+01 8.459996109618679316e-01 2.949356866935644653e-02
1.619999999999999929e+01 9.093824683752966820e-01 3.415323170607467707e-02
1.860000000000000142e+01 1.009062226495689663e+00 4.355659946911745461e-02
2.135000000000000142e+01 9.440620704902845661e-01 3.715597966824864262e-02
2.445000000000000284e+01 1.000218836927759591e+00 4.216759432373042016e-02
2.805000000000000071e+01 1.059530666481289574e+00 4.884382161060583233e-02
3.385000000000000142e+01 1.033927346271809489e+00 4.276488237222514366e-02
4.260000000000000142e+01 1.047591805754005678e+00 3.728133139797033813e-02
5.364999999999999858e+01 1.116373572324221630e+00 4.488987730690358752e-02
6.754999999999999716e+01 1.111729129489785528e+00 5.940531587485070597e-02
8.504999999999999716e+01 1.065772453802591890e+00 3.856318727498585924e-02
1.069000000000000057e+02 1.126416485915206600e+00 4.859223210161815742e-02
1.345000000000000000e+02 1.091835273514091709e+00 5.010362353295192556e-02
