1.075000000000000000e+01 1.079807821987742583e-01 9.388006234450886611e-03
1.234999999999999964e+01 1.224269333438590124e-01 1.480180529963747056e-02
1.414999999999999858e+01 1.293502376929397679e-01 6.243236668565863359e-03
1.619999999999999929e+01 1.412869841175191654e-01 7.635939696465704127e-03
1.860000000000000142e+01 1.567100169791905140e-01 8.034039358891045118e-03
2.135000000000000142e+01 1.659184352672578855e-01 8.884588012667568938e-03
2.445000000000000284e+01 1.779358386642204415e-01 1.048090285978738913e-02
2.805000000000000071e+01 2.137663632953876736e-01 1.423795482708712853e-02
3.385000000000000142e+01 2.318325061652288521e-01 1.394463975364106448e-02
4.260000000000000142e+01 2.584796742250407564e-01 1.055838481603355722e-02
5.364999999999999858e+01 2.997353957154967885e-01 1.134452329947769310e-02
6.754999999999999716e+01 3.530997129374180976e-01 1.385701632897506225e-02
8.504999999999999716e+01 3.620195270352135619e-01 1.438875747317125940e-02
1.069000000000000057e+02 4.380758990226245597e-01 2.234092528985383297e-02
1.345000000000000000e+02 4.785484082222084545e-01 3.387931494476026373e-02
