1.075000000000000000e+01 2.914934279611389734e-01 1.927083552842980690e-02
1.234999999999999964e+01 2.916631426995434651e-01 1.503586571163271872e-02
1.414999999999999858e+01 3.445956842905253392e-01 1.867243886572465469e-02
1.619999999999999929e+01 3.226446772938375562e-01 1.845800875526599702e-02
1.860000000000000142e+01 3.519184101852686486e-01 2.241287778344862661e-02
2.135000000000000142e+01 3.611199511296542264e-01 2.115053141033556086e-02
2.445000000000000284e+01 3.714812794104511151e-01 2.377687611987560137e-02
2.805000000000000071e+01 3.712502679901846792e-01 2.490919048844399825e-02
3.385000000000000142e+01 3.642040459846802025e-01 1.900782684203357678e-02
4.260000000000000142e+01 3.892464736596272235e-01 2.124579467901067595e-02
5.364999999999999858e+01 3.979281365025507666e-01 1.615549235740601497e-02
6.754999999999999716e+01 4.385513167987922789e-01 2.021858644140529793e-02
8.504999999999999716e+01 4.340812317280262622e-01 1.880783198209134283e-02
1.069000000000000057e+02 4.743936309165734388e-01 2.327726697054541272e-02
1.345000000000000000e+02 4.866756103131816280e-01 2.343543403178123888e-02
