1.075000000000000000e+01 4.162163685866191160e-06 1.312464126645958098e-07
1.234999999999999964e+01 2.035257442179400109e-06 7.548435700589390750e-08
1.414999999999999858e+01 9.600367150521922720e-07 3.988030251682696056e-08
1.619999999999999929e+01 4.203200985096171403e-07 1.977885285244179899e-08
1.860000000000000142e+01 1.862269802623597708e-07 6.889051046215170826e-09
2.135000000000000142e+01 8.618661736492248289e-08 3.734365019801040671e-09
2.445000000000000284e+01 3.382068071632395744e-08 1.358414747083841680e-09
2.805000000000000071e+01 1.538793494338854735e-08 6.047086850737286842e-10
3.385000000000000142e+01 4.997180353744983722e-09 2.013075067400779210e-10
4.260000000000000142e+01 1.188133496333736164e-09 7.151879469309964108e-11
5.364999999999999858e+01 2.650950730838758945e-10 1.107254149325494356e-11
6.754999999999999716e+01 5.930261845612952054e-11 1.931843802272903853e-12
8.504999999999999716e+01 1.302791533211992987e-11 5.331321998698725635e-13
1.069000000000000057e+02 2.607851001264291254e-12 1.063431840215755341e-13
1.345000000000000000e+02 4.585757106935547729e-13 1.833627513584873537e-14
