1.075000000000000000e+01 4.054063980631457197e-06 1.656569426101038959e-07
1.234999999999999964e+01 1.705446203199832654e-06 5.774063880805839818e-08
1.414999999999999858e+01 8.713756294277723223e-07 3.008820932188437340e-08
1.619999999999999929e+01 3.977474571931728101e-07 1.562084160966917939e-08
1.860000000000000142e+01 1.759563455749987854e-07 6.414112809998481087e-09
2.135000000000000142e+01 7.651603584638564497e-08 2.973108497061375342e-09
2.445000000000000284e+01 3.580229584891207328e-08 1.494732241076645792e-09
2.805000000000000071e+01 1.600855259332450119e-08 8.787156750447650584e-10
3.385000000000000142e+01 5.230002695160555389e-09 2.273481306468777685e-10
4.260000000000000142e+01 1.186825180783361918e-09 6.951237761760409994e-11
5.364999999999999858e+01 2.868570058835856724e-10 1.143771434899389980e-11
6.754999999999999716e+01 6.042547018505437864e-11 1.933079968519544029e-12
8.504999999999999716e+01 1.407830145426611608e-11 7.001597527968649395e-13
1.069000000000000057e+02 2.674877685554477951e-12 9.671649183236096520e-14
1.345000000000000000e+02 5.158659950438308511e-13 2.509875046678556946e-14
