1.075000000000000000e+01 4.087814159913670161e-06 1.970756957731955130e-07
1.234999999999999964e+01 1.801350622995709729e-06 6.145355875344226551e-08
1.414999999999999858e+01 8.221724993203958458e-07 2.990695284671146084e-08
1.619999999999999929e+01 3.658176581113159621e-07 1.629144339441613629e-08
1.860000000000000142e+01 1.793168905048206399e-07 6.541092575694705771e-09
2.135000000000000142e+01 7.721943316482916436e-08 2.903112832495590993e-09
2.445000000000000284e+01 3.887024728873344708e-08 2.045989957217523767e-09
2.805000000000000071e+01 1.570355294748753994e-08 7.019295796857061763e-10
3.385000000000000142e+01 4.869350413642682880e-09 1.462786035457527648e-10
4.260000000000000142e+01 1.262834257941272385e-09 4.354764050654742445e-11
5.364999999999999858e+01 2.752248382747653806e-10 8.149142436893623643e-12
6.754999999999999716e+01 6.208912163161219265e-11 1.830160694542378185e-12
8.504999999999999716e+01 1.375486636480370634e-11 5.169853801179286722e-13
1.069000000000000057e+02 2.847323472912353265e-12 1.119920004564819145e-13
1.345000000000000000e+02 5.501517259607128469e-13 2.833914286715575600e-14
