1.075000000000000000e+01 1.492999995116978831e-05 3.840417146037526045e-07
1.234999999999999964e+01 6.055138780233728912e-06 1.602990024672513049e-07
1.414999999999999858e+01 2.444524046003982578e-06 4.871348825653591647e-08
1.619999999999999929e+01 1.072306438567004008e-06 2.393961123147231295e-08
1.860000000000000142e+01 4.289149383766477713e-07 1.000213003075666223e-08
2.135000000000000142e+01 1.858333833807517721e-07 4.630339957133607197e-09
2.445000000000000284e+01 7.746232528614237739e-08 1.902733918366812316e-09
2.805000000000000071e+01 3.174152804601580836e-08 8.140844380125578274e-10
3.385000000000000142e+01 1.028773498489861431e-08 2.570497550334350033e-10
4.260000000000000142e+01 2.226554647773001657e-09 4.900200035661053505e-11
5.364999999999999858e+01 4.951048738803314035e-10 9.994293451112518534e-12
6.754999999999999716e+01 1.038401470319769941e-10 1.862695101176122925e-12
8.504999999999999716e+01 2.139311242439605728e-11 4.331372583990658615e-13
1.069000000000000057e+02 4.164232867953219243e-12 9.511399875653032862e-14
1.345000000000000000e+02 7.862174664789570582e-13 1.818144957902528240e-14
