5.250000000000000000e+00 1.910230970946413383e-05 1.102995923273192475e-06
5.750000000000000000e+00 8.160596190740952447e-06 4.843179791315969042e-07
6.250000000000000000e+00 4.425961539110636888e-06 2.892827608224229476e-07
6.750000000000000000e+00 2.350027922852636719e-06 1.355259098105087339e-07
7.250000000000000000e+00 1.398302904798581359e-06 1.748805153236889593e-07
7.750000000000000000e+00 8.315698106092323383e-07 5.700458939807396426e-08
8.250000000000000000e+00 4.418479855315617188e-07 2.504405015232194005e-08
8.750000000000000000e+00 3.354866045008227466e-07 2.546052705453605774e-08
9.250000000000000000e+00 2.438037345710720401e-07 1.950171188117572243e-08
9.750000000000000000e+00 1.579610443412940539e-07 1.960952390763494688e-08
1.100000000000000000e+01 6.132278963751173918e-08 2.274664167295972062e-09
1.300000000000000000e+01 1.582391222957211892e-08 5.683206146321946654e-10
1.500000000000000000e+01 4.941123228353230752e-09 2.065275060075776768e-10
1.700000000000000000e+01 1.675904375488382449e-09 1.223539028745995553e-10
1.900000000000000000e+01 6.604516127805767959e-10 3.228323904632403312e-11
