5.250000000000000000e+00 1.678081041878503333e-05 8.289205559915146810e-07
5.750000000000000000e+00 8.323754960960027909e-06 4.426827769376634102e-07
6.250000000000000000e+00 4.300751003755638734e-06 2.282366528134828349e-07
6.750000000000000000e+00 2.539798088088683150e-06 2.150149299959095001e-07
7.250000000000000000e+00 1.392280130814037751e-06 1.005258872221211787e-07
7.750000000000000000e+00 7.496508040233799598e-07 3.967846382814076248e-08
8.250000000000000000e+00 4.880607232276650586e-07 2.956044593694236545e-08
8.750000000000000000e+00 3.587898604038707293e-07 2.946519360772507777e-08
9.250000000000000000e+00 1.899662226939814322e-07 9.696239480858271197e-09
9.750000000000000000e+00 1.330332152225357350e-07 7.563205878929533403e-09
1.100000000000000000e+01 6.285446017484639644e-08 3.744312808725957162e-09
1.300000000000000000e+01 1.580427042042368880e-08 7.583213370217204845e-10
1.500000000000000000e+01 4.981749579757363398e-09 2.026916405325592380e-10
1.700000000000000000e+01 1.801056652658272646e-09 8.462549461895565774e-11
1.900000000000000000e+01 6.879346425228622100e-10 3.208363475974643025e-11
