5.250000000000000000e+00 8.025017644936886500e-06 6.838965232067448767e-07
5.750000000000000000e+00 3.487093720774354682e-06 3.354695788868087444e-07
6.250000000000000000e+00 1.563483995476460911e-06 1.313925456719299103e-07
6.750000000000000000e+00 7.912416379313590928e-07 6.309188066221139864e-08
7.250000000000000000e+00 4.660718189141709700e-07 5.535946279959488819e-08
7.750000000000000000e+00 2.709052619543590593e-07 2.382739971072742635e-08
8.250000000000000000e+00 1.839457889084382535e-07 2.087733494768277825e-08
8.750000000000000000e+00 1.125396343324914640e-07 9.167540866986780702e-09
9.250000000000000000e+00 6.162485496709659590e-08 4.330272413893067197e-09
9.750000000000000000e+00 6.158274789915712974e-08 6.031515872044037615e-09
1.100000000000000000e+01 2.050809062157112651e-08 1.148138755377291826e-09
1.300000000000000000e+01 5.948200823642453977e-09 2.949710542477687350e-10
1.500000000000000000e+01 1.885634526253912778e-09 1.448513308010582760e-10
1.700000000000000000e+01 6.014327983979063776e-10 3.457966805245107742e-11
1.900000000000000000e+01 2.400813359923591342e-10 1.757238302339554307e-11
