5.250000000000000000e+00 9.205652221119302068e-06 6.148901392503225321e-07
5.750000000000000000e+00 4.150620451118514607e-06 3.874779410804686808e-07
6.250000000000000000e+00 2.079193282506345621e-06 2.129000587049885454e-07
6.750000000000000000e+00 1.087192246618641714e-06 9.211850218317623426e-08
7.250000000000000000e+00 7.193229797764602450e-07 7.159048165628462712e-08
7.750000000000000000e+00 3.650762920191590183e-07 3.130943163972631961e-08
8.250000000000000000e+00 2.330013831003271047e-07 2.707953117167431272e-08
8.750000000000000000e+00 1.743436818156868753e-07 1.943016553583674384e-08
9.250000000000000000e+00 9.581215072538069838e-08 6.947145575341921495e-09
9.750000000000000000e+00 8.213488378389748012e-08 1.548668973798329033e-08
1.100000000000000000e+01 2.912951907455318541e-08 1.579689173895704470e-09
1.300000000000000000e+01 7.698361443472361193e-09 3.596341805792921467e-10
1.500000000000000000e+01 2.412828039763474514e-09 1.044031291022587164e-10
1.700000000000000000e+01 8.206861258058850456e-10 4.727967688919598860e-11
1.900000000000000000e+01 3.175469290188552550e-10 2.023294228569399828e-11
