5.250000000000000000e+00 1.745469043803174529e-05 9.575836476740080682e-07
5.750000000000000000e+00 8.226687472223325978e-06 4.857081390972090466e-07
6.250000000000000000e+00 4.943125181355328543e-06 4.178311414748176988e-07
6.750000000000000000e+00 2.224845928496233001e-06 1.797233423501365243e-07
7.250000000000000000e+00 1.330833522540665660e-06 8.380084441524771187e-08
7.750000000000000000e+00 8.941562364123073811e-07 6.904405220213302697e-08
8.250000000000000000e+00 4.444512312193456450e-07 1.828473805427701147e-08
8.750000000000000000e+00 3.171930057435555826e-07 2.188741349991177672e-08
9.250000000000000000e+00 2.052073683771100305e-07 1.153899218922641006e-08
9.750000000000000000e+00 1.280043325015096255e-07 6.194112973658996239e-09
1.100000000000000000e+01 6.387134840496984856e-08 2.306452979948970888e-09
1.300000000000000000e+01 1.784303806049640854e-08 8.785390502545147426e-10
1.500000000000000000e+01 5.486716710150196434e-09 4.632869763596587729e-10
1.700000000000000000e+01 1.584009085153945085e-09 5.288755466082391662e-11
1.900000000000000000e+01 6.779340430839783674e-10 3.860122230858555870e-11
