5.250000000000000000e+00 6.735543727349141099e-06 6.400261531555497813e-07
5.750000000000000000e+00 2.626324394715306969e-06 2.918969998929408950e-07
6.250000000000000000e+00 1.178186592430421343e-06 1.753373481199696922e-07
6.750000000000000000e+00 6.352387648355102078e-07 1.465324979573902571e-07
7.250000000000000000e+00 3.094701591011007132e-07 2.656569504622902324e-08
7.750000000000000000e+00 2.227769662380293535e-07 2.778079007316012326e-08
8.250000000000000000e+00 1.202880901412129196e-07 8.510802849215214146e-09
8.750000000000000000e+00 8.042744939011945708e-08 5.969046209069138968e-09
9.250000000000000000e+00 5.263498683819199123e-08 5.015007639247954546e-09
9.750000000000000000e+00 3.433718301526108571e-08 2.226713353287201164e-09
1.100000000000000000e+01 1.860314442486029219e-08 2.792308868552280878e-09
1.300000000000000000e+01 4.206036495935295480e-09 1.682773953237059026e-10
1.500000000000000000e+01 1.501503440686798815e-09 1.292578870330795761e-10
1.700000000000000000e+01 5.008285528140650001e-10 2.810806069682899877e-11
1.900000000000000000e+01 1.983041295579063898e-10 1.103630944476328629e-11
