5.250000000000000000e+00 4.754723681427330889e-06 5.330626509255851560e-07
5.750000000000000000e+00 2.078424299888277552e-06 2.757707822804031284e-07
6.250000000000000000e+00 1.004486324272417254e-06 1.734962731339215651e-07
6.750000000000000000e+00 4.400630756977227128e-07 4.043564707814434362e-08
7.250000000000000000e+00 2.510575967650473453e-07 2.917504393626988194e-08
7.750000000000000000e+00 1.636979105978461035e-07 2.565247852565541930e-08
8.250000000000000000e+00 1.010014336295195332e-07 9.093219903077227401e-09
8.750000000000000000e+00 5.914256656815846955e-08 6.059346126470259538e-09
9.250000000000000000e+00 4.216750132463490009e-08 3.942101098406977323e-09
9.750000000000000000e+00 3.735402674269735435e-08 5.356713991355307716e-09
1.100000000000000000e+01 1.127933275786001144e-08 4.304524375217812153e-10
1.300000000000000000e+01 2.957884242784284971e-09 1.369037906654928499e-10
1.500000000000000000e+01 1.043368954564622877e-09 1.231951157539775349e-10
1.700000000000000000e+01 3.459011155302795054e-10 2.193588240296297247e-11
1.900000000000000000e+01 1.382607475865731279e-10 1.112714100030745467e-11
