5.250000000000000000e+00 3.319044022811855213e-05 1.242012443348487417e-06
5.750000000000000000e+00 1.675407905462460788e-05 7.479712155865026132e-07
6.250000000000000000e+00 8.582232832853989898e-06 4.658297208739339457e-07
6.750000000000000000e+00 4.453851412742621918e-06 1.968387865816608050e-07
7.250000000000000000e+00 2.670672839166712972e-06 1.324688091077794255e-07
7.750000000000000000e+00 1.605437465273094616e-06 9.184003722232641118e-08
8.250000000000000000e+00 1.011228059386323028e-06 6.427639482390500297e-08
8.750000000000000000e+00 6.206314268359401019e-07 3.726244939942198677e-08
9.250000000000000000e+00 4.506677078450419882e-07 3.329408077752419200e-08
9.750000000000000000e+00 2.887528732281150063e-07 2.291655014069955578e-08
1.100000000000000000e+01 1.107117274764519512e-07 4.365628060259549828e-09
1.300000000000000000e+01 2.785162400639412212e-08 1.001104457531401886e-09
1.500000000000000000e+01 8.351702953186969453e-09 2.831973753961411948e-10
1.700000000000000000e+01 2.701249176670927687e-09 1.402982890651242242e-10
1.900000000000000000e+01 9.765469010238714938e-10 4.848397396046872524e-11
