5.250000000000000000e+00 9.994747248532503855e-06 8.821719333846223501e-07
5.750000000000000000e+00 3.784120822073521027e-06 3.964413475665195481e-07
6.250000000000000000e+00 2.271479829973317272e-06 2.933898859167465796e-07
6.750000000000000000e+00 1.150068346888120990e-06 1.907015171016094147e-07
7.250000000000000000e+00 5.580149535794403359e-07 5.610121917244105940e-08
7.750000000000000000e+00 3.441077092478124356e-07 3.368744814547563199e-08
8.250000000000000000e+00 1.941837399189717398e-07 2.184584653061539533e-08
8.750000000000000000e+00 1.256534877903466569e-07 1.027342519418125948e-08
9.250000000000000000e+00 7.286433479836002910e-08 5.689055930904780559e-09
9.750000000000000000e+00 5.251938144690787179e-08 4.357236522709724104e-09
1.100000000000000000e+01 2.311474928662716626e-08 1.375063421218909300e-09
1.300000000000000000e+01 5.942549631516184555e-09 2.755123400458874250e-10
1.500000000000000000e+01 1.804959534286193420e-09 9.295100454858584372e-11
1.700000000000000000e+01 7.147663030262408533e-10 4.944503499306446968e-11
1.900000000000000000e+01 2.586290840175846489e-10 1.734817921240359837e-11
