5.250000000000000000e+00 7.849871318411090861e-06 6.252814916371791120e-07
5.750000000000000000e+00 3.395254547087864735e-06 2.054489131258085374e-07
6.250000000000000000e+00 1.629066760670158401e-06 1.066096905906664087e-07
6.750000000000000000e+00 9.752325681507851819e-07 7.296620261056017955e-08
7.250000000000000000e+00 5.717979894798061366e-07 4.118291956705715467e-08
7.750000000000000000e+00 3.180814026465321525e-07 2.064097029105733531e-08
8.250000000000000000e+00 2.137316103132529398e-07 2.153841211413136635e-08
8.750000000000000000e+00 1.723218241056871294e-07 2.427873805423432624e-08
9.250000000000000000e+00 9.546970473058683361e-08 6.282753816694704249e-09
9.750000000000000000e+00 8.039967148837941418e-08 1.311628747642440835e-08
1.100000000000000000e+01 2.799188038073905150e-08 1.197608764614783790e-09
1.300000000000000000e+01 7.552442833418809045e-09 3.392668390188184100e-10
1.500000000000000000e+01 2.219881407190407291e-09 7.622452812485562333e-11
1.700000000000000000e+01 8.486679395085269700e-10 3.416826691705672394e-11
1.900000000000000000e+01 3.747912077671680236e-10 3.193898919274260139e-11
