5.250000000000000000e+00 1.860380047368643126e-05 9.390250360636130256e-07
5.750000000000000000e+00 9.920342750486687325e-06 6.398058773188381657e-07
6.250000000000000000e+00 4.803146312424360206e-06 3.625323474594192305e-07
6.750000000000000000e+00 2.881458080681500520e-06 2.729238208706010813e-07
7.250000000000000000e+00 1.581096541688159255e-06 1.134488024938376472e-07
7.750000000000000000e+00 1.002499157715492274e-06 9.070379891449090056e-08
8.250000000000000000e+00 5.072924729601591791e-07 3.237814462623328230e-08
8.750000000000000000e+00 3.597032216687056278e-07 2.530009798378018565e-08
9.250000000000000000e+00 2.124243613770105890e-07 1.118582782611615963e-08
9.750000000000000000e+00 1.526311975702510470e-07 1.449090207286275918e-08
1.100000000000000000e+01 6.440324780075341658e-08 3.609945170990939336e-09
1.300000000000000000e+01 1.526891808452920260e-08 5.384449232736428067e-10
1.500000000000000000e+01 4.962468435158555515e-09 2.269907538157001708e-10
1.700000000000000000e+01 1.536179659925247170e-09 6.697364981178354585e-11
1.900000000000000000e+01 6.488968138460954335e-10 3.221167474675022399e-11
