5.250000000000000000e+00 1.647777649290123615e-05 9.394812319561386899e-07
5.750000000000000000e+00 7.685611503055540437e-06 5.123385934907451332e-07
6.250000000000000000e+00 3.645270167537076858e-06 3.026683510566445311e-07
6.750000000000000000e+00 1.909714812328410824e-06 1.721979313872749570e-07
7.250000000000000000e+00 9.929029234865195973e-07 5.877178377013744219e-08
7.750000000000000000e+00 5.196721567341476816e-07 2.987568006907832896e-08
8.250000000000000000e+00 4.007166779429937537e-07 4.243341128299648255e-08
8.750000000000000000e+00 2.526010228870683039e-07 2.304679026606850748e-08
9.250000000000000000e+00 1.936634146276495856e-07 2.151884139710102781e-08
9.750000000000000000e+00 9.838017692576328461e-08 6.217928534005141234e-09
1.100000000000000000e+01 4.223456245599364251e-08 1.365387549753549831e-09
1.300000000000000000e+01 1.202930169116176700e-08 6.383390495226914513e-10
1.500000000000000000e+01 3.459527166508328310e-09 1.852362014007140987e-10
1.700000000000000000e+01 1.207698049916854778e-09 6.432993707875290143e-11
1.900000000000000000e+01 4.759910263767626616e-10 2.284896098549159959e-11
