5.250000000000000000e+00 1.195844051873343604e-05 7.594430828428014745e-07
5.750000000000000000e+00 6.288025774997916920e-06 5.072356279004035934e-07
6.250000000000000000e+00 2.979715162960947208e-06 2.484796861209030854e-07
6.750000000000000000e+00 1.668054466057773535e-06 1.145162700987468938e-07
7.250000000000000000e+00 1.098758915619565116e-06 8.573469876171416011e-08
7.750000000000000000e+00 5.860153210557645960e-07 5.303119928631735323e-08
8.250000000000000000e+00 3.584967313008259094e-07 2.760647347980529150e-08
8.750000000000000000e+00 2.541524854207272974e-07 2.521609257920055542e-08
9.250000000000000000e+00 1.456600323276583958e-07 9.278764821658782387e-09
9.750000000000000000e+00 9.272184835584844670e-08 6.659865546119509534e-09
1.100000000000000000e+01 4.182451722066018304e-08 1.456912072298989079e-09
1.300000000000000000e+01 1.302749588941387722e-08 1.024980603050306156e-09
1.500000000000000000e+01 3.488897927695895331e-09 1.382881671055480167e-10
1.700000000000000000e+01 1.274740749901000042e-09 6.074642623335763048e-11
1.900000000000000000e+01 4.934167973070015896e-10 2.404710607931460746e-11
