5.250000000000000000e+00 4.285169459050560594e-06 5.855362287746992613e-07
5.750000000000000000e+00 1.402805689024268690e-06 2.350203728590999860e-07
6.250000000000000000e+00 6.382811664321485498e-07 9.370840621344224234e-08
6.750000000000000000e+00 3.138725300761219079e-07 3.619572789444313922e-08
7.250000000000000000e+00 1.619867676992242240e-07 2.926592436595174502e-08
7.750000000000000000e+00 8.008408240485164998e-08 6.514583632053350859e-09
8.250000000000000000e+00 5.896145595251013908e-08 6.001429536481439244e-09
8.750000000000000000e+00 3.424408315657107116e-08 2.753624024754550997e-09
9.250000000000000000e+00 2.446992382343736751e-08 3.359778040001587886e-09
9.750000000000000000e+00 1.378462370403318031e-08 1.092337728066237010e-09
1.100000000000000000e+01 8.151640868404556509e-09 7.590377669243906840e-10
1.300000000000000000e+01 1.916686015635722274e-09 1.666330789156045692e-10
1.500000000000000000e+01 6.881876476337263536e-10 5.795771118746304032e-11
1.700000000000000000e+01 2.106800237638449538e-10 1.729248519540795127e-11
1.900000000000000000e+01 9.945343152434932462e-11 9.861957272059125897e-12
