5.250000000000000000e+00 9.590402755396377165e-06 6.344109727138124588e-07
5.750000000000000000e+00 4.839144788048734269e-06 4.290896230168091522e-07
6.250000000000000000e+00 1.963044140840054365e-06 1.103176391569632351e-07
6.750000000000000000e+00 1.345262728716796086e-06 1.022428973662792360e-07
7.250000000000000000e+00 6.839041018370218415e-07 5.181788179703013033e-08
7.750000000000000000e+00 4.455625012467757375e-07 3.303118323870291259e-08
8.250000000000000000e+00 2.891911206013531557e-07 2.815518572239212424e-08
8.750000000000000000e+00 2.155680476394292219e-07 2.280191186546616698e-08
9.250000000000000000e+00 1.296439875543035473e-07 1.565437097019452017e-08
9.750000000000000000e+00 8.301483656331511232e-08 6.065784988000936705e-09
1.100000000000000000e+01 3.472450258138443120e-08 1.418899597831127065e-09
1.300000000000000000e+01 9.337843630549221379e-09 3.501349690109819885e-10
1.500000000000000000e+01 2.776970665329744117e-09 9.967234569242528441e-11
1.700000000000000000e+01 1.024953317354529748e-09 4.236650931916486621e-11
1.900000000000000000e+01 3.789684384530118998e-10 1.851390106991338845e-11
