5.250000000000000000e+00 1.643676742893271532e-05 1.020778120627758427e-06
5.750000000000000000e+00 7.698940046896244601e-06 6.697436478048273684e-07
6.250000000000000000e+00 4.215995613867506608e-06 4.767749363147800075e-07
6.750000000000000000e+00 1.828410743856205514e-06 1.533825151381769664e-07
7.250000000000000000e+00 9.304911501513575932e-07 8.247864438821299992e-08
7.750000000000000000e+00 6.246073303888512617e-07 5.893199993955166038e-08
8.250000000000000000e+00 3.550272720172872814e-07 3.273340898948150585e-08
8.750000000000000000e+00 2.590871177045716373e-07 2.427163698254063328e-08
9.250000000000000000e+00 1.589644183570340231e-07 1.989069575614632984e-08
9.750000000000000000e+00 9.080115049944110078e-08 6.007992351741590705e-09
1.100000000000000000e+01 4.072185775840081895e-08 1.917191257795376624e-09
1.300000000000000000e+01 1.213270588933998852e-08 1.085521404152725251e-09
1.500000000000000000e+01 3.124716232612954262e-09 1.712271114413093669e-10
1.700000000000000000e+01 1.109597314799823849e-09 6.630072354112801524e-11
1.900000000000000000e+01 4.230455628043901446e-10 2.759820477563946111e-11
