5.250000000000000000e+00 5.407271878019927868e-06 4.708834473688492870e-07
5.750000000000000000e+00 3.641772316294220669e-06 4.656866152704743350e-07
6.250000000000000000e+00 1.319925468742696182e-06 9.842851549452520606e-08
6.750000000000000000e+00 6.224510416955467521e-07 3.400412156650479381e-08
7.250000000000000000e+00 3.923512632245998568e-07 2.674508487264245496e-08
7.750000000000000000e+00 2.240732286416306644e-07 1.157949993511031591e-08
8.250000000000000000e+00 1.753247977844662446e-07 1.170232839523353546e-08
8.750000000000000000e+00 9.979683340323303216e-08 5.961357181976608074e-09
9.250000000000000000e+00 8.567214829348365021e-08 7.078653337245318723e-09
9.750000000000000000e+00 5.606312735746052447e-08 4.602157540403948234e-09
1.100000000000000000e+01 2.254050790954589268e-08 1.106490001353205207e-09
1.300000000000000000e+01 6.019605430657971481e-09 2.149194017180466962e-10
1.500000000000000000e+01 2.055649067053083685e-09 9.737751860692111031e-11
1.700000000000000000e+01 6.968455050167342380e-10 4.513288836039120947e-11
1.900000000000000000e+01 2.885913759741417668e-10 1.516243786593731081e-11
