5.250000000000000000e+00 8.884714952832839069e-06 5.937377593736629650e-07
5.750000000000000000e+00 4.253928786803583617e-06 3.481995683079246690e-07
6.250000000000000000e+00 2.698204740193877050e-06 3.278921792797820992e-07
6.750000000000000000e+00 1.013111816618879932e-06 7.569253715413826757e-08
7.250000000000000000e+00 6.659929239712793517e-07 4.202449864854773614e-08
7.750000000000000000e+00 4.220960270049197148e-07 3.953317352619387326e-08
8.250000000000000000e+00 2.824718250362526034e-07 4.113450801350556918e-08
8.750000000000000000e+00 1.620639223583857242e-07 1.010106969884590236e-08
9.250000000000000000e+00 1.083297742920272797e-07 7.533716463619419206e-09
9.750000000000000000e+00 7.126770059323585346e-08 4.431447249189796015e-09
1.100000000000000000e+01 3.440323702213339429e-08 1.470443256507114871e-09
1.300000000000000000e+01 8.927086690597829043e-09 3.123783004919479228e-10
1.500000000000000000e+01 2.720399345934762185e-09 9.610028711815706418e-11
1.700000000000000000e+01 9.812478366172244039e-10 4.775462593511460027e-11
1.900000000000000000e+01 4.057861038073296037e-10 3.247445064843752771e-11
