5.250000000000000000e+00 6.675719261525198310e-06 5.462887587174994259e-07
5.750000000000000000e+00 3.094927253688674078e-06 3.129767788973488213e-07
6.250000000000000000e+00 1.384585697612949192e-06 1.034386194181146914e-07
6.750000000000000000e+00 8.926032144785777951e-07 8.355144537015111271e-08
7.250000000000000000e+00 4.854495590232180575e-07 4.782208184228894635e-08
7.750000000000000000e+00 3.312131334755085689e-07 3.978763790646885088e-08
8.250000000000000000e+00 1.704026780192973864e-07 1.924822224374850997e-08
8.750000000000000000e+00 1.216966340346369013e-07 1.737062950241960572e-08
9.250000000000000000e+00 7.321065315426187012e-08 4.952308069303146365e-09
9.750000000000000000e+00 5.312937900180117307e-08 4.930105675957051602e-09
1.100000000000000000e+01 2.255321046633788774e-08 1.234494253366742609e-09
1.300000000000000000e+01 6.701037919468622577e-09 6.646418055418457653e-10
1.500000000000000000e+01 2.105192379250318870e-09 1.095778668279558686e-10
1.700000000000000000e+01 7.268666558210782759e-10 3.534514842338684857e-11
1.900000000000000000e+01 3.156980939849579832e-10 3.820339749506570077e-11
