5.250000000000000000e+00 1.031745285454767221e-05 6.461156330997757222e-07
5.750000000000000000e+00 5.131383448922015482e-06 4.367792708845580650e-07
6.250000000000000000e+00 2.327769594216455459e-06 1.966293721141012204e-07
6.750000000000000000e+00 1.152814077036390365e-06 8.340105755926353726e-08
7.250000000000000000e+00 6.586686532187132693e-07 4.950464862303997386e-08
7.750000000000000000e+00 4.665198194185529165e-07 3.950267211111408089e-08
8.250000000000000000e+00 3.224741287564769136e-07 3.312879520413569060e-08
8.750000000000000000e+00 2.004032031733780289e-07 2.059212851990274272e-08
9.250000000000000000e+00 1.150586623019437699e-07 7.718107573886660379e-09
9.750000000000000000e+00 8.480254886537524382e-08 6.067237398600633150e-09
1.100000000000000000e+01 3.551555262211879454e-08 1.215751082237457918e-09
1.300000000000000000e+01 1.015671341957160368e-08 4.742773950351082510e-10
1.500000000000000000e+01 2.820989175062218811e-09 1.069401268795622800e-10
1.700000000000000000e+01 1.092845990650881054e-09 5.466426040692689344e-11
1.900000000000000000e+01 4.420473186330275748e-10 2.406595581278359389e-11
