5.250000000000000000e+00 4.378083899915002889e-06 4.087501924571295061e-07
5.750000000000000000e+00 2.184280054688897672e-06 3.234133244904342963e-07
6.250000000000000000e+00 1.043455016211031615e-06 1.131412540782071364e-07
6.750000000000000000e+00 4.516817375950565073e-07 4.940872635870672169e-08
7.250000000000000000e+00 3.209086622098699852e-07 5.335005978191746833e-08
7.750000000000000000e+00 1.389891859089212350e-07 1.013665639106871556e-08
8.250000000000000000e+00 9.498876749194844372e-08 7.568460206333331317e-09
8.750000000000000000e+00 8.412291025756862018e-08 2.080683332738991258e-08
9.250000000000000000e+00 3.882115078809016331e-08 3.643057052437072940e-09
9.750000000000000000e+00 2.886682971797905846e-08 4.002455900818238570e-09
1.100000000000000000e+01 1.212817916587754608e-08 5.149083944458185804e-10
1.300000000000000000e+01 3.126496655906304985e-09 1.761622351712716943e-10
1.500000000000000000e+01 1.075581360164891611e-09 5.304185129513631144e-11
1.700000000000000000e+01 3.856742575187063437e-10 2.525292987456353848e-11
1.900000000000000000e+01 1.415481391625396302e-10 9.720594093104522476e-12
