5.250000000000000000e+00 8.615977180877687901e-06 6.401161428018088242e-07
5.750000000000000000e+00 3.711543326962629858e-06 2.751971872673867444e-07
6.250000000000000000e+00 1.696390635009767335e-06 9.907558447050698260e-08
6.750000000000000000e+00 1.279038248097925050e-06 1.785127215617478290e-07
7.250000000000000000e+00 6.658271126536338647e-07 6.137064047252356838e-08
7.750000000000000000e+00 3.745010525062448345e-07 3.004741886315484817e-08
8.250000000000000000e+00 2.278109864360437763e-07 2.031874260121922006e-08
8.750000000000000000e+00 1.585578760685821232e-07 8.670938357073077214e-09
9.250000000000000000e+00 1.084182504666238783e-07 7.782314408620327860e-09
9.750000000000000000e+00 7.627673681938060105e-08 5.799645354102772093e-09
1.100000000000000000e+01 3.645242936066270037e-08 3.563122181996188017e-09
1.300000000000000000e+01 9.146439964821319738e-09 6.003733951020080089e-10
1.500000000000000000e+01 2.802955199833094936e-09 1.173110157979922306e-10
1.700000000000000000e+01 1.020282034355889743e-09 4.214474967629575777e-11
1.900000000000000000e+01 3.800735865753032901e-10 1.953425266022348729e-11
