5.250000000000000000e+00 8.347128171683185333e-06 6.635834193895150672e-07
5.750000000000000000e+00 3.702557623798639032e-06 3.774656003879165571e-07
6.250000000000000000e+00 1.628443579597331183e-06 1.153337364983623439e-07
6.750000000000000000e+00 9.077061949744317095e-07 8.705039839202193884e-08
7.250000000000000000e+00 4.507631309431915879e-07 2.914641649787686938e-08
7.750000000000000000e+00 3.046532406255312561e-07 1.547418560881277536e-08
8.250000000000000000e+00 1.861864359635034054e-07 9.120906065299760988e-09
8.750000000000000000e+00 1.316020844090786678e-07 8.980664584237481273e-09
9.250000000000000000e+00 7.561672917731883444e-08 3.317845277291180507e-09
9.750000000000000000e+00 5.593570755002222864e-08 2.841082744410211540e-09
1.100000000000000000e+01 2.715688379008140526e-08 1.372073315829653656e-09
1.300000000000000000e+01 7.263015641767854153e-09 2.526966758044485426e-10
1.500000000000000000e+01 2.573980554077810176e-09 1.129328329827944543e-10
1.700000000000000000e+01 8.239803985841749217e-10 3.884054132727513440e-11
1.900000000000000000e+01 3.433269480652085227e-10 1.782127097426081457e-11
