5.250000000000000000e+00 6.948418172719391539e-06 5.229877839297332784e-07
5.750000000000000000e+00 3.341285975216264176e-06 2.755534937453215693e-07
6.250000000000000000e+00 1.186220183817456058e-06 6.269545406511473043e-08
6.750000000000000000e+00 6.919066947656830871e-07 4.610751606378997474e-08
7.250000000000000000e+00 4.311776048432436040e-07 3.917066822935600196e-08
7.750000000000000000e+00 3.201251334498263978e-07 3.140507973813093139e-08
8.250000000000000000e+00 1.808889804788508924e-07 1.378151030692209221e-08
8.750000000000000000e+00 1.371204318543466546e-07 2.729742343040942462e-08
9.250000000000000000e+00 7.699651674892729084e-08 6.426830056550908808e-09
9.750000000000000000e+00 4.617051811507965201e-08 3.676830360245659780e-09
1.100000000000000000e+01 2.607223324513595221e-08 2.552407197769165248e-09
1.300000000000000000e+01 6.916151153773030406e-09 5.948773051059413703e-10
1.500000000000000000e+01 1.935888049759772916e-09 8.591669489958228744e-11
1.700000000000000000e+01 8.500892302123771649e-10 1.207353293704852522e-10
1.900000000000000000e+01 2.476202757205461271e-10 1.757992640119735538e-11
