5.250000000000000000e+00 8.386417280638926988e-06 7.546940154947678755e-07
5.750000000000000000e+00 3.394421459079582639e-06 3.985114317094946382e-07
6.250000000000000000e+00 1.386272819450113672e-06 1.074213592992581149e-07
6.750000000000000000e+00 7.436402348258383918e-07 5.648816094354959281e-08
7.250000000000000000e+00 4.256707442242798437e-07 3.673763060847539763e-08
7.750000000000000000e+00 2.843443698689600198e-07 3.981261392862232348e-08
8.250000000000000000e+00 1.896159003650703829e-07 1.994975303294704119e-08
8.750000000000000000e+00 1.120506614703054517e-07 7.398739914151370766e-09
9.250000000000000000e+00 6.930128052106117451e-08 5.041290911932227934e-09
9.750000000000000000e+00 4.886406080763578980e-08 4.899374393734567563e-09
1.100000000000000000e+01 2.141251926457640240e-08 7.696707614315831484e-10
1.300000000000000000e+01 6.186847061041439547e-09 2.915884185095510405e-10
1.500000000000000000e+01 2.029127225024394742e-09 1.332700688715872701e-10
1.700000000000000000e+01 7.266208788530984786e-10 6.317064472576657329e-11
1.900000000000000000e+01 2.416468478289359765e-10 1.301661757030288452e-11
