5.250000000000000000e+00 9.633087946388384343e-06 6.635452029676852154e-07
5.750000000000000000e+00 4.822721846420347143e-06 3.546361982145084769e-07
6.250000000000000000e+00 2.157491703787370661e-06 2.325308316635055793e-07
6.750000000000000000e+00 1.734248841469727083e-06 2.838927786776273654e-07
7.250000000000000000e+00 8.536314415880404351e-07 7.785807846336484728e-08
7.750000000000000000e+00 3.884516492570633429e-07 4.169740727894318301e-08
8.250000000000000000e+00 2.773887978721791863e-07 3.125371451943928020e-08
8.750000000000000000e+00 1.642917494904595148e-07 9.862947059843140788e-09
9.250000000000000000e+00 1.005682563912187168e-07 5.529344263250194261e-09
9.750000000000000000e+00 6.499088998745178998e-08 3.909638468545296355e-09
1.100000000000000000e+01 3.374170646588674007e-08 1.607314653332408497e-09
1.300000000000000000e+01 8.787992590262098924e-09 3.558750814232350388e-10
1.500000000000000000e+01 2.748380267983318507e-09 1.477508335326902166e-10
1.700000000000000000e+01 9.956504788599118900e-10 5.074549437046764497e-11
1.900000000000000000e+01 3.697138287423745100e-10 1.842411920953155615e-11
