5.250000000000000000e+00 1.022111713835031544e-05 8.028020702382849333e-07
5.750000000000000000e+00 4.099091667912718459e-06 3.651587831974357051e-07
6.250000000000000000e+00 2.346450952695948802e-06 2.480073883195414950e-07
6.750000000000000000e+00 1.184855544664293813e-06 1.123210530974503307e-07
7.250000000000000000e+00 6.524972880550265511e-07 5.486925666233097637e-08
7.750000000000000000e+00 4.866073491111618575e-07 5.804394015468143870e-08
8.250000000000000000e+00 2.304363614540908943e-07 2.232257779625313175e-08
8.750000000000000000e+00 1.401905241673636071e-07 9.590067643229739507e-09
9.250000000000000000e+00 1.056885867702732281e-07 1.752597141206885470e-08
9.750000000000000000e+00 6.457776342472677603e-08 4.522507676300982235e-09
1.100000000000000000e+01 2.811135337618077133e-08 1.100444797580967639e-09
1.300000000000000000e+01 7.961042953506789766e-09 3.111689647804875267e-10
1.500000000000000000e+01 2.475187206154258031e-09 9.720187709863150617e-11
1.700000000000000000e+01 8.600243972582540769e-10 3.647731984844472135e-11
1.900000000000000000e+01 3.613287221530844613e-10 2.174678280258059021e-11
