5.250000000000000000e+00 5.006594989645407751e-06 3.920912105993404570e-07
5.750000000000000000e+00 2.374829468480171827e-06 1.758336030108352196e-07
6.250000000000000000e+00 1.129368164597682188e-06 7.664527748539162960e-08
6.750000000000000000e+00 9.175529828753015320e-07 1.696514982070483844e-07
7.250000000000000000e+00 4.650196813301672210e-07 4.430149536424995194e-08
7.750000000000000000e+00 2.350173097526702495e-07 1.330567002364356073e-08
8.250000000000000000e+00 1.627815268893952446e-07 1.965498768087634262e-08
8.750000000000000000e+00 1.060411864949808712e-07 7.596217689842821523e-09
9.250000000000000000e+00 6.925822256302174966e-08 5.335958208169258572e-09
9.750000000000000000e+00 4.632350214214088194e-08 3.606066202972832286e-09
1.100000000000000000e+01 2.036263418072329131e-08 7.135329286310390811e-10
1.300000000000000000e+01 5.782740705468932377e-09 2.227862874281255718e-10
1.500000000000000000e+01 1.917608236047216089e-09 1.674980877655846122e-10
1.700000000000000000e+01 6.948940492526007661e-10 3.112719560938361116e-11
1.900000000000000000e+01 2.490783671539615006e-10 1.226733235632861966e-11
