5.250000000000000000e+00 6.080962101847151052e-06 5.797540584477187889e-07
5.750000000000000000e+00 2.437669763295730625e-06 2.713525851823753634e-07
6.250000000000000000e+00 1.185118357369059120e-06 1.703640900827050232e-07
6.750000000000000000e+00 7.158212524530191628e-07 8.316980502172919129e-08
7.250000000000000000e+00 3.252275898747199102e-07 3.258567694215315313e-08
7.750000000000000000e+00 2.535822766622000573e-07 3.849400055788369940e-08
8.250000000000000000e+00 1.146421636464638808e-07 6.387966621886950821e-09
8.750000000000000000e+00 7.947437567981933726e-08 4.516926327562814918e-09
9.250000000000000000e+00 6.060034899991707887e-08 5.331465732059209679e-09
9.750000000000000000e+00 4.053451431078987728e-08 3.315728815224427211e-09
1.100000000000000000e+01 1.810081436235566693e-08 8.404062566998493983e-10
1.300000000000000000e+01 5.051232301293619952e-09 1.804990809909348272e-10
1.500000000000000000e+01 1.501035954719419811e-09 5.740791624877432135e-11
1.700000000000000000e+01 5.922006643021462299e-10 2.740213800366017108e-11
1.900000000000000000e+01 2.425637620968663401e-10 1.247417862544083646e-11
