5.250000000000000000e+00 1.203093851487983010e-05 7.654913980499409003e-07
5.750000000000000000e+00 5.282817452119427246e-06 4.229177299896405245e-07
6.250000000000000000e+00 2.782177570307663088e-06 1.572245731513403490e-07
6.750000000000000000e+00 1.470308948206504923e-06 1.708939183661978486e-07
7.250000000000000000e+00 8.782475867987503198e-07 5.882250618584872789e-08
7.750000000000000000e+00 5.322877444806919182e-07 3.530307140024829461e-08
8.250000000000000000e+00 4.172725348451182928e-07 4.816849681052721446e-08
8.750000000000000000e+00 2.151371239684957502e-07 2.064753451341286880e-08
9.250000000000000000e+00 1.508261296743046071e-07 1.465675811927815966e-08
9.750000000000000000e+00 8.766528780487626967e-08 4.680375423624868182e-09
1.100000000000000000e+01 3.923461964629413387e-08 1.427009395297465636e-09
1.300000000000000000e+01 1.102491469282143422e-08 5.681952776158591212e-10
1.500000000000000000e+01 3.384082244744208596e-09 1.682290419939579366e-10
1.700000000000000000e+01 1.227984195360124150e-09 7.046833764211891238e-11
1.900000000000000000e+01 4.431812748622098634e-10 2.218257366902276196e-11
