5.250000000000000000e+00 9.534804272478701517e-06 7.143231821926785105e-07
5.750000000000000000e+00 3.863024244999009684e-06 2.175630555124788238e-07
6.250000000000000000e+00 2.194305531383714555e-06 2.173538806102406683e-07
6.750000000000000000e+00 1.298944796121987187e-06 1.809338450244535940e-07
7.250000000000000000e+00 6.318362757139791183e-07 4.105486224212156387e-08
7.750000000000000000e+00 3.668443053011014925e-07 2.441147523058853550e-08
8.250000000000000000e+00 2.987171761899150477e-07 3.621659346254473290e-08
8.750000000000000000e+00 1.658648565784579278e-07 1.796646022327046138e-08
9.250000000000000000e+00 1.119815091143938199e-07 1.624000936748044128e-08
9.750000000000000000e+00 6.012726375837436019e-08 2.957177480468370612e-09
1.100000000000000000e+01 3.207058975490057251e-08 1.466991630336112372e-09
1.300000000000000000e+01 8.061374860476807984e-09 3.090147053084814704e-10
1.500000000000000000e+01 2.854825648963048052e-09 1.638751610721219281e-10
1.700000000000000000e+01 9.699843352361221913e-10 5.306751295005804927e-11
1.900000000000000000e+01 3.340415588588570275e-10 1.685902831952892176e-11
