5.250000000000000000e+00 7.925425920946580884e-06 5.942631569312908506e-07
5.750000000000000000e+00 3.721846953013197677e-06 3.412128070592936704e-07
6.250000000000000000e+00 2.314674329595703442e-06 2.916202723525850817e-07
6.750000000000000000e+00 1.226041694515598527e-06 1.594944524942893426e-07
7.250000000000000000e+00 5.850289799565543011e-07 3.195368327000375366e-08
7.750000000000000000e+00 3.619997459516596352e-07 2.176221366307574954e-08
8.250000000000000000e+00 2.429580390322449363e-07 1.863976272127613979e-08
8.750000000000000000e+00 1.610326288446372575e-07 9.053470212450753420e-09
9.250000000000000000e+00 1.113763839538523952e-07 7.040027251189488295e-09
9.750000000000000000e+00 6.878588198871644921e-08 4.228994703569438346e-09
1.100000000000000000e+01 3.422972263930771241e-08 2.943962871346662446e-09
1.300000000000000000e+01 8.542462757524110059e-09 2.612417379017798269e-10
1.500000000000000000e+01 2.882549308251205939e-09 1.497156979873096656e-10
1.700000000000000000e+01 1.050177169995164503e-09 4.145258848722397685e-11
1.900000000000000000e+01 3.818761743543597853e-10 1.755865452778237052e-11
