5.250000000000000000e+00 7.881567334307929871e-06 6.549276341472476209e-07
5.750000000000000000e+00 3.610104882298595725e-06 4.197136749882711160e-07
6.250000000000000000e+00 2.217599338322083947e-06 3.749626210606419431e-07
6.750000000000000000e+00 8.703940079816002550e-07 6.582166451550208529e-08
7.250000000000000000e+00 4.895126676827951981e-07 4.231541177995080390e-08
7.750000000000000000e+00 2.847560305042407933e-07 2.240091072055619546e-08
8.250000000000000000e+00 2.058705297786559642e-07 2.311423207469526186e-08
8.750000000000000000e+00 1.223749249267309104e-07 1.562750032971552440e-08
9.250000000000000000e+00 9.213232259760048238e-08 1.400287199824172036e-08
9.750000000000000000e+00 6.501464147163827971e-08 1.301111489601638261e-08
1.100000000000000000e+01 2.447667832879958319e-08 1.492210148454760447e-09
1.300000000000000000e+01 6.469298811121604651e-09 2.938437587410282021e-10
1.500000000000000000e+01 2.106003168230337887e-09 1.571024056524779649e-10
1.700000000000000000e+01 7.109962622517794072e-10 3.314526096497813035e-11
1.900000000000000000e+01 2.535487397219299916e-10 1.398548832255880973e-11
