5.250000000000000000e+00 1.161109244412717671e-05 7.367561347344156746e-07
5.750000000000000000e+00 5.059445419420982903e-06 4.085504305749955714e-07
6.250000000000000000e+00 2.562303419621015999e-06 1.613371915486075851e-07
6.750000000000000000e+00 1.228937120117703884e-06 8.432433310109176578e-08
7.250000000000000000e+00 8.419831804977460148e-07 6.269864962500349141e-08
7.750000000000000000e+00 5.042929100707187733e-07 4.246873372395798029e-08
8.250000000000000000e+00 4.030779268053670533e-07 5.552936441807238511e-08
8.750000000000000000e+00 1.966211415902164548e-07 1.663318187238096960e-08
9.250000000000000000e+00 1.382608877663523808e-07 8.606781013842196126e-09
9.750000000000000000e+00 8.925545040563377378e-08 5.931576809948709384e-09
1.100000000000000000e+01 4.254039998832706299e-08 2.261427409555417674e-09
1.300000000000000000e+01 9.699347255310228593e-09 3.716841712376452807e-10
1.500000000000000000e+01 3.408317505892066339e-09 1.944456697961101437e-10
1.700000000000000000e+01 1.176713964846283936e-09 6.882331688669147804e-11
1.900000000000000000e+01 4.217694510250355075e-10 2.107996372409315550e-11
