5.250000000000000000e+00 9.291382550010855688e-06 6.883304325131521493e-07
5.750000000000000000e+00 4.652220509425373035e-06 3.330554771019589937e-07
6.250000000000000000e+00 2.504526701732331655e-06 2.648775480885946958e-07
6.750000000000000000e+00 1.548000880173303848e-06 2.286022909437100760e-07
7.250000000000000000e+00 7.253266409562319434e-07 4.713140652234641579e-08
7.750000000000000000e+00 4.625319248564861967e-07 3.582737339743887384e-08
8.250000000000000000e+00 2.768209582744992850e-07 1.369863369063798122e-08
8.750000000000000000e+00 1.593649532170451646e-07 8.010902064805918315e-09
9.250000000000000000e+00 1.224233768126615393e-07 1.377774492252948401e-08
9.750000000000000000e+00 8.029014820948270315e-08 5.259020474314269390e-09
1.100000000000000000e+01 3.568486130103629390e-08 1.173585930779304167e-09
1.300000000000000000e+01 9.661816850979148029e-09 2.995178560112614630e-10
1.500000000000000000e+01 3.241288278965589005e-09 1.837078801230351244e-10
1.700000000000000000e+01 1.109379234605205463e-09 3.858511326391905947e-11
1.900000000000000000e+01 4.137863460562762740e-10 1.817898910636575274e-11
