5.250000000000000000e+00 8.143952288578850470e-06 5.615691445244632501e-07
5.750000000000000000e+00 3.498260511825163020e-06 2.463067833316968483e-07
6.250000000000000000e+00 2.066600370239323344e-06 2.046043840754908191e-07
6.750000000000000000e+00 1.149955019233597280e-06 9.532506746271953387e-08
7.250000000000000000e+00 5.993797212489342529e-07 4.181990511747298056e-08
7.750000000000000000e+00 3.390302982307248478e-07 2.427947335864770320e-08
8.250000000000000000e+00 2.461653288090569990e-07 3.454807861444887460e-08
8.750000000000000000e+00 1.666934346303223290e-07 2.226178547849895260e-08
9.250000000000000000e+00 1.014062220187475783e-07 6.774782370697665696e-09
9.750000000000000000e+00 6.933740439746368951e-08 5.077407991218049183e-09
1.100000000000000000e+01 2.933628369237980198e-08 1.154265051171051649e-09
1.300000000000000000e+01 8.367518153152915020e-09 5.593957235824719929e-10
1.500000000000000000e+01 2.394248467316641899e-09 8.953215568024196429e-11
1.700000000000000000e+01 7.918820331116385062e-10 4.202499046734481836e-11
1.900000000000000000e+01 3.365319573582282312e-10 1.766619427831342373e-11
