5.250000000000000000e+00 2.310999795914806361e-05 9.157495706927437846e-07
5.750000000000000000e+00 1.214001172754609453e-05 6.497745738038923875e-07
6.250000000000000000e+00 6.553851453335055763e-06 4.252570712305793622e-07
6.750000000000000000e+00 3.443560790510254566e-06 2.216876523114684948e-07
7.250000000000000000e+00 2.226314507077471300e-06 1.326192952801387990e-07
7.750000000000000000e+00 1.195521175334044041e-06 8.666937378376396337e-08
8.250000000000000000e+00 7.535657503670495838e-07 5.594229981246652359e-08
8.750000000000000000e+00 4.742322399989235847e-07 4.121761636219632635e-08
9.250000000000000000e+00 2.980205966967979518e-07 2.395814676910342340e-08
9.750000000000000000e+00 1.681413255491928540e-07 8.109946639271798190e-09
1.100000000000000000e+01 8.407379038196504231e-08 3.968874390964690786e-09
1.300000000000000000e+01 2.208047810916683380e-08 9.225887792461348450e-10
1.500000000000000000e+01 6.529170095099202752e-09 2.664274715776956229e-10
1.700000000000000000e+01 2.236334006360927407e-09 1.001130274118478890e-10
1.900000000000000000e+01 7.911211023945059897e-10 3.290133326872205356e-11
