5.250000000000000000e+00 1.014644621061924088e-05 7.222481085587027909e-07
5.750000000000000000e+00 5.110396719546546187e-06 4.222186940770053588e-07
6.250000000000000000e+00 2.321184200145805895e-06 2.092122120471455187e-07
6.750000000000000000e+00 1.115052989785685063e-06 7.186312785294134332e-08
7.250000000000000000e+00 7.497941878215833003e-07 7.039025517252091342e-08
7.750000000000000000e+00 3.921337271941598287e-07 3.413107806693450366e-08
8.250000000000000000e+00 2.530876815529161655e-07 2.097504682552069498e-08
8.750000000000000000e+00 1.879964221976931292e-07 2.402618984500466092e-08
9.250000000000000000e+00 9.320621455029782706e-08 6.425855240529474453e-09
9.750000000000000000e+00 7.331603155598816443e-08 5.567299998980855579e-09
1.100000000000000000e+01 2.753549337590376207e-08 9.389735319152084161e-10
1.300000000000000000e+01 8.668277166502595772e-09 6.099075605057988214e-10
1.500000000000000000e+01 2.514152334751994097e-09 1.400489579053765640e-10
1.700000000000000000e+01 7.477458598538934251e-10 3.944988206793110907e-11
1.900000000000000000e+01 2.893487833993253858e-10 1.562413101998487763e-11
