5.250000000000000000e+00 6.497710900353288764e-06 5.448783156017046457e-07
5.750000000000000000e+00 3.411845998070098207e-06 3.842132434894330363e-07
6.250000000000000000e+00 1.533129912946691525e-06 1.393558065588848373e-07
6.750000000000000000e+00 9.371124102194472965e-07 1.609505191838785695e-07
7.250000000000000000e+00 5.195432220095471666e-07 6.242066107710772665e-08
7.750000000000000000e+00 2.588469739810286854e-07 2.331307057497000209e-08
8.250000000000000000e+00 1.621560909437510819e-07 1.106216362017818854e-08
8.750000000000000000e+00 1.116635870313156523e-07 8.691196106071003940e-09
9.250000000000000000e+00 8.728778049030256299e-08 1.692973918247796177e-08
9.750000000000000000e+00 6.061916165844066128e-08 1.532313246868625918e-08
1.100000000000000000e+01 2.317653287481634200e-08 1.304594753149324544e-09
1.300000000000000000e+01 6.008347060941293872e-09 2.644797742209948323e-10
1.500000000000000000e+01 1.788725737803437943e-09 9.143427906734092499e-11
1.700000000000000000e+01 6.569301192321824611e-10 4.636106834387052051e-11
1.900000000000000000e+01 2.615994228053231880e-10 2.148143208961496640e-11
