5.250000000000000000e+00 3.323464052691222577e-06 3.688703267272032078e-07
5.750000000000000000e+00 1.458345367260349772e-06 2.328008788620851483e-07
6.250000000000000000e+00 7.076881587295783242e-07 8.213435867427449071e-08
6.750000000000000000e+00 3.446087650217402456e-07 4.882833783896657022e-08
7.250000000000000000e+00 2.204897877598647132e-07 3.022450456262089122e-08
7.750000000000000000e+00 1.076870460507400643e-07 7.757176609905484153e-09
8.250000000000000000e+00 7.444902810642146050e-08 6.687437139793244030e-09
8.750000000000000000e+00 4.964437484897734892e-08 4.164823793727814981e-09
9.250000000000000000e+00 3.452946747493311159e-08 2.333739852065769224e-09
9.750000000000000000e+00 2.031459073283991122e-08 1.369681821866413742e-09
1.100000000000000000e+01 9.768650503764905035e-09 4.135001020102943025e-10
1.300000000000000000e+01 2.865135776436354663e-09 1.186932435425117270e-10
1.500000000000000000e+01 9.372082661255011685e-10 6.233098556578639444e-11
1.700000000000000000e+01 3.435249812774886122e-10 2.622230609141674840e-11
1.900000000000000000e+01 1.330877443398050646e-10 1.029376318209345439e-11
