5.250000000000000000e+00 7.975585290756662292e-06 5.530984912598021325e-07
5.750000000000000000e+00 3.967618643729622219e-06 3.808202030909092801e-07
6.250000000000000000e+00 2.314444795666289875e-06 2.555840096578316217e-07
6.750000000000000000e+00 1.095831651679820907e-06 8.646159075477035190e-08
7.250000000000000000e+00 7.403113886556546892e-07 7.474461975753477728e-08
7.750000000000000000e+00 4.287353483332387747e-07 4.615884134879831650e-08
8.250000000000000000e+00 2.364197374500003560e-07 1.864431627997093118e-08
8.750000000000000000e+00 1.596694135270120293e-07 1.029494455282090119e-08
9.250000000000000000e+00 1.055603551487071599e-07 7.252055604075253065e-09
9.750000000000000000e+00 6.418122947147518230e-08 2.758783113172574993e-09
1.100000000000000000e+01 3.326509275823079720e-08 1.488615302848279730e-09
1.300000000000000000e+01 8.085925378831104572e-09 2.464117856930263105e-10
1.500000000000000000e+01 2.867633421282791990e-09 1.703067640396058188e-10
1.700000000000000000e+01 9.386125334826175577e-10 4.868448188671539460e-11
1.900000000000000000e+01 3.979356934284827493e-10 2.101535541026126557e-11
