5.250000000000000000e+00 7.697143758319929514e-06 6.274103739615302630e-07
5.750000000000000000e+00 3.859363647329302486e-06 4.368749831656954112e-07
6.250000000000000000e+00 1.578289088870809804e-06 2.180695759220051967e-07
6.750000000000000000e+00 6.705928428138029555e-07 6.260313255033505104e-08
7.250000000000000000e+00 3.218008519616188228e-07 2.146910746938245364e-08
7.750000000000000000e+00 2.133466588317920334e-07 1.260164617395317174e-08
8.250000000000000000e+00 1.349632384853911240e-07 8.378700817825327652e-09
8.750000000000000000e+00 8.655411028047502609e-08 5.391117469901929457e-09
9.250000000000000000e+00 7.463982229847498329e-08 1.289024980133892268e-08
9.750000000000000000e+00 3.824070184574392069e-08 2.398435751935127554e-09
1.100000000000000000e+01 1.869629867038370977e-08 6.931874519354405843e-10
1.300000000000000000e+01 5.247639893723289256e-09 4.755197032220299261e-10
1.500000000000000000e+01 1.832073188942904956e-09 1.598058145057164766e-10
1.700000000000000000e+01 6.392430566867764883e-10 3.591711599252400589e-11
1.900000000000000000e+01 2.313567368041863802e-10 1.571897044102193700e-11
