5.250000000000000000e+00 2.255517977334752815e-05 1.107599457565615390e-06
5.750000000000000000e+00 1.111847049414552306e-05 5.751127773855341212e-07
6.250000000000000000e+00 5.849253882143984851e-06 4.212811989790233145e-07
6.750000000000000000e+00 3.978129843798999423e-06 3.767036626033777005e-07
7.250000000000000000e+00 1.794773982520364754e-06 1.093887296594399622e-07
7.750000000000000000e+00 1.131700835562910847e-06 7.402966058776937645e-08
8.250000000000000000e+00 6.858074174321926042e-07 4.068561154113330766e-08
8.750000000000000000e+00 4.545624418360514058e-07 2.662789058338407907e-08
9.250000000000000000e+00 2.868409212198825520e-07 2.117294724931567113e-08
9.750000000000000000e+00 1.951127772717364478e-07 2.364674744035047459e-08
1.100000000000000000e+01 8.078965705641178283e-08 4.398437977322684425e-09
1.300000000000000000e+01 2.083398099395380310e-08 6.815188584750736484e-10
1.500000000000000000e+01 6.374077556450121587e-09 2.377945528291994029e-10
1.700000000000000000e+01 2.229879783420359168e-09 9.634518491140408509e-11
1.900000000000000000e+01 7.678567037364836592e-10 2.980977839629057288e-11
