5.250000000000000000e+00 9.084049348606364254e-06 8.755135759195784943e-07
5.750000000000000000e+00 3.138389816474332311e-06 3.581905220088523356e-07
6.250000000000000000e+00 1.710883450276311993e-06 2.570301654760583863e-07
6.750000000000000000e+00 6.980104983514859512e-07 6.943150655885691066e-08
7.250000000000000000e+00 4.307771807892186980e-07 3.467900266703769457e-08
7.750000000000000000e+00 2.387023552570085430e-07 2.192537685550524893e-08
8.250000000000000000e+00 1.634503641909083832e-07 1.121739638931273492e-08
8.750000000000000000e+00 1.272617771951466800e-07 1.825390160406370105e-08
9.250000000000000000e+00 6.884311231688406408e-08 6.185651816094711043e-09
9.750000000000000000e+00 4.699346855251978302e-08 3.174919148809405206e-09
1.100000000000000000e+01 2.095251012906890360e-08 9.769592078545562260e-10
1.300000000000000000e+01 6.468412628752775347e-09 3.139261518258324921e-10
1.500000000000000000e+01 1.883869447694520929e-09 9.745863164931436627e-11
1.700000000000000000e+01 6.634896100573648420e-10 4.615197017504696935e-11
1.900000000000000000e+01 2.790370394971325012e-10 3.508224866458108173e-11
