5.250000000000000000e+00 1.064944963147464189e-05 6.735021662285453822e-07
5.750000000000000000e+00 4.384928959501931243e-06 3.145715053782805174e-07
6.250000000000000000e+00 2.361029015759826075e-06 2.281736602791745153e-07
6.750000000000000000e+00 1.259893491630891737e-06 1.013740847284412328e-07
7.250000000000000000e+00 6.736090410864224242e-07 6.094020435888547806e-08
7.750000000000000000e+00 3.857696769919382968e-07 3.274924933055344392e-08
8.250000000000000000e+00 2.390462853929497380e-07 2.078843983149891382e-08
8.750000000000000000e+00 1.704042886181758227e-07 1.592142689033224671e-08
9.250000000000000000e+00 8.883063395620216857e-08 6.011793056174986528e-09
9.750000000000000000e+00 7.371789910254005131e-08 6.722454344183841469e-09
1.100000000000000000e+01 2.945050293084931267e-08 2.534815746058720986e-09
1.300000000000000000e+01 6.756529302627640357e-09 2.991576010141554211e-10
1.500000000000000000e+01 2.324831107779687080e-09 1.128221653537063013e-10
1.700000000000000000e+01 8.354169976320826598e-10 4.493161678807879874e-11
1.900000000000000000e+01 3.606921916982665323e-10 3.306945877451875257e-11
