5.250000000000000000e+00 1.284111285896485568e-05 8.789668129345615913e-07
5.750000000000000000e+00 5.202473435488490721e-06 4.126937677888461559e-07
6.250000000000000000e+00 2.401160156966630902e-06 2.319284485649501651e-07
6.750000000000000000e+00 1.569798549581286014e-06 1.297513729347572456e-07
7.250000000000000000e+00 7.954419064245064564e-07 7.933323592947972490e-08
7.750000000000000000e+00 4.315869647465193198e-07 3.727767223064855320e-08
8.250000000000000000e+00 2.367387799182783233e-07 2.178168028533464866e-08
8.750000000000000000e+00 1.833580162566686102e-07 2.013675035709982942e-08
9.250000000000000000e+00 1.078333671359689362e-07 8.953017495771333382e-09
9.750000000000000000e+00 7.391786362236474369e-08 4.131814576883809789e-09
1.100000000000000000e+01 3.468061599461090641e-08 1.942873695032488296e-09
1.300000000000000000e+01 9.636392593353337897e-09 4.895951140795046243e-10
1.500000000000000000e+01 3.066106242548207295e-09 2.253193162106782715e-10
1.700000000000000000e+01 1.070578669032516226e-09 7.370001439680388723e-11
1.900000000000000000e+01 3.597161631624810339e-10 2.404550481574348628e-11
