5.250000000000000000e+00 1.515841717798209187e-05 7.523556319342948923e-07
5.750000000000000000e+00 8.296668594082892245e-06 5.419326841891669464e-07
6.250000000000000000e+00 4.273132754809430428e-06 3.316272479105104217e-07
6.750000000000000000e+00 2.550890494520269274e-06 2.758760102178997928e-07
7.250000000000000000e+00 1.288284248142808957e-06 8.596778224808068637e-08
7.750000000000000000e+00 7.766842962814728701e-07 6.076615030768680041e-08
8.250000000000000000e+00 5.469447032601273779e-07 4.874847067257326870e-08
8.750000000000000000e+00 3.122222775234453184e-07 2.878455369743369301e-08
9.250000000000000000e+00 2.319881123797686068e-07 2.351700809967391119e-08
9.750000000000000000e+00 1.361880723150860371e-07 1.498780275609271206e-08
1.100000000000000000e+01 5.823797090417286886e-08 3.699693575587084794e-09
1.300000000000000000e+01 1.415128442013276394e-08 4.276628912208477058e-10
1.500000000000000000e+01 4.577156702755504598e-09 1.906320164593083904e-10
1.700000000000000000e+01 1.485399231615965509e-09 7.448057741374871254e-11
1.900000000000000000e+01 6.108478924878411534e-10 3.823810109068175975e-11
