5.250000000000000000e+00 1.338743010848560514e-05 9.959124698803898311e-07
5.750000000000000000e+00 5.085643188943373231e-06 4.524839828134932794e-07
6.250000000000000000e+00 2.774742237259982885e-06 2.972830744245512895e-07
6.750000000000000000e+00 1.639374624901249395e-06 2.391072769862730342e-07
7.250000000000000000e+00 7.817855341878177112e-07 6.296881473640590463e-08
7.750000000000000000e+00 5.118217468027151451e-07 4.554451726258081923e-08
8.250000000000000000e+00 3.516062820109767224e-07 5.207874064739691908e-08
8.750000000000000000e+00 1.620698024194497538e-07 9.581117704069584052e-09
9.250000000000000000e+00 1.199078740118749092e-07 8.279806402695690482e-09
9.750000000000000000e+00 9.003191857096712416e-08 6.412450008292889428e-09
1.100000000000000000e+01 3.863717301347248523e-08 1.752487307677572583e-09
1.300000000000000000e+01 1.050593325881169795e-08 4.807354815984377803e-10
1.500000000000000000e+01 3.070158561454557682e-09 1.233779164238760164e-10
1.700000000000000000e+01 1.207523407791760161e-09 7.727097002452357818e-11
1.900000000000000000e+01 4.209857125620036381e-10 2.458867787612009886e-11
