5.250000000000000000e+00 9.378886816568922100e-06 7.293758163801119644e-07
5.750000000000000000e+00 4.320281891793959995e-06 3.490479103316722752e-07
6.250000000000000000e+00 2.317874786677368528e-06 2.333891593855964438e-07
6.750000000000000000e+00 1.246664859928161093e-06 1.038597192740696908e-07
7.250000000000000000e+00 7.214206405527332584e-07 4.984333928940056289e-08
7.750000000000000000e+00 3.887350270149490050e-07 2.669327968952808306e-08
8.250000000000000000e+00 2.792233444579058413e-07 3.951563846707373841e-08
8.750000000000000000e+00 1.555751176891867058e-07 8.212900891017872705e-09
9.250000000000000000e+00 1.329063132430197707e-07 1.045346564968296788e-08
9.750000000000000000e+00 7.858106778188997150e-08 6.540150930957951053e-09
1.100000000000000000e+01 3.483030513244896981e-08 1.490908060874233143e-09
1.300000000000000000e+01 9.405324008374003853e-09 6.394718337366333720e-10
1.500000000000000000e+01 3.045694989921386568e-09 1.282351419934045416e-10
1.700000000000000000e+01 1.073437632831377567e-09 5.106947685367659609e-11
1.900000000000000000e+01 4.486366441528820179e-10 3.881767593635552567e-11
