5.250000000000000000e+00 5.477540764761168083e-06 5.719538719023867053e-07
5.750000000000000000e+00 3.217310661442441854e-06 4.879735248799140447e-07
6.250000000000000000e+00 1.451809852371722706e-06 2.595640361542744044e-07
6.750000000000000000e+00 5.954966554483792145e-07 5.908885948644832695e-08
7.250000000000000000e+00 3.548042505483493163e-07 3.236767087258038383e-08
7.750000000000000000e+00 1.952176935117285688e-07 1.298159872606657654e-08
8.250000000000000000e+00 1.437686187234853692e-07 1.886144153760504618e-08
8.750000000000000000e+00 7.721710697450561875e-08 5.632816462106487335e-09
9.250000000000000000e+00 7.995398096962185127e-08 1.599103455594280399e-08
9.750000000000000000e+00 4.116655277132423925e-08 2.636284291891838370e-09
1.100000000000000000e+01 1.659207719674181372e-08 5.444393641124650825e-10
1.300000000000000000e+01 5.175543943210480558e-09 2.058486472916851770e-10
1.500000000000000000e+01 1.711611159490403849e-09 7.043856471918048935e-11
1.700000000000000000e+01 6.268214457932117563e-10 3.121265904083854483e-11
1.900000000000000000e+01 2.228976522134127683e-10 1.074298329695111063e-11
