5.250000000000000000e+00 1.545073000732231493e-05 1.207095272939301997e-06
5.750000000000000000e+00 5.926632164432976489e-06 4.647105536810667718e-07
6.250000000000000000e+00 3.596247809898164592e-06 4.389615302929017689e-07
6.750000000000000000e+00 1.771288055976409037e-06 1.411477435087815979e-07
7.250000000000000000e+00 7.908455633225355510e-07 5.846221973475194522e-08
7.750000000000000000e+00 5.799273460772596088e-07 6.314531228074223537e-08
8.250000000000000000e+00 3.355472717866363852e-07 1.933331301136041812e-08
8.750000000000000000e+00 2.326073534438758598e-07 2.695660255003098881e-08
9.250000000000000000e+00 1.361150243981420723e-07 7.824135151898555215e-09
9.750000000000000000e+00 1.112200748607216777e-07 8.866206911987625076e-09
1.100000000000000000e+01 4.382479632505503930e-08 2.147689815812633563e-09
1.300000000000000000e+01 1.058172472888719176e-08 3.953404548034308795e-10
1.500000000000000000e+01 3.708969007849510938e-09 1.570183847241118810e-10
1.700000000000000000e+01 1.463188390661184131e-09 1.505138052998272761e-10
1.900000000000000000e+01 4.702315641066448154e-10 4.158926987392372946e-11
