5.250000000000000000e+00 1.769852517458320599e-05 8.920258141700675234e-07
5.750000000000000000e+00 8.339516819795126420e-06 4.664654217527680603e-07
6.250000000000000000e+00 4.898493590129787918e-06 3.367009563613598371e-07
6.750000000000000000e+00 2.925332968812717866e-06 2.700803952785887101e-07
7.250000000000000000e+00 1.547287193907563843e-06 9.850428256958449665e-08
7.750000000000000000e+00 7.999657691340953613e-07 3.470399269035271188e-08
8.250000000000000000e+00 5.849528047807485038e-07 3.434315909073682251e-08
8.750000000000000000e+00 3.756759577873296559e-07 3.257342600655633285e-08
9.250000000000000000e+00 2.687085302197691468e-07 2.118563171850576604e-08
9.750000000000000000e+00 1.707190413680284022e-07 1.083091544139534287e-08
1.100000000000000000e+01 7.040517217446775957e-08 4.098973978895097952e-09
1.300000000000000000e+01 1.768219054231790033e-08 7.577359307793700659e-10
1.500000000000000000e+01 5.609897377466024162e-09 1.843160020405079867e-10
1.700000000000000000e+01 1.959034875215482110e-09 8.098615919360685257e-11
1.900000000000000000e+01 7.080778890856000251e-10 4.079591797362125526e-11
