5.250000000000000000e+00 1.352550118074270133e-05 8.512413987901537651e-07
5.750000000000000000e+00 6.139285949410388721e-06 4.943988125878611001e-07
6.250000000000000000e+00 3.054481043186307111e-06 2.712278136507205499e-07
6.750000000000000000e+00 1.288697408240658749e-06 9.388937611385552371e-08
7.250000000000000000e+00 7.205426235270807083e-07 5.934694269673861402e-08
7.750000000000000000e+00 4.234343013150362345e-07 2.965608337595914804e-08
8.250000000000000000e+00 3.110911919466452337e-07 2.993540652317646447e-08
8.750000000000000000e+00 2.012965226324600918e-07 2.621528205903691997e-08
9.250000000000000000e+00 1.192002349195276356e-07 1.460081452365922166e-08
9.750000000000000000e+00 8.844002911985319249e-08 1.409243992114846153e-08
1.100000000000000000e+01 3.046660140589035258e-08 1.452758002254171228e-09
1.300000000000000000e+01 8.361089210323232115e-09 4.194814821039674502e-10
1.500000000000000000e+01 2.587295082039315730e-09 1.562039745814483304e-10
1.700000000000000000e+01 8.230175686448630361e-10 4.975421186278166203e-11
1.900000000000000000e+01 3.008801668305544799e-10 1.635937040155792746e-11
