5.250000000000000000e+00 2.281158959254224401e-05 1.053841602820428390e-06
5.750000000000000000e+00 1.106479639798413442e-05 6.108446011308342410e-07
6.250000000000000000e+00 6.144729466504481562e-06 4.575939947991708138e-07
6.750000000000000000e+00 2.767948785763492675e-06 1.590464535218622488e-07
7.250000000000000000e+00 1.633722315897098392e-06 1.083152582392969028e-07
7.750000000000000000e+00 1.133183191232821532e-06 8.652938547576736900e-08
8.250000000000000000e+00 6.180723042599210281e-07 5.513239609599326531e-08
8.750000000000000000e+00 4.745748000413142854e-07 5.511410235849343933e-08
9.250000000000000000e+00 2.617297578872521565e-07 2.926850823301917828e-08
9.750000000000000000e+00 1.570282072054341612e-07 8.244058861487307606e-09
1.100000000000000000e+01 7.169196499179371627e-08 4.235522417537677183e-09
1.300000000000000000e+01 1.831962881007516778e-08 9.595799069073132632e-10
1.500000000000000000e+01 5.641047405946307851e-09 5.040921660807817713e-10
1.700000000000000000e+01 1.843448578175474861e-09 9.115179337413271609e-11
1.900000000000000000e+01 6.512765783656538724e-10 3.045710562091373702e-11
