5.250000000000000000e+00 5.437042048346299102e-06 5.911022448179944671e-07
5.750000000000000000e+00 2.240583541383992325e-06 3.071661586681386920e-07
6.250000000000000000e+00 7.719078815751254956e-07 7.869088164840409646e-08
6.750000000000000000e+00 4.028439556485475839e-07 4.131012368401546131e-08
7.250000000000000000e+00 2.281011197566884333e-07 2.754091483517038049e-08
7.750000000000000000e+00 1.387763205993981212e-07 1.840634039731370333e-08
8.250000000000000000e+00 9.663125386050231109e-08 1.641731961843620150e-08
8.750000000000000000e+00 4.746437186747264953e-08 3.128202646315843875e-09
9.250000000000000000e+00 2.988722455440887216e-08 2.309585006712325559e-09
9.750000000000000000e+00 2.129767104344399979e-08 1.434156599137893227e-09
1.100000000000000000e+01 1.001820825090445598e-08 7.725288272480225021e-10
1.300000000000000000e+01 2.782403965054761848e-09 2.079277512160681065e-10
1.500000000000000000e+01 1.024934901211328466e-09 6.719052906287996098e-11
1.700000000000000000e+01 3.375773857814095767e-10 2.061228174617944429e-11
1.900000000000000000e+01 1.286455023076627633e-10 1.021242234326761775e-11
