5.250000000000000000e+00 4.361125499866211375e-06 4.386370315773367491e-07
5.750000000000000000e+00 1.786434121299750517e-06 2.148489973345717766e-07
6.250000000000000000e+00 8.521330977916856496e-07 8.900222500294050209e-08
6.750000000000000000e+00 5.720542079279699148e-07 7.402910082936295271e-08
7.250000000000000000e+00 2.214284657703601951e-07 1.915904424637297654e-08
7.750000000000000000e+00 1.380469074246426821e-07 2.002957788479446238e-08
8.250000000000000000e+00 8.487391920226796735e-08 7.330402002839639135e-09
8.750000000000000000e+00 7.902003993537549062e-08 2.637686505746715399e-08
9.250000000000000000e+00 5.882166022205097063e-08 1.590987467831806383e-08
9.750000000000000000e+00 2.855388944495717028e-08 3.279045281085137537e-09
1.100000000000000000e+01 1.130386848204199090e-08 5.699782323420727806e-10
1.300000000000000000e+01 3.779973896612959809e-09 5.319685121165477254e-10
1.500000000000000000e+01 1.117020283021018220e-09 8.200720006869094788e-11
1.700000000000000000e+01 3.925854081432482145e-10 2.203124981981211440e-11
1.900000000000000000e+01 1.371158397483293324e-10 8.783547025870314334e-12
