5.250000000000000000e+00 8.968799999999999917e-05 7.903005641330391979e-06
5.750000000000000000e+00 4.308799999999999810e-05 3.802308466918485265e-06
6.250000000000000000e+00 2.193100000000000060e-05 1.939567191514642949e-06
6.750000000000000000e+00 1.189599999999999927e-05 1.055424848106202282e-06
7.250000000000000000e+00 6.737699999999999882e-06 6.006038865175615154e-07
7.750000000000000000e+00 4.062800000000000302e-06 3.643597498352418823e-07
8.250000000000000000e+00 2.456599999999999909e-06 1.916796678210810915e-07
8.750000000000000000e+00 1.551000000000000058e-06 1.229464656710391287e-07
9.250000000000000000e+00 1.084599999999999958e-06 8.778838654970257396e-08
9.750000000000000000e+00 6.798300000000000200e-07 5.977848399717075421e-08
1.100000000000000000e+01 2.766800000000000132e-07 3.106205437909733910e-08
1.300000000000000000e+01 7.650699999999999812e-08 1.391300380076135834e-08
1.500000000000000000e+01 2.602600000000000091e-08 6.855743568716670769e-09
1.700000000000000000e+01 1.030599999999999977e-08 3.676244445082508334e-09
1.900000000000000000e+01 3.193899999999999900e-09 1.646080204607296779e-09
