10.75   10  11.5    0.181   0.0097  0.0043
12.35   11.5    13.2    0.202   0.0110  0.043
14.15   13.2    15.1    0.226   0.0120   0.0420
16.2    15.1    17.3    0.251   0.0120  0.0420
18.6    17.3    19.9    0.279   0.0140  0.0420
21.35   19.9    22.8    0.313   0.0180  0.0430
24.45   22.8    26.1    0.342   0.0190  0.0460
28.05   26.1    30  0.347   0.0180  0.0460
33.85   30  37.7    0.415   0.0150  0.0490
42.6    37.7    47.5    0.475   0.0160  0.0550
53.65   47.5    59.8    0.527   0.0160  0.0700
67.55   59.8    75.3    0.542   0.0230  0.0770
85.05   75.3    94.8    0.563   0.0390  0.0850
106.9   94.8    119 0.57    0.0680  0.0960
134.5   119 150 0.56    0.1230 0.1110
