1.075000000000000000e+01 5.707822370150573925e-06 2.420391279189469164e-07
1.234999999999999964e+01 2.701278010860029755e-06 8.369817948541275800e-08
1.414999999999999858e+01 1.237307963441041985e-06 4.297816427485580764e-08
1.619999999999999929e+01 6.061014319817855235e-07 2.345666036880195062e-08
1.860000000000000142e+01 2.506607506605600370e-07 9.970187967490084351e-09
2.135000000000000142e+01 1.164915771045164899e-07 4.532016169363415376e-09
2.445000000000000284e+01 4.667546539835367121e-08 1.530282265303034796e-09
2.805000000000000071e+01 2.075361392005575770e-08 7.816556186362511025e-10
3.385000000000000142e+01 6.931015595808004333e-09 2.087709967483530400e-10
4.260000000000000142e+01 1.681481875909049828e-09 5.181657312613637834e-11
5.364999999999999858e+01 3.703212383306080362e-10 9.320335902061417999e-12
6.754999999999999716e+01 8.339427685775868369e-11 2.884420453239169202e-12
8.504999999999999716e+01 1.746002808491763500e-11 5.842411469898508759e-13
1.069000000000000057e+02 3.760995787704915640e-12 1.561454610053244190e-13
1.345000000000000000e+02 6.897840185405238938e-13 2.395222782839289421e-14
