1.075000000000000000e+01 2.678412129358808140e-06 1.392927941831696531e-07
1.234999999999999964e+01 1.318693774054737641e-06 5.301377688035043453e-08
1.414999999999999858e+01 5.705250385940784828e-07 2.458421250356733241e-08
1.619999999999999929e+01 2.830039096539854813e-07 1.416394204075921716e-08
1.860000000000000142e+01 1.315757298760029392e-07 4.740037164886286434e-09
2.135000000000000142e+01 6.666776557016415436e-08 2.725819739659826608e-09
2.445000000000000284e+01 2.900591833445311532e-08 1.159195529833838058e-09
2.805000000000000071e+01 1.356880180406055712e-08 5.117844116757338809e-10
3.385000000000000142e+01 4.364002749881174133e-09 1.132581098417443217e-10
4.260000000000000142e+01 1.101666450481346622e-09 2.762486554177658703e-11
5.364999999999999858e+01 2.706474960501099223e-10 9.875545549060312845e-12
6.754999999999999716e+01 6.659805350991300895e-11 1.970969236298670809e-12
8.504999999999999716e+01 1.491385177353456687e-11 4.778625725748101623e-13
1.069000000000000057e+02 3.276599295792168567e-12 1.344976788404299507e-13
1.345000000000000000e+02 6.070448006360707410e-13 2.683608250207375830e-14
