1.075000000000000000e+01 2.636532974930422970e-06 1.696730840570078588e-07
1.234999999999999964e+01 1.245891039033295811e-06 6.169523732666295152e-08
1.414999999999999858e+01 5.021419607822550286e-07 2.235689995118438035e-08
1.619999999999999929e+01 2.436472753729652855e-07 1.163003239621848194e-08
1.860000000000000142e+01 1.110178021597496909e-07 7.124510443617617886e-09
2.135000000000000142e+01 5.626904987148405366e-08 5.176469068038512203e-09
2.445000000000000284e+01 2.435383101323275233e-08 1.082019732492902118e-09
2.805000000000000071e+01 1.038035593252620441e-08 4.264076030131392697e-10
3.385000000000000142e+01 3.704481750362788338e-09 1.696869093824726023e-10
4.260000000000000142e+01 9.120914597011567993e-10 3.453747402057090923e-11
5.364999999999999858e+01 2.440868601691100491e-10 1.415243194780400756e-11
6.754999999999999716e+01 5.166957045071616088e-11 1.808087994089273779e-12
8.504999999999999716e+01 1.162325413181608753e-11 3.797908943567540957e-13
1.069000000000000057e+02 2.432606791295352073e-12 9.228468895263121926e-14
1.345000000000000000e+02 4.871458442371830499e-13 2.251850771743180847e-14
