1.075000000000000000e+01 4.489841475285837600e-06 2.486997547976766596e-07
1.234999999999999964e+01 1.808366158714501274e-06 6.697774813548340135e-08
1.414999999999999858e+01 8.835260897197751127e-07 4.223646817564101543e-08
1.619999999999999929e+01 3.660774643714085605e-07 1.524318313230800717e-08
1.860000000000000142e+01 1.599561703060518381e-07 6.209857555558891058e-09
2.135000000000000142e+01 6.846200579002048254e-08 2.958880903858377246e-09
2.445000000000000284e+01 3.044068957278992160e-08 1.313420913433372696e-09
2.805000000000000071e+01 1.261745180946152992e-08 5.715534455041508651e-10
3.385000000000000142e+01 4.233134273575280614e-09 2.082304241174093960e-10
4.260000000000000142e+01 9.504328613366729120e-10 2.693590390216946876e-11
5.364999999999999858e+01 2.538114626967682520e-10 1.515965033030554949e-11
6.754999999999999716e+01 5.104780135990769777e-11 1.676343007197369615e-12
8.504999999999999716e+01 1.084806523287601667e-11 4.422464822793189338e-13
1.069000000000000057e+02 2.281487877536867811e-12 9.387304981183359044e-14
1.345000000000000000e+02 4.238456641005899684e-13 1.742720985117484449e-14
