1.075000000000000000e+01 4.608279254589487408e-06 2.339570710721894695e-07
1.234999999999999964e+01 1.983517720922126287e-06 6.451265662271554075e-08
1.414999999999999858e+01 9.752433984510091325e-07 3.054227007145718488e-08
1.619999999999999929e+01 4.590315947895399112e-07 1.681635172616641718e-08
1.860000000000000142e+01 1.987853741903649073e-07 8.452692338665761165e-09
2.135000000000000142e+01 9.373040395556908788e-08 3.092489503992932529e-09
2.445000000000000284e+01 4.504408934265301893e-08 1.527859783405275921e-09
2.805000000000000071e+01 1.957289520050844375e-08 7.855147695864885449e-10
3.385000000000000142e+01 6.439241769305479732e-09 2.038083945301799228e-10
4.260000000000000142e+01 1.519677479284249520e-09 4.145772284727140945e-11
5.364999999999999858e+01 3.627799138099194807e-10 1.144694659009940726e-11
6.754999999999999716e+01 8.163805274703990575e-11 2.390746013206993659e-12
8.504999999999999716e+01 1.768282667704542196e-11 6.069269754051989370e-13
1.069000000000000057e+02 3.435448983398246500e-12 1.001620946445043966e-13
1.345000000000000000e+02 6.431171952876220146e-13 2.055269032597789311e-14
