1.075000000000000000e+01 7.694734755497668457e-06 3.470972545788587388e-07
1.234999999999999964e+01 3.451163191882242071e-06 1.817093113680025622e-07
1.414999999999999858e+01 1.364856021499539665e-06 5.601079894256363870e-08
1.619999999999999929e+01 6.100518773301049583e-07 2.855949867435902194e-08
1.860000000000000142e+01 2.347528065212807208e-07 8.602078027396650283e-09
2.135000000000000142e+01 1.174602466588474653e-07 6.942761900145692879e-09
2.445000000000000284e+01 5.295960887913342456e-08 2.627001615082434736e-09
2.805000000000000071e+01 2.001195916174400942e-08 9.485202874945691837e-10
3.385000000000000142e+01 6.635404501042727592e-09 2.656107077189590757e-10
4.260000000000000142e+01 1.502942074467398899e-09 8.174316404358407974e-11
5.364999999999999858e+01 2.991818216325058580e-10 8.417006823733496093e-12
6.754999999999999716e+01 6.885108388601101443e-11 2.358234998074847184e-12
8.504999999999999716e+01 1.506727524120619937e-11 5.597118159875521750e-13
1.069000000000000057e+02 3.039178617531838205e-12 1.290574650218157811e-13
1.345000000000000000e+02 5.894777982301004353e-13 2.845125996666438683e-14
