1.075000000000000000e+01 3.891064330301339482e-06 1.605193455773592202e-07
1.234999999999999964e+01 1.826992006852315099e-06 6.783328007500547480e-08
1.414999999999999858e+01 8.859566605120794669e-07 3.468399789144644201e-08
1.619999999999999929e+01 3.832959737070872237e-07 1.628042090165138440e-08
1.860000000000000142e+01 1.777147968557493411e-07 6.219118310205933691e-09
2.135000000000000142e+01 8.099760994984796982e-08 3.123796511113973097e-09
2.445000000000000284e+01 3.772323352227036199e-08 1.729318273851886388e-09
2.805000000000000071e+01 1.677729670357946419e-08 7.176561734408200719e-10
3.385000000000000142e+01 5.702664035478107619e-09 1.857314703403146636e-10
4.260000000000000142e+01 1.322964670267291079e-09 4.189078252721751814e-11
5.364999999999999858e+01 3.229916761477784520e-10 1.144268105367522129e-11
6.754999999999999716e+01 6.934319651543694477e-11 2.182807056886762447e-12
8.504999999999999716e+01 1.474093993917218030e-11 4.804788300681308842e-13
1.069000000000000057e+02 3.451670764149323430e-12 1.222880053367955947e-13
1.345000000000000000e+02 6.600656802130011321e-13 3.256523579627931523e-14
