1.075000000000000000e+01 2.879276960373687188e-06 2.079498474382238046e-07
1.234999999999999964e+01 1.222230294262283449e-06 9.734607920906430047e-08
1.414999999999999858e+01 5.334104756764464798e-07 2.583518241864489715e-08
1.619999999999999929e+01 2.559793776432191481e-07 1.017261185604338224e-08
1.860000000000000142e+01 1.159186887825891855e-07 7.715211346459645774e-09
2.135000000000000142e+01 5.422698608347261735e-08 2.800943662926606589e-09
2.445000000000000284e+01 2.433161970970615912e-08 1.284260575672253661e-09
2.805000000000000071e+01 9.741740877365031977e-09 4.747092207545582360e-10
3.385000000000000142e+01 3.336809921621633653e-09 1.444661938118681933e-10
4.260000000000000142e+01 8.403203410884647524e-10 4.165439715687444591e-11
5.364999999999999858e+01 2.099179319918745070e-10 1.265329830085015632e-11
6.754999999999999716e+01 4.341688623465726119e-11 1.609356391542479167e-12
8.504999999999999716e+01 9.471086643129755568e-12 5.876965395108517651e-13
1.069000000000000057e+02 2.142382154125381182e-12 1.226029762206992716e-13
1.345000000000000000e+02 3.520095255202393125e-13 1.445790967724347697e-14
