1.075000000000000000e+01 2.517135773305713744e-06 1.451148122654670797e-07
1.234999999999999964e+01 1.134141268895083919e-06 5.435874301926759548e-08
1.414999999999999858e+01 5.107522931277758703e-07 2.431871053027875403e-08
1.619999999999999929e+01 2.211982447512509429e-07 9.467169061793803655e-09
1.860000000000000142e+01 1.187413426152714326e-07 8.277904745846345629e-09
2.135000000000000142e+01 4.657711558684943421e-08 2.372389054005098119e-09
2.445000000000000284e+01 2.197664848407012364e-08 1.249344951896652638e-09
2.805000000000000071e+01 8.954672783331274735e-09 4.717715712815793361e-10
3.385000000000000142e+01 3.439241144571810203e-09 2.073168536279406432e-10
4.260000000000000142e+01 7.204375368612923729e-10 2.762053674190374549e-11
5.364999999999999858e+01 1.798086906203910208e-10 6.332212893513780552e-12
6.754999999999999716e+01 4.165672004812835509e-11 1.606887338056050669e-12
8.504999999999999716e+01 8.660452753443961927e-12 3.147837328392950495e-13
1.069000000000000057e+02 2.164783405879457960e-12 1.015039763467222658e-13
1.345000000000000000e+02 3.793531872471760287e-13 1.697610997405276863e-14
