1.075000000000000000e+01 6.320997270959057891e-06 3.476174636860277009e-07
1.234999999999999964e+01 2.465102864345250342e-06 9.159061766890863157e-08
1.414999999999999858e+01 1.063383144438579161e-06 4.825702143229914320e-08
1.619999999999999929e+01 4.700963090378310446e-07 2.194669912448692804e-08
1.860000000000000142e+01 1.965497384887500268e-07 9.227441028219114854e-09
2.135000000000000142e+01 8.886666288414789521e-08 4.000595445938824244e-09
2.445000000000000284e+01 3.796775056093210365e-08 1.768339268253619451e-09
2.805000000000000071e+01 1.537990960263925909e-08 7.001396759223135417e-10
3.385000000000000142e+01 5.313111998693351885e-09 2.449834826000280248e-10
4.260000000000000142e+01 1.115936992361094008e-09 4.293019418794174520e-11
5.364999999999999858e+01 2.602996061984898081e-10 1.070055012484011600e-11
6.754999999999999716e+01 5.905724874458352835e-11 2.215653188640843601e-12
8.504999999999999716e+01 1.219448983792443693e-11 4.361656674992743101e-13
1.069000000000000057e+02 2.543495009430240421e-12 1.305452643107420329e-13
1.345000000000000000e+02 4.919085288029546145e-13 2.027518054456901269e-14
