1.075000000000000000e+01 5.835797282229597789e-06 2.103161026624768706e-07
1.234999999999999964e+01 2.713745918644438204e-06 8.096464894017723402e-08
1.414999999999999858e+01 1.201563024385690925e-06 3.676855383281681248e-08
1.619999999999999929e+01 5.808429204878050662e-07 1.969215071408490917e-08
1.860000000000000142e+01 2.505146867778138807e-07 9.587079217733083598e-09
2.135000000000000142e+01 1.107432255349136378e-07 4.009619664508227179e-09
2.445000000000000284e+01 5.215596177542611674e-08 2.038960592246611894e-09
2.805000000000000071e+01 2.294720505452555505e-08 9.748634603044524984e-10
3.385000000000000142e+01 7.322944581803121053e-09 2.880274375016561159e-10
4.260000000000000142e+01 1.672017815847552901e-09 8.799888281362103567e-11
5.364999999999999858e+01 4.201688785615252452e-10 1.905030963047076095e-11
6.754999999999999716e+01 8.585357790774416202e-11 2.468804184210838812e-12
8.504999999999999716e+01 1.968231752400162801e-11 6.650036225893026337e-13
1.069000000000000057e+02 3.660542480578452621e-12 1.229748937746090300e-13
1.345000000000000000e+02 6.932247378341233688e-13 2.283801601714783022e-14
