1.075000000000000000e+01 2.472668550324605584e-06 1.324943978060768190e-07
1.234999999999999964e+01 1.064690262775391308e-06 3.693009272360727337e-08
1.414999999999999858e+01 5.150112252510131324e-07 1.895643727800910885e-08
1.619999999999999929e+01 2.730013548682850147e-07 9.462437867095280908e-09
1.860000000000000142e+01 1.327794561239983315e-07 7.554527183175876230e-09
2.135000000000000142e+01 5.739029939982007088e-08 2.188245404463489693e-09
2.445000000000000284e+01 2.832132555300949450e-08 1.404930861488492830e-09
2.805000000000000071e+01 1.225786413918631105e-08 4.861037371979078074e-10
3.385000000000000142e+01 4.338634934415067192e-09 1.702710633183557585e-10
4.260000000000000142e+01 1.128580898857660805e-09 6.330206235381764564e-11
5.364999999999999858e+01 2.580394135939272720e-10 9.691539431630827002e-12
6.754999999999999716e+01 6.394223328099522265e-11 2.315401922508372768e-12
8.504999999999999716e+01 1.354575411010299584e-11 4.228754944173441002e-13
1.069000000000000057e+02 2.840864706548495641e-12 9.465053934976580775e-14
1.345000000000000000e+02 5.332287654157282882e-13 2.221812925021059719e-14
