1.075000000000000000e+01 2.082124333494234838e-06 8.248809682058379558e-08
1.234999999999999964e+01 9.775120886595502248e-07 3.934911376964248183e-08
1.414999999999999858e+01 5.015956238480086194e-07 2.366847926884054258e-08
1.619999999999999929e+01 2.294800621761457696e-07 7.829518925748787606e-09
1.860000000000000142e+01 1.087809190920637964e-07 6.858295207152275798e-09
2.135000000000000142e+01 4.858568018482196010e-08 1.682197373001332323e-09
2.445000000000000284e+01 2.610198767242630696e-08 1.023061507396167250e-09
2.805000000000000071e+01 1.119717935160693007e-08 3.540344493142042395e-10
3.385000000000000142e+01 4.060673455244184528e-09 1.380907775350784142e-10
4.260000000000000142e+01 1.073086697715674611e-09 3.580085955734397638e-11
5.364999999999999858e+01 2.697682189719042180e-10 9.524865494685174543e-12
6.754999999999999716e+01 6.024348490099341372e-11 2.045968298529195164e-12
8.504999999999999716e+01 1.377457991109530031e-11 4.658767054910867761e-13
1.069000000000000057e+02 2.986713330316356646e-12 1.009643910956788862e-13
1.345000000000000000e+02 6.008125808078499677e-13 2.400308306242411806e-14
