1.075000000000000000e+01 3.722523075484445136e-06 1.715836196061886883e-07
1.234999999999999964e+01 1.541569911587754680e-06 6.473932009087447666e-08
1.414999999999999858e+01 7.744148207413909173e-07 3.836876791197440034e-08
1.619999999999999929e+01 3.527443711375125642e-07 2.065898350840206351e-08
1.860000000000000142e+01 1.325316228978481384e-07 8.132866887539349291e-09
2.135000000000000142e+01 6.115671952237786722e-08 2.985007205254984289e-09
2.445000000000000284e+01 2.780514747632036565e-08 1.663629541848432056e-09
2.805000000000000071e+01 1.117437360979916831e-08 5.973636411735226603e-10
3.385000000000000142e+01 3.729549735726127232e-09 1.885546661333098521e-10
4.260000000000000142e+01 8.449986292909986563e-10 3.628875349928575462e-11
5.364999999999999858e+01 1.918835401605737373e-10 6.710594291999232894e-12
6.754999999999999716e+01 4.226884460359406592e-11 1.411102304278913251e-12
8.504999999999999716e+01 8.583112723177699022e-12 3.249304433556026806e-13
1.069000000000000057e+02 1.982401679864935012e-12 9.078835679462705233e-14
1.345000000000000000e+02 3.591613563997849522e-13 1.490432356537501671e-14
