1.075000000000000000e+01 2.048588397982444621e-06 1.302367057137442583e-07
1.234999999999999964e+01 9.507345334236050644e-07 4.345942811840408511e-08
1.414999999999999858e+01 5.022701208373144839e-07 2.532152870844329424e-08
1.619999999999999929e+01 2.084779256399056133e-07 7.786617917288082550e-09
1.860000000000000142e+01 9.522166382468509373e-08 4.012585530730327521e-09
2.135000000000000142e+01 4.713806671259892164e-08 2.340016764303042755e-09
2.445000000000000284e+01 2.075931902642083028e-08 9.593902224600153728e-10
2.805000000000000071e+01 9.325602465111200221e-09 4.506378330393296887e-10
3.385000000000000142e+01 3.243944981853180003e-09 1.391277583222977943e-10
4.260000000000000142e+01 8.422901097633939481e-10 3.329174524697182089e-11
5.364999999999999858e+01 1.850748062358622629e-10 5.383692909795275018e-12
6.754999999999999716e+01 4.527597011513798141e-11 1.660927271914384594e-12
8.504999999999999716e+01 1.048437373097419991e-11 4.255810914240945022e-13
1.069000000000000057e+02 2.189864723110296220e-12 8.107189115720107954e-14
1.345000000000000000e+02 4.218319767349063318e-13 1.671240928330223551e-14
