1.075000000000000000e+01 1.826102733647548894e-06 1.361556207510045206e-07
1.234999999999999964e+01 7.099407057771367739e-07 2.970978112170292704e-08
1.414999999999999858e+01 3.740729165208634857e-07 2.415635643630811278e-08
1.619999999999999929e+01 1.718409332403520096e-07 1.183469849521515516e-08
1.860000000000000142e+01 7.909499848377457009e-08 4.453451033432693248e-09
2.135000000000000142e+01 3.411878122296708567e-08 2.182934843999367474e-09
2.445000000000000284e+01 1.551928972941124666e-08 1.116118179345735319e-09
2.805000000000000071e+01 7.208387798241245567e-09 4.946655988813933721e-10
3.385000000000000142e+01 2.595863977210945617e-09 1.734298051072338590e-10
4.260000000000000142e+01 5.720337421486864805e-10 2.668078817851598169e-11
5.364999999999999858e+01 1.363540117299590458e-10 4.881056261180992323e-12
6.754999999999999716e+01 3.289436611159222451e-11 1.392226727440216072e-12
8.504999999999999716e+01 6.850327164596574415e-12 2.821606688202003040e-13
1.069000000000000057e+02 1.517501793733910339e-12 1.091808639042313811e-13
1.345000000000000000e+02 3.197077382823617156e-13 1.432978781279827510e-14
