1.075000000000000000e+01 6.516200139183316721e-06 2.898446456810229815e-07
1.234999999999999964e+01 2.822583644360306902e-06 8.689813464539822126e-08
1.414999999999999858e+01 1.312812783600448578e-06 4.889351194298952524e-08
1.619999999999999929e+01 6.106305895502328424e-07 2.304043274943055694e-08
1.860000000000000142e+01 2.512095383973786275e-07 7.711139789222991618e-09
2.135000000000000142e+01 1.174547774309136656e-07 4.062350358620568887e-09
2.445000000000000284e+01 4.856797382111460251e-08 1.853007993526706188e-09
2.805000000000000071e+01 2.168656485093972879e-08 9.428004174570260440e-10
3.385000000000000142e+01 7.045643820387606225e-09 2.235880985101892605e-10
4.260000000000000142e+01 1.648294691421034572e-09 4.817449058527331681e-11
5.364999999999999858e+01 3.742240987387194897e-10 1.563356276139514182e-11
6.754999999999999716e+01 8.203973942529742558e-11 2.732977867618103210e-12
8.504999999999999716e+01 1.648367362853186841e-11 5.072427607816736885e-13
1.069000000000000057e+02 3.346260281179877341e-12 1.166371873430279767e-13
1.345000000000000000e+02 6.153974900654337711e-13 2.226878104484739362e-14
