1.075000000000000000e+01 1.160820039339970398e-05 4.363165296089290087e-07
1.234999999999999964e+01 5.010170397054597190e-06 1.738611092973051723e-07
1.414999999999999858e+01 2.096677129714532132e-06 6.050301602815295418e-08
1.619999999999999929e+01 9.231882440529926373e-07 2.615263555064278695e-08
1.860000000000000142e+01 4.120117845880093267e-07 1.317806283917146128e-08
2.135000000000000142e+01 1.683017267747102360e-07 5.167524818068016203e-09
2.445000000000000284e+01 7.425493223057674499e-08 2.622617836350939547e-09
2.805000000000000071e+01 2.989587531242175152e-08 1.208016626230489158e-09
3.385000000000000142e+01 9.706679275560734573e-09 2.994532958283745245e-10
4.260000000000000142e+01 2.278792277717901716e-09 7.309710894399456366e-11
5.364999999999999858e+01 4.725194314173961916e-10 1.358398107428461949e-11
6.754999999999999716e+01 1.087117225842723088e-10 3.428964856099389856e-12
8.504999999999999716e+01 1.958998587118815732e-11 6.252212872599802689e-13
1.069000000000000057e+02 4.151200510480412095e-12 1.503562228722597735e-13
1.345000000000000000e+02 7.971024670795575413e-13 3.662813943436150439e-14
