1.075000000000000000e+01 1.375428344306260118e-06 6.700871081324766989e-08
1.234999999999999964e+01 7.364570486925986217e-07 4.561279908455125727e-08
1.414999999999999858e+01 3.263128254939102507e-07 2.016604692438893740e-08
1.619999999999999929e+01 1.493630653166825734e-07 7.118792374295579933e-09
1.860000000000000142e+01 6.727853408391178890e-08 3.678828972716413533e-09
2.135000000000000142e+01 2.719753822143991080e-08 1.571222881746437270e-09
2.445000000000000284e+01 1.444724924604430764e-08 7.536430287678733762e-10
2.805000000000000071e+01 6.196089375938923264e-09 4.036994018604122536e-10
3.385000000000000142e+01 2.211005324580516815e-09 1.304949966707362746e-10
4.260000000000000142e+01 5.385664024865372046e-10 1.983629435670939218e-11
5.364999999999999858e+01 1.271309988904010694e-10 4.442938360250557361e-12
6.754999999999999716e+01 3.046691872327009076e-11 1.149185703013424440e-12
8.504999999999999716e+01 7.337940515516563334e-12 3.296633806694625064e-13
1.069000000000000057e+02 1.514527853119653096e-12 6.855675970373261194e-14
1.345000000000000000e+02 3.229097845152993145e-13 1.549311418810148776e-14
