1.075000000000000000e+01 1.175114102610515955e-05 4.419609823328255397e-07
1.234999999999999964e+01 5.269858136117365635e-06 2.087402071831916651e-07
1.414999999999999858e+01 2.124454908014995512e-06 6.528249136639501634e-08
1.619999999999999929e+01 9.203989743313504946e-07 3.273603910066392858e-08
1.860000000000000142e+01 4.150136762582394368e-07 1.444640236670976388e-08
2.135000000000000142e+01 1.745655847133648245e-07 8.751211335621080154e-09
2.445000000000000284e+01 7.352719512921926994e-08 3.275170124314817773e-09
2.805000000000000071e+01 2.914270709945204503e-08 1.016683653541104134e-09
3.385000000000000142e+01 9.132369685193203039e-09 2.859959730739866170e-10
4.260000000000000142e+01 1.997783118203658541e-09 5.939838203291614628e-11
5.364999999999999858e+01 4.433015109512563758e-10 1.829621328767952195e-11
6.754999999999999716e+01 9.415363592433842064e-11 3.032358890638479935e-12
8.504999999999999716e+01 1.805324030866820789e-11 5.870342783352566693e-13
1.069000000000000057e+02 3.700152233141020927e-12 1.652512415998416536e-13
1.345000000000000000e+02 6.390390488439776610e-13 2.140856345571071427e-14
