1.075000000000000000e+01 4.557196009397316467e-06 2.136580219689971319e-07
1.234999999999999964e+01 1.944795544438160330e-06 6.037330143742070543e-08
1.414999999999999858e+01 9.386657902685208810e-07 3.689955952024839184e-08
1.619999999999999929e+01 4.265009671562571190e-07 1.330183922960729448e-08
1.860000000000000142e+01 1.820716845466834378e-07 6.267944310428069831e-09
2.135000000000000142e+01 8.702730171122337273e-08 3.448981111782805001e-09
2.445000000000000284e+01 3.581208026844824849e-08 1.400321903550530261e-09
2.805000000000000071e+01 1.695401487241086695e-08 7.361274308829359444e-10
3.385000000000000142e+01 5.361288773305590643e-09 1.779741512684843242e-10
4.260000000000000142e+01 1.300836710448383439e-09 4.819608688133707216e-11
5.364999999999999858e+01 2.891543861552981612e-10 1.293743683586236176e-11
6.754999999999999716e+01 6.521641512509710943e-11 2.304211723557218206e-12
8.504999999999999716e+01 1.304078820241612710e-11 4.493345732628169933e-13
1.069000000000000057e+02 2.987938312241540515e-12 1.726899667856933072e-13
1.345000000000000000e+02 5.149689411876623186e-13 1.983150689813849262e-14
