1.075000000000000000e+01 3.929247604191473386e-06 1.128587092034335787e-07
1.234999999999999964e+01 1.977050366549433258e-06 9.631990082608386317e-08
1.414999999999999858e+01 9.272219518124654239e-07 3.939576314692029140e-08
1.619999999999999929e+01 4.180622634840429891e-07 1.464917776000835661e-08
1.860000000000000142e+01 1.791059870504188107e-07 5.724638806355515495e-09
2.135000000000000142e+01 8.807009556127041559e-08 3.486448299327785437e-09
2.445000000000000284e+01 4.018066169964900473e-08 1.661583077786696327e-09
2.805000000000000071e+01 1.639700298602553346e-08 6.009635316105002515e-10
3.385000000000000142e+01 5.699171312971015337e-09 2.150262626820950526e-10
4.260000000000000142e+01 1.313793944536679973e-09 3.888238650236057665e-11
5.364999999999999858e+01 3.131541167155346723e-10 1.095158173389136063e-11
6.754999999999999716e+01 6.951726920026876569e-11 1.934077751268626557e-12
8.504999999999999716e+01 1.519345081650888976e-11 6.904859735240054693e-13
1.069000000000000057e+02 3.049613343900842604e-12 1.263667649684668353e-13
1.345000000000000000e+02 5.845239970909294832e-13 2.846221172776491444e-14
