1.075000000000000000e+01 2.786973071201673036e-06 1.746463902220123113e-07
1.234999999999999964e+01 1.338972144737586735e-06 9.402887766599820177e-08
1.414999999999999858e+01 6.187060906065774100e-07 2.856140064149565979e-08
1.619999999999999929e+01 2.782859347101755642e-07 1.043417178188038650e-08
1.860000000000000142e+01 1.285391917873729378e-07 7.630320855513795747e-09
2.135000000000000142e+01 5.769139781498466927e-08 2.561809158357693535e-09
2.445000000000000284e+01 2.755060902771818120e-08 1.378608723382898780e-09
2.805000000000000071e+01 1.097023855015922804e-08 4.681682075498733814e-10
3.385000000000000142e+01 4.204275090970886834e-09 1.821101830341019303e-10
4.260000000000000142e+01 1.019123124357107634e-09 3.847177441850163992e-11
5.364999999999999858e+01 2.484927418196327819e-10 1.238448849442919203e-11
6.754999999999999716e+01 5.784051491581292812e-11 2.176396300584410959e-12
8.504999999999999716e+01 1.208174728540178321e-11 4.157628978149523241e-13
1.069000000000000057e+02 2.490371708995728296e-12 8.965211332027773571e-14
1.345000000000000000e+02 5.302781840368712447e-13 2.083233323919093562e-14
