1.075000000000000000e+01 3.880703741438696872e-06 1.607644269157699154e-07
1.234999999999999964e+01 1.679451957620486229e-06 6.081370939094761445e-08
1.414999999999999858e+01 7.931722698709384139e-07 2.818974233524358696e-08
1.619999999999999929e+01 3.623519253347382691e-07 1.180674552786889213e-08
1.860000000000000142e+01 1.656161511190649703e-07 5.733408136158713382e-09
2.135000000000000142e+01 7.879088836160717758e-08 3.198192591706088400e-09
2.445000000000000284e+01 3.520532500444854189e-08 1.651349851532634405e-09
2.805000000000000071e+01 1.489637544926600914e-08 8.128633981726871700e-10
3.385000000000000142e+01 5.208653913841129026e-09 2.344392435078485479e-10
4.260000000000000142e+01 1.217194574091674233e-09 4.879597784111277011e-11
5.364999999999999858e+01 2.674838888517693435e-10 7.608250395628613649e-12
6.754999999999999716e+01 5.823552040681804555e-11 1.673750073653745433e-12
8.504999999999999716e+01 1.300321123330612785e-11 4.210743667644148768e-13
1.069000000000000057e+02 2.569106862451583632e-12 9.821408378677293131e-14
1.345000000000000000e+02 4.936147030517321569e-13 2.240456416862811861e-14
