1.075000000000000000e+01 4.412697869798525818e-06 1.845323862156937619e-07
1.234999999999999964e+01 2.171307817758791332e-06 1.020839986928369607e-07
1.414999999999999858e+01 1.024562813036527023e-06 3.925424909941055802e-08
1.619999999999999929e+01 4.729241159469515746e-07 1.747475928644904814e-08
1.860000000000000142e+01 2.032355645593657758e-07 6.398775012580825023e-09
2.135000000000000142e+01 9.545490523871460005e-08 3.345310985052050386e-09
2.445000000000000284e+01 4.471683834837296874e-08 1.648249408050231101e-09
2.805000000000000071e+01 2.013499208892035619e-08 9.350925939695213513e-10
3.385000000000000142e+01 6.468060566956428177e-09 2.233085665614192578e-10
4.260000000000000142e+01 1.541654422972254524e-09 4.356293322308308516e-11
5.364999999999999858e+01 4.017379029889806988e-10 1.742150616609295871e-11
6.754999999999999716e+01 7.938527491402328932e-11 1.957237209744904379e-12
8.504999999999999716e+01 1.694558228093667231e-11 5.543262093583523386e-13
1.069000000000000057e+02 3.788847058800506884e-12 1.676557620731425093e-13
1.345000000000000000e+02 6.599196316224187528e-13 2.187578654981207150e-14
