1.075000000000000000e+01 3.784495835762193882e-06 1.500267417867363088e-07
1.234999999999999964e+01 1.729633858707636235e-06 5.465060031789039542e-08
1.414999999999999858e+01 8.940369413466351028e-07 3.130795053028255012e-08
1.619999999999999929e+01 4.114595610375418788e-07 1.597274102521479142e-08
1.860000000000000142e+01 1.949941552548598644e-07 9.930702797845170627e-09
2.135000000000000142e+01 9.017323434621245970e-08 3.297463528279547989e-09
2.445000000000000284e+01 3.964856461040915816e-08 1.394256817155575270e-09
2.805000000000000071e+01 1.935320998504541040e-08 8.047160174205555894e-10
3.385000000000000142e+01 6.337760379954690643e-09 2.242724647041487333e-10
4.260000000000000142e+01 1.427692962668955540e-09 3.655484947710420650e-11
5.364999999999999858e+01 3.697838422532231171e-10 1.153667213801522202e-11
6.754999999999999716e+01 8.298065229796629806e-11 2.506484073953656883e-12
8.504999999999999716e+01 1.797331066519095895e-11 5.882606469229807461e-13
1.069000000000000057e+02 3.660601238612915251e-12 1.539558435895975231e-13
1.345000000000000000e+02 7.192098521421224665e-13 2.850812433950237064e-14
