1.075000000000000000e+01 1.709535788760917557e-06 1.297134686851626698e-07
1.234999999999999964e+01 8.426695150186781902e-07 9.097371511080451212e-08
1.414999999999999858e+01 3.575656259301574818e-07 1.956206960517353406e-08
1.619999999999999929e+01 1.752802527184414406e-07 1.091797235300833100e-08
1.860000000000000142e+01 8.001200037435277759e-08 3.283627359649379220e-09
2.135000000000000142e+01 3.529552264839091012e-08 1.405190374023488368e-09
2.445000000000000284e+01 1.943055530886033780e-08 1.053168844108385034e-09
2.805000000000000071e+01 7.487523198304631292e-09 2.588681262264202951e-10
3.385000000000000142e+01 2.895319897916395994e-09 1.314450294285851929e-10
4.260000000000000142e+01 7.938366653901741183e-10 3.367183984171787911e-11
5.364999999999999858e+01 1.962688766180102702e-10 9.175336340362780683e-12
6.754999999999999716e+01 4.302023430687602932e-11 1.480678712764975850e-12
8.504999999999999716e+01 9.814421987321789465e-12 3.829870743327030345e-13
1.069000000000000057e+02 2.069560706734373341e-12 1.148368560614978584e-13
1.345000000000000000e+02 4.408685529639293367e-13 2.108932990804604586e-14
