1.075000000000000000e+01 3.021977226533345103e-06 9.423710864936402494e-08
1.234999999999999964e+01 1.464999557874963154e-06 4.889909538543501101e-08
1.414999999999999858e+01 6.834445258565971541e-07 2.391850355084521352e-08
1.619999999999999929e+01 3.564393578849738072e-07 1.149715648255562006e-08
1.860000000000000142e+01 1.684012764909187455e-07 5.944377095680518683e-09
2.135000000000000142e+01 7.600641637078937350e-08 2.796199074947638677e-09
2.445000000000000284e+01 3.468413350716184485e-08 1.278219706281306270e-09
2.805000000000000071e+01 1.558107033665857342e-08 6.387840084285177402e-10
3.385000000000000142e+01 5.420956457314641079e-09 1.365251782617277145e-10
4.260000000000000142e+01 1.453406912219140850e-09 4.938097357151338102e-11
5.364999999999999858e+01 3.426678494223110227e-10 1.307120447451078854e-11
6.754999999999999716e+01 7.652613188201731267e-11 2.026400627001428808e-12
8.504999999999999716e+01 1.660741007797596306e-11 4.528927314414325990e-13
1.069000000000000057e+02 3.678362805030669027e-12 1.262908655398505861e-13
1.345000000000000000e+02 7.070411588003541824e-13 2.386206055132159934e-14
