1.075000000000000000e+01 8.060066045245997522e-06 2.955881873368564828e-07
1.234999999999999964e+01 3.500074786418137785e-06 1.375556801954309041e-07
1.414999999999999858e+01 1.513979139229752031e-06 5.125800794116704102e-08
1.619999999999999929e+01 6.821213072760570364e-07 2.714734238588983544e-08
1.860000000000000142e+01 2.812121080942981515e-07 1.095391176014672101e-08
2.135000000000000142e+01 1.248020931553625463e-07 4.666328254672186397e-09
2.445000000000000284e+01 5.362897509554626800e-08 2.107906973238863696e-09
2.805000000000000071e+01 2.166441736103645995e-08 9.497582539096696786e-10
3.385000000000000142e+01 6.782650713809775941e-09 2.320113609707808393e-10
4.260000000000000142e+01 1.648115861328253184e-09 8.388720053940237702e-11
5.364999999999999858e+01 3.322003281209036483e-10 1.400672677776089159e-11
6.754999999999999716e+01 7.470253904122952184e-11 2.834714173893365355e-12
8.504999999999999716e+01 1.499419097246601429e-11 5.628480855537387087e-13
1.069000000000000057e+02 3.050319017173572185e-12 1.228334741780708073e-13
1.345000000000000000e+02 6.398256593363766930e-13 3.141881828623410103e-14
