1.075000000000000000e+01 1.950889773550921126e-06 8.459930014371506609e-08
1.234999999999999964e+01 9.886611069136210679e-07 8.669936966592727388e-08
1.414999999999999858e+01 4.206833352875622924e-07 2.033394717561966044e-08
1.619999999999999929e+01 2.021476069175682840e-07 7.559162929834946247e-09
1.860000000000000142e+01 8.582184653157931876e-08 3.794316533170502466e-09
2.135000000000000142e+01 4.516051957680404468e-08 2.182429057412146253e-09
2.445000000000000284e+01 2.010892516783288911e-08 1.148986308387470417e-09
2.805000000000000071e+01 8.549403188589799962e-09 4.178479982397801219e-10
3.385000000000000142e+01 3.021889068854823850e-09 9.723903233018643662e-11
4.260000000000000142e+01 8.167380088169026372e-10 3.343537827940235687e-11
5.364999999999999858e+01 1.896474722944587466e-10 6.025662839958654639e-12
6.754999999999999716e+01 4.451498462292863076e-11 1.542610393994850967e-12
8.504999999999999716e+01 9.308579316088131693e-12 3.165926745078369729e-13
1.069000000000000057e+02 2.162365391146504932e-12 1.195903096665577401e-13
1.345000000000000000e+02 4.064972207993974669e-13 2.751749927176704497e-14
