1.075000000000000000e+01 1.900689304676647001e-06 8.149020780059435957e-08
1.234999999999999964e+01 8.507769728233013868e-07 3.931836492456467738e-08
1.414999999999999858e+01 3.660356221212488106e-07 1.708572755713580915e-08
1.619999999999999929e+01 1.786340447538817272e-07 8.058954324406238489e-09
1.860000000000000142e+01 8.002160728667134336e-08 3.981558835710358651e-09
2.135000000000000142e+01 3.739907434561596521e-08 2.033412721245865969e-09
2.445000000000000284e+01 1.713498435657880073e-08 1.128554086000436792e-09
2.805000000000000071e+01 7.094508012542372871e-09 2.892260720221140533e-10
3.385000000000000142e+01 2.482313872270104088e-09 9.489668078468414345e-11
4.260000000000000142e+01 6.148198008492224850e-10 2.294310846482653705e-11
5.364999999999999858e+01 1.657055530309816110e-10 9.396263051273637549e-12
6.754999999999999716e+01 3.592264039541543822e-11 1.536742572648199750e-12
8.504999999999999716e+01 8.013106480848610366e-12 3.600166284087743329e-13
1.069000000000000057e+02 1.640270231589213289e-12 7.026020010932900010e-14
1.345000000000000000e+02 3.276333260230512052e-13 1.462014223151209149e-14
