1.075000000000000000e+01 2.840548652827417823e-06 1.070244234850539518e-07
1.234999999999999964e+01 1.274600690213685879e-06 5.626175499287412602e-08
1.414999999999999858e+01 6.021117086493310484e-07 2.391753009083364131e-08
1.619999999999999929e+01 2.659137395355571620e-07 9.878361925350126518e-09
1.860000000000000142e+01 1.296871244935399346e-07 5.619281707785786418e-09
2.135000000000000142e+01 5.678296028906640464e-08 2.863253949738404990e-09
2.445000000000000284e+01 2.280340992941872389e-08 9.857558814628494390e-10
2.805000000000000071e+01 9.775562056871479854e-09 3.426719319738610101e-10
3.385000000000000142e+01 3.657714857810174071e-09 1.736225202925458633e-10
4.260000000000000142e+01 8.547369261014361077e-10 3.470111168225360809e-11
5.364999999999999858e+01 2.111506730440729940e-10 7.001259599617722366e-12
6.754999999999999716e+01 4.374701502897304772e-11 1.643611732638656202e-12
8.504999999999999716e+01 9.790331389972772774e-12 3.901587129892661641e-13
1.069000000000000057e+02 2.107022321452202735e-12 1.268161173450641884e-13
1.345000000000000000e+02 3.567788000218731660e-13 1.403227342499570515e-14
