1.075000000000000000e+01 7.688905766933670164e-06 2.836069070378165666e-07
1.234999999999999964e+01 3.477891205163822048e-06 1.683358518808557618e-07
1.414999999999999858e+01 1.448219722374654456e-06 5.057071404606720188e-08
1.619999999999999929e+01 6.650064990560708840e-07 2.404220278324549601e-08
1.860000000000000142e+01 2.851917055388079468e-07 8.777997821119367162e-09
2.135000000000000142e+01 1.306455439972922517e-07 5.081821599832586737e-09
2.445000000000000284e+01 5.438594766314725707e-08 2.176037417204596007e-09
2.805000000000000071e+01 2.168183145115053071e-08 8.734080700040678375e-10
3.385000000000000142e+01 7.268889603957066601e-09 2.325564516673130918e-10
4.260000000000000142e+01 1.617901164635056895e-09 5.138565333052587059e-11
5.364999999999999858e+01 3.773881326411414462e-10 1.423247595126226635e-11
6.754999999999999716e+01 7.606570015371418614e-11 2.265199212011756271e-12
8.504999999999999716e+01 1.833938636368942008e-11 7.810617714949343576e-13
1.069000000000000057e+02 3.202088984459498499e-12 1.101414636067699409e-13
1.345000000000000000e+02 6.018905513757085807e-13 2.055036733001006268e-14
