1.075000000000000000e+01 2.091110266590468733e-06 1.554713414524249893e-07
1.234999999999999964e+01 9.615987618731330897e-07 4.453460626414312995e-08
1.414999999999999858e+01 4.687756200677769159e-07 1.829297403993423062e-08
1.619999999999999929e+01 2.346082169131889417e-07 1.091529635701756355e-08
1.860000000000000142e+01 1.010451076481829038e-07 3.391893268003216862e-09
2.135000000000000142e+01 5.471058994688416631e-08 2.511193800485235998e-09
2.445000000000000284e+01 2.553274124954845084e-08 1.170781639124941170e-09
2.805000000000000071e+01 1.108713130141925411e-08 4.304332251004779141e-10
3.385000000000000142e+01 4.001170500264418521e-09 1.083497776091097339e-10
4.260000000000000142e+01 1.064746290715554331e-09 3.048106593088296825e-11
5.364999999999999858e+01 2.556101062370985075e-10 6.359097898351503997e-12
6.754999999999999716e+01 6.034255549931241938e-11 1.490971063534670331e-12
8.504999999999999716e+01 1.443782335745405033e-11 4.661968863137226265e-13
1.069000000000000057e+02 3.099781018279366470e-12 1.022908407970225476e-13
1.345000000000000000e+02 5.900542942020933320e-13 1.817174153517066793e-14
