1.075000000000000000e+01 1.780547772655095927e-06 7.786897654408893985e-08
1.234999999999999964e+01 8.629795500419524545e-07 4.586984576528491741e-08
1.414999999999999858e+01 3.705467413671015675e-07 1.942433567596675226e-08
1.619999999999999929e+01 1.907947819542426570e-07 7.765308134676866447e-09
1.860000000000000142e+01 8.502667190710537949e-08 3.777722694169587769e-09
2.135000000000000142e+01 4.222354378560315133e-08 2.246119861072286937e-09
2.445000000000000284e+01 1.841864193566511074e-08 9.443605531551404500e-10
2.805000000000000071e+01 8.855716707083209502e-09 5.929296940862672662e-10
3.385000000000000142e+01 2.777691480172222857e-09 9.100515982489099738e-11
4.260000000000000142e+01 7.685166318895614817e-10 3.148228884429064319e-11
5.364999999999999858e+01 1.860468689105682455e-10 9.168399809723071363e-12
6.754999999999999716e+01 4.200467090829438749e-11 1.307836247779903039e-12
8.504999999999999716e+01 9.587010938240402274e-12 3.890694912573321567e-13
1.069000000000000057e+02 1.926635230720077960e-12 7.379108691123154629e-14
1.345000000000000000e+02 4.029709474384436767e-13 2.069325849543448802e-14
