1.075000000000000000e+01 2.149582653727687061e-06 1.300637541563592647e-07
1.234999999999999964e+01 9.288842928389057672e-07 4.575508862287537565e-08
1.414999999999999858e+01 4.357434236167851844e-07 2.142864781038343915e-08
1.619999999999999929e+01 1.923603484419460594e-07 8.501746358466145599e-09
1.860000000000000142e+01 8.567364520920296281e-08 4.198282945937989614e-09
2.135000000000000142e+01 3.766520952443588051e-08 1.804328194520865594e-09
2.445000000000000284e+01 1.801899084803503442e-08 1.005954931642981562e-09
2.805000000000000071e+01 7.531754491073934085e-09 3.648449240567095151e-10
3.385000000000000142e+01 2.655472770208885300e-09 1.329095309756556905e-10
4.260000000000000142e+01 6.556109844037082615e-10 2.609474566029729515e-11
5.364999999999999858e+01 1.631770120535802166e-10 5.798824972079185441e-12
6.754999999999999716e+01 3.703440249115533780e-11 1.458181705772458220e-12
8.504999999999999716e+01 7.970856999933960968e-12 2.666731195435757909e-13
1.069000000000000057e+02 1.760854779559553069e-12 6.980908044491922565e-14
1.345000000000000000e+02 3.704610786868818535e-13 1.551924090065151150e-14
