1.075000000000000000e+01 1.460461838701175449e-06 7.181632463771139597e-08
1.234999999999999964e+01 7.080362576133967566e-07 3.731900815678518387e-08
1.414999999999999858e+01 3.261214310010250298e-07 1.755451228670211452e-08
1.619999999999999929e+01 1.467883214255230189e-07 6.840445681905951184e-09
1.860000000000000142e+01 7.181728355340771350e-08 4.004252561598969004e-09
2.135000000000000142e+01 3.243758949931818698e-08 1.992380815887096314e-09
2.445000000000000284e+01 1.418189202105692592e-08 7.819473512719845343e-10
2.805000000000000071e+01 6.545098335615521015e-09 4.503736372145574327e-10
3.385000000000000142e+01 2.064001890883174794e-09 7.762378351513159138e-11
4.260000000000000142e+01 5.574690893272403786e-10 2.230528925291412957e-11
5.364999999999999858e+01 1.381242298287564066e-10 4.757589595431324258e-12
6.754999999999999716e+01 3.297548955738958026e-11 1.301816355421662140e-12
8.504999999999999716e+01 7.275780592284615276e-12 3.044811746196874594e-13
1.069000000000000057e+02 1.579807167513263497e-12 6.285293521940922855e-14
1.345000000000000000e+02 3.260803017181270169e-13 1.375998909744354787e-14
