1.075000000000000000e+01 3.159359037397113335e-06 1.826008605862961454e-07
1.234999999999999964e+01 1.414558904429710379e-06 6.153566277077059463e-08
1.414999999999999858e+01 5.841887477498574097e-07 3.109317867825959737e-08
1.619999999999999929e+01 3.169500459703335684e-07 2.204218544112260188e-08
1.860000000000000142e+01 1.280788535651879894e-07 1.010172835669426383e-08
2.135000000000000142e+01 5.072520247282672575e-08 2.463977516616262732e-09
2.445000000000000284e+01 2.246974354819325111e-08 1.263457318210580190e-09
2.805000000000000071e+01 9.387988106080252901e-09 5.302393580708913174e-10
3.385000000000000142e+01 3.278687443007140823e-09 1.505237339725978694e-10
4.260000000000000142e+01 7.377855396108296970e-10 2.602263873955136223e-11
5.364999999999999858e+01 1.877392795318414811e-10 1.224970205878471846e-11
6.754999999999999716e+01 4.188986573679301328e-11 1.408189571856233881e-12
8.504999999999999716e+01 9.519911945698737443e-12 4.548955612404883446e-13
1.069000000000000057e+02 2.014170092500573919e-12 8.782051922800523698e-14
1.345000000000000000e+02 3.872433428312529428e-13 2.585334286297715083e-14
