1.075000000000000000e+01 2.299436742063354295e-06 7.950678048575186988e-08
1.234999999999999964e+01 1.214675467709080969e-06 5.209038122110141812e-08
1.414999999999999858e+01 5.361253340187664769e-07 1.702385500944328334e-08
1.619999999999999929e+01 2.641246456751283786e-07 9.344617004602006736e-09
1.860000000000000142e+01 1.292125292370226546e-07 4.650826713168350502e-09
2.135000000000000142e+01 5.665292451743665817e-08 2.105674421157413107e-09
2.445000000000000284e+01 2.642055230537984047e-08 1.300310377410410246e-09
2.805000000000000071e+01 1.129420732221044464e-08 4.166992161648370686e-10
3.385000000000000142e+01 4.182574642961388021e-09 1.175383799332151020e-10
4.260000000000000142e+01 1.056040598986740962e-09 2.742018352002315396e-11
5.364999999999999858e+01 2.468267577289676726e-10 6.158006857360739513e-12
6.754999999999999716e+01 6.202147400012638472e-11 1.805925861742680197e-12
8.504999999999999716e+01 1.384481215462346291e-11 4.186115188231318627e-13
1.069000000000000057e+02 2.991812507729006190e-12 1.059139752561139772e-13
1.345000000000000000e+02 5.574018334843040702e-13 2.171989907509434258e-14
