1.075000000000000000e+01 3.213514945621844287e-06 1.811890188312055356e-07
1.234999999999999964e+01 1.368132640289734717e-06 6.190653578139815790e-08
1.414999999999999858e+01 5.872796013273753593e-07 2.465503557837357085e-08
1.619999999999999929e+01 2.937179698248722394e-07 1.578132410153864849e-08
1.860000000000000142e+01 1.098645448401274301e-07 4.673260473773206569e-09
2.135000000000000142e+01 5.602389180546285414e-08 2.818870350244775476e-09
2.445000000000000284e+01 2.254343555913399415e-08 1.248888408242692804e-09
2.805000000000000071e+01 1.012265241468988140e-08 5.705670259013250587e-10
3.385000000000000142e+01 3.520652549358650292e-09 1.788648112425434517e-10
4.260000000000000142e+01 8.316607933853298222e-10 3.764770535274058738e-11
5.364999999999999858e+01 1.836665318852874316e-10 6.204444619155346577e-12
6.754999999999999716e+01 4.176984958363196850e-11 1.576839016213439759e-12
8.504999999999999716e+01 1.072813556277320127e-11 5.415307909821678116e-13
1.069000000000000057e+02 2.026040733046705293e-12 1.231377936077172425e-13
1.345000000000000000e+02 3.539346016212301447e-13 1.500566302389500901e-14
