1.075000000000000000e+01 2.382236808777273793e-06 1.326904133326811583e-07
1.234999999999999964e+01 1.042897935699920928e-06 3.950302583600740835e-08
1.414999999999999858e+01 5.372108400084026270e-07 2.528952185164434978e-08
1.619999999999999929e+01 2.416706754478877088e-07 8.941030054769137226e-09
1.860000000000000142e+01 1.168298995702023957e-07 7.262405519791345187e-09
2.135000000000000142e+01 5.450030411130529347e-08 2.569632596181843427e-09
2.445000000000000284e+01 2.348488879000570521e-08 1.120103185621297954e-09
2.805000000000000071e+01 1.132646287187721439e-08 6.484494955138583418e-10
3.385000000000000142e+01 3.539503895036417981e-09 1.214541388274298804e-10
4.260000000000000142e+01 8.724609705174108650e-10 3.092478390672552814e-11
5.364999999999999858e+01 2.044588845379711152e-10 9.487094626486807030e-12
6.754999999999999716e+01 4.580601151897725786e-11 1.235726562600535626e-12
8.504999999999999716e+01 1.035605189696264365e-11 3.786604178115878930e-13
1.069000000000000057e+02 2.132271170573156789e-12 8.168849770339713093e-14
1.345000000000000000e+02 4.260186382614168835e-13 2.134763768420655142e-14
