1.075000000000000000e+01 2.053439176137134130e-06 1.351149956667014436e-07
1.234999999999999964e+01 8.868243416739736541e-07 3.382438448087110172e-08
1.414999999999999858e+01 4.141474608269211396e-07 1.827565126951688302e-08
1.619999999999999929e+01 1.753623753587661411e-07 6.728166555372093135e-09
1.860000000000000142e+01 8.846170251627324438e-08 4.086175477571797429e-09
2.135000000000000142e+01 4.358236779161524157e-08 2.580634894107776521e-09
2.445000000000000284e+01 1.782695320861372261e-08 7.815872692751028810e-10
2.805000000000000071e+01 8.481501983966512866e-09 4.914202528092620301e-10
3.385000000000000142e+01 2.597145490492623940e-09 9.151344291472220853e-11
4.260000000000000142e+01 7.107815238313238379e-10 3.341073373430744946e-11
5.364999999999999858e+01 1.580538594279589741e-10 8.935402784407924217e-12
6.754999999999999716e+01 3.901560311601581574e-11 1.678866690596823658e-12
8.504999999999999716e+01 8.059634246012157107e-12 3.293963283364379878e-13
1.069000000000000057e+02 1.630672582703612037e-12 7.715770465441999179e-14
1.345000000000000000e+02 3.047251314832572805e-13 1.311240373116185323e-14
