1.075000000000000000e+01 1.767330063292304189e-06 1.210737533724449597e-07
1.234999999999999964e+01 8.744798638080553088e-07 4.758263175124127142e-08
1.414999999999999858e+01 4.525018126439067874e-07 2.987787191213503915e-08
1.619999999999999929e+01 1.878839395706571416e-07 1.090324970478158398e-08
1.860000000000000142e+01 8.433893788792349732e-08 3.721170085771377095e-09
2.135000000000000142e+01 3.703175566862110220e-08 1.804103741909984351e-09
2.445000000000000284e+01 1.775610448002748145e-08 8.634790981072916680e-10
2.805000000000000071e+01 7.603645499226462994e-09 3.007833357396558437e-10
3.385000000000000142e+01 2.757090586843836518e-09 1.315010683338520413e-10
4.260000000000000142e+01 7.415419112952585820e-10 3.123688854282636880e-11
5.364999999999999858e+01 1.718060251813393664e-10 8.807638885735165719e-12
6.754999999999999716e+01 4.060993061806549650e-11 1.729391481533665003e-12
8.504999999999999716e+01 9.154519560398529683e-12 3.965247493046781328e-13
1.069000000000000057e+02 1.882704776274678432e-12 7.127560733166596758e-14
1.345000000000000000e+02 3.777219710664013732e-13 1.573042849883066968e-14
