1.075000000000000000e+01 4.540094108676248412e-06 1.699218752953622161e-07
1.234999999999999964e+01 2.115436497546723604e-06 7.395306921756652639e-08
1.414999999999999858e+01 9.650453862529504754e-07 2.874645807216000256e-08
1.619999999999999929e+01 4.858477659887983289e-07 1.826978379017594120e-08
1.860000000000000142e+01 2.082530671086254476e-07 6.399346921650894680e-09
2.135000000000000142e+01 9.905736561916141616e-08 3.946081976384717193e-09
2.445000000000000284e+01 4.382672599920362158e-08 1.842052671077625845e-09
2.805000000000000071e+01 1.922642469025462882e-08 7.309452417402089617e-10
3.385000000000000142e+01 6.496830291423347093e-09 2.163077420462442843e-10
4.260000000000000142e+01 1.568306251671149248e-09 4.895224376974288269e-11
5.364999999999999858e+01 3.589077522767153854e-10 1.154656249000810840e-11
6.754999999999999716e+01 8.199165880232760278e-11 2.780587143526585440e-12
8.504999999999999716e+01 1.768608822995364098e-11 5.581609321568611166e-13
1.069000000000000057e+02 3.285961443071158247e-12 1.012540294285383476e-13
1.345000000000000000e+02 6.635703887380988289e-13 2.520292673246985180e-14
