1.075000000000000000e+01 5.160452359648234795e-06 2.318548662709892102e-07
1.234999999999999964e+01 2.324668589048564886e-06 1.104296402340814274e-07
1.414999999999999858e+01 1.087074509131310969e-06 4.170799703488984398e-08
1.619999999999999929e+01 4.787353753087536361e-07 1.491667429442860198e-08
1.860000000000000142e+01 2.195246003276321391e-07 9.725860684323354893e-09
2.135000000000000142e+01 8.987160103196631623e-08 3.709798225256629066e-09
2.445000000000000284e+01 3.859305022134066391e-08 1.538633101570216945e-09
2.805000000000000071e+01 1.787182947357082809e-08 7.856940874378240006e-10
3.385000000000000142e+01 5.610325577289469091e-09 2.200111104901044927e-10
4.260000000000000142e+01 1.311508030790799623e-09 4.502079201097003213e-11
5.364999999999999858e+01 3.200116726823221564e-10 1.177736230113758774e-11
6.754999999999999716e+01 6.551823324597229267e-11 1.885646843915668508e-12
8.504999999999999716e+01 1.424027590616440361e-11 4.718226691734077534e-13
1.069000000000000057e+02 3.002710829977236933e-12 1.154053995623956623e-13
1.345000000000000000e+02 6.176087956510519304e-13 2.711920186565633526e-14
