1.075000000000000000e+01 3.561622979014555784e-06 1.150642272106873689e-07
1.234999999999999964e+01 1.643516769456892928e-06 5.801167284480215853e-08
1.414999999999999858e+01 7.752275753527650609e-07 2.425272205373356284e-08
1.619999999999999929e+01 3.696940259455696793e-07 1.372550899225806322e-08
1.860000000000000142e+01 1.748689098694443437e-07 6.023743498858396459e-09
2.135000000000000142e+01 7.405822819249160591e-08 2.700548136924300669e-09
2.445000000000000284e+01 3.535635691611598505e-08 1.390753464555540976e-09
2.805000000000000071e+01 1.584967689950006285e-08 6.359688516074244871e-10
3.385000000000000142e+01 5.426082418252423345e-09 1.814665977893178301e-10
4.260000000000000142e+01 1.285019267930480785e-09 4.425774460367134525e-11
5.364999999999999858e+01 3.190312979373928146e-10 1.326305783878252354e-11
6.754999999999999716e+01 7.211596340163312105e-11 5.159817866796344697e-12
8.504999999999999716e+01 1.654485071926442954e-11 7.583961105080737150e-13
1.069000000000000057e+02 2.958303778036052726e-12 1.109128353762248604e-13
1.345000000000000000e+02 5.693242754527071903e-13 2.413248710374193402e-14
