1.075000000000000000e+01 2.433474780720686621e-06 1.405036046954656309e-07
1.234999999999999964e+01 1.091258089603215303e-06 5.339035291256865733e-08
1.414999999999999858e+01 4.648019488740086225e-07 2.645574016613469172e-08
1.619999999999999929e+01 2.078045914324709079e-07 8.948692649970693050e-09
1.860000000000000142e+01 9.360322480918362385e-08 4.650906742829988336e-09
2.135000000000000142e+01 4.288516840453861159e-08 2.525886127347783689e-09
2.445000000000000284e+01 1.669299286872397219e-08 7.860811217598274397e-10
2.805000000000000071e+01 8.307450588096734578e-09 4.580649193034700992e-10
3.385000000000000142e+01 2.659203545528330651e-09 1.045034567316584344e-10
4.260000000000000142e+01 6.066099758219676473e-10 2.309780286915272693e-11
5.364999999999999858e+01 1.511514782228419947e-10 5.299216382661283461e-12
6.754999999999999716e+01 3.544427799574866340e-11 1.564737449130514428e-12
8.504999999999999716e+01 7.693353867971090447e-12 2.732645529768973017e-13
1.069000000000000057e+02 1.669072462391713337e-12 1.063997480943402553e-13
1.345000000000000000e+02 3.221918962960054769e-13 1.223906334749487903e-14
