1.075000000000000000e+01 6.289263813367359028e-06 3.089268548130333332e-07
1.234999999999999964e+01 2.548774923576729742e-06 8.981141277411233905e-08
1.414999999999999858e+01 1.116442136401070289e-06 4.413024125338195812e-08
1.619999999999999929e+01 5.129675722720747123e-07 2.496090229868325214e-08
1.860000000000000142e+01 2.036565558721661177e-07 7.184113070347850278e-09
2.135000000000000142e+01 9.452347210473575331e-08 3.800598763290942766e-09
2.445000000000000284e+01 3.933227176832266353e-08 1.742909483125318819e-09
2.805000000000000071e+01 1.622193910911585135e-08 6.464446725961631310e-10
3.385000000000000142e+01 4.895467447563146042e-09 1.683574761794474936e-10
4.260000000000000142e+01 1.173415614029047203e-09 3.611309123375997381e-11
5.364999999999999858e+01 2.789134834550763063e-10 1.328534205899851942e-11
6.754999999999999716e+01 6.150173052990058369e-11 2.284435896296212337e-12
8.504999999999999716e+01 1.212448280479182705e-11 4.284272564976189746e-13
1.069000000000000057e+02 2.463506254917522227e-12 9.537481783987034156e-14
1.345000000000000000e+02 4.243520554811086402e-13 1.594998174946614565e-14
