1.075000000000000000e+01 5.470597326024615219e-06 2.554509161458399775e-07
1.234999999999999964e+01 2.231610738222626662e-06 1.068984746711374445e-07
1.414999999999999858e+01 1.053388178036164329e-06 3.935240395431346846e-08
1.619999999999999929e+01 4.731992120458644806e-07 2.140409086677870125e-08
1.860000000000000142e+01 2.123862992485579598e-07 9.722312458141628223e-09
2.135000000000000142e+01 8.786875770607654957e-08 3.801091298367274256e-09
2.445000000000000284e+01 3.752143807683661150e-08 1.519601833064467688e-09
2.805000000000000071e+01 1.672051953111019203e-08 7.095431819662550649e-10
3.385000000000000142e+01 5.237842748780140855e-09 1.577610472702664502e-10
4.260000000000000142e+01 1.196242844575246844e-09 4.037617224460842959e-11
5.364999999999999858e+01 3.021109357859546363e-10 1.555408450455932550e-11
6.754999999999999716e+01 6.378018145911810054e-11 2.382681142959377858e-12
8.504999999999999716e+01 1.331020899761898153e-11 4.876431467172612710e-13
1.069000000000000057e+02 2.516873535481546000e-12 1.245020326192355272e-13
1.345000000000000000e+02 5.190353515198715927e-13 2.767473178980833719e-14
