1.075000000000000000e+01 1.612905742818293246e-06 8.279113997114076192e-08
1.234999999999999964e+01 7.599226155559532524e-07 3.392111291317930432e-08
1.414999999999999858e+01 3.199910583366267438e-07 1.735258218984632069e-08
1.619999999999999929e+01 1.642051861804977382e-07 1.397423903270906897e-08
1.860000000000000142e+01 7.299836954617439300e-08 3.578167023760870770e-09
2.135000000000000142e+01 3.154058705926563969e-08 1.509792715287228140e-09
2.445000000000000284e+01 1.686400024385639947e-08 1.032783317590178370e-09
2.805000000000000071e+01 6.514826769915423073e-09 3.456163138155478961e-10
3.385000000000000142e+01 2.479297863410625611e-09 9.768726524305667553e-11
4.260000000000000142e+01 6.542448031591647697e-10 2.736572411499491869e-11
5.364999999999999858e+01 1.390694346215694010e-10 4.227088813302745298e-12
6.754999999999999716e+01 3.703716855497278140e-11 1.423411415461731187e-12
8.504999999999999716e+01 8.232892378714428922e-12 3.181018044182414110e-13
1.069000000000000057e+02 1.823005912189538666e-12 7.891313775471794341e-14
1.345000000000000000e+02 3.555965397900532012e-13 1.436058660721921002e-14
