1.075000000000000000e+01 2.242133839982329232e-06 8.730986111307601755e-08
1.234999999999999964e+01 1.081275280671193602e-06 5.115274434852886450e-08
1.414999999999999858e+01 5.621522574974081565e-07 2.867964036113034022e-08
1.619999999999999929e+01 2.473508456710563958e-07 8.997454007948608688e-09
1.860000000000000142e+01 1.038473884309274905e-07 3.720688214109859270e-09
2.135000000000000142e+01 4.958558778764139465e-08 1.917320088319920014e-09
2.445000000000000284e+01 2.266532776643067485e-08 8.910890819500676517e-10
2.805000000000000071e+01 1.101163690355307127e-08 5.413484810248832397e-10
3.385000000000000142e+01 3.836702335910783298e-09 1.463734421147742737e-10
4.260000000000000142e+01 9.705267123054758067e-10 3.238972219863937705e-11
5.364999999999999858e+01 2.331462580007611247e-10 6.367578219388754076e-12
6.754999999999999716e+01 5.536536995995402286e-11 1.936690184238283873e-12
8.504999999999999716e+01 1.273076347212607381e-11 4.111755434675898894e-13
1.069000000000000057e+02 2.495169099963594809e-12 8.472556063839713562e-14
1.345000000000000000e+02 5.043743044641304492e-13 2.131281498850355531e-14
