1.075000000000000000e+01 1.412505766092979211e-06 6.830342495822504250e-08
1.234999999999999964e+01 6.861455193095899441e-07 3.569170702622066141e-08
1.414999999999999858e+01 3.271391988444409261e-07 1.349904834786570395e-08
1.619999999999999929e+01 1.644172625233376984e-07 1.102272641536887282e-08
1.860000000000000142e+01 7.005376313562118519e-08 3.234018296142299120e-09
2.135000000000000142e+01 3.268971227761234631e-08 1.829871492420819986e-09
2.445000000000000284e+01 1.485326106828938229e-08 8.594615490319271876e-10
2.805000000000000071e+01 6.338547225088561824e-09 2.250242954212664582e-10
3.385000000000000142e+01 2.435908743950304298e-09 8.551291714322244019e-11
4.260000000000000142e+01 6.524369942517458870e-10 2.242500188394911007e-11
5.364999999999999858e+01 1.647638446285567412e-10 5.038986752756215340e-12
6.754999999999999716e+01 4.004863051759950937e-11 1.429885323846376483e-12
8.504999999999999716e+01 9.274826344325096596e-12 3.121572699957202632e-13
1.069000000000000057e+02 1.953613304130838277e-12 7.384739105102789534e-14
1.345000000000000000e+02 4.236171836450354315e-13 1.580216442887369238e-14
