1.075000000000000000e+01 4.237961065454583549e-06 2.376672747282877636e-07
1.234999999999999964e+01 1.695837963004293921e-06 6.289110351432403724e-08
1.414999999999999858e+01 8.367215901706313343e-07 4.016409926987994688e-08
1.619999999999999929e+01 3.402067332999194455e-07 1.150978238808567290e-08
1.860000000000000142e+01 1.597475551477543719e-07 8.204590746571234542e-09
2.135000000000000142e+01 7.423510293060460805e-08 3.296170271301954952e-09
2.445000000000000284e+01 3.009956969086082057e-08 1.341339070858484472e-09
2.805000000000000071e+01 1.346667787779313438e-08 5.751253684024100526e-10
3.385000000000000142e+01 4.609199062831990673e-09 2.071923364083988321e-10
4.260000000000000142e+01 1.094226487640584486e-09 4.503515769731181166e-11
5.364999999999999858e+01 2.565476592421246910e-10 1.056166879318202265e-11
6.754999999999999716e+01 6.402305933914179322e-11 5.073359336162303672e-12
8.504999999999999716e+01 1.225242836353610389e-11 4.038291685729155767e-13
1.069000000000000057e+02 2.573440061905002305e-12 9.671652074261633794e-14
1.345000000000000000e+02 5.449156197344680768e-13 2.604425265273164372e-14
