1.075000000000000000e+01 2.445877726766903251e-06 1.396173417155010836e-07
1.234999999999999964e+01 1.131337237665005303e-06 5.360275290011853426e-08
1.414999999999999858e+01 5.307692512585463419e-07 2.776464717892649277e-08
1.619999999999999929e+01 2.391089245150917362e-07 1.459954110986057292e-08
1.860000000000000142e+01 1.105784651563785530e-07 4.916197610908739736e-09
2.135000000000000142e+01 4.861037875679369457e-08 2.069945480224190760e-09
2.445000000000000284e+01 2.377539627503245491e-08 1.278933952913447645e-09
2.805000000000000071e+01 1.091669627992466259e-08 6.491134403686175982e-10
3.385000000000000142e+01 3.592818956128500181e-09 1.794814090558116492e-10
4.260000000000000142e+01 8.278635379766806783e-10 3.261420592902800920e-11
5.364999999999999858e+01 2.111065928634168932e-10 9.645052860276992918e-12
6.754999999999999716e+01 4.437730703199375872e-11 1.536186971165630939e-12
8.504999999999999716e+01 1.015022126124593266e-11 3.851009997279116164e-13
1.069000000000000057e+02 2.245107333590908802e-12 9.914837787610721208e-14
1.345000000000000000e+02 4.462222978938215120e-13 2.613376999221307300e-14
