1.075000000000000000e+01 5.022076027446897252e-06 2.003593834467722800e-07
1.234999999999999964e+01 2.335902137107576118e-06 1.284595146217310614e-07
1.414999999999999858e+01 1.095588031939396632e-06 3.685014864434582777e-08
1.619999999999999929e+01 5.284076488283116095e-07 2.018009975075982222e-08
1.860000000000000142e+01 2.388218744351562802e-07 7.795164592804596574e-09
2.135000000000000142e+01 1.094543032661765924e-07 5.917960674218979283e-09
2.445000000000000284e+01 4.714158039322794325e-08 1.886747457538172131e-09
2.805000000000000071e+01 2.070672248742221647e-08 8.349172460250729016e-10
3.385000000000000142e+01 7.095050751455989718e-09 1.896903859803698889e-10
4.260000000000000142e+01 1.604963931791184901e-09 4.684982706306231321e-11
5.364999999999999858e+01 3.969435441565633231e-10 1.223192158145828811e-11
6.754999999999999716e+01 8.621552098441182653e-11 2.292221079178754811e-12
8.504999999999999716e+01 1.866125057570075991e-11 5.958345435317867800e-13
1.069000000000000057e+02 3.660285770296415496e-12 1.149917278433321380e-13
1.345000000000000000e+02 7.488940834276928986e-13 3.376864423143473962e-14
