1.075000000000000000e+01 2.760337888776380521e-06 9.280925119365803414e-08
1.234999999999999964e+01 1.382597108510582776e-06 4.601216808759047531e-08
1.414999999999999858e+01 7.147501019360261068e-07 2.935335399032178025e-08
1.619999999999999929e+01 3.093864097219442762e-07 9.789093926031196195e-09
1.860000000000000142e+01 1.508095353614549444e-07 7.869937619501282846e-09
2.135000000000000142e+01 7.110566625118950746e-08 2.822680936228318278e-09
2.445000000000000284e+01 3.289064395922671799e-08 1.604794955344057137e-09
2.805000000000000071e+01 1.447868780532411978e-08 5.609188840057874876e-10
3.385000000000000142e+01 5.281198666619625916e-09 2.147053049094114170e-10
4.260000000000000142e+01 1.276300188333941041e-09 3.884069459031457977e-11
5.364999999999999858e+01 2.875346343720032978e-10 7.689232632031638067e-12
6.754999999999999716e+01 6.859817219833404448e-11 1.948168149603188687e-12
8.504999999999999716e+01 1.493600358020510167e-11 4.774503226642335346e-13
1.069000000000000057e+02 3.217736119198198566e-12 1.140591337737753038e-13
1.345000000000000000e+02 6.385006213990276448e-13 2.694306840780714151e-14
