1.075000000000000000e+01 8.610466382551695640e-06 3.549050771916832668e-07
1.234999999999999964e+01 3.402163603916690832e-06 9.411320436784522250e-08
1.414999999999999858e+01 1.700298387672425599e-06 5.704896554374795877e-08
1.619999999999999929e+01 7.467862064833332327e-07 2.868125788004693292e-08
1.860000000000000142e+01 3.362696851845464580e-07 1.441143006981717100e-08
2.135000000000000142e+01 1.362783428949924764e-07 4.541088180129284442e-09
2.445000000000000284e+01 6.646116656769344095e-08 2.597580304689095536e-09
2.805000000000000071e+01 2.674690804944213867e-08 9.376698982689257332e-10
3.385000000000000142e+01 8.499270255472641649e-09 3.216458480952786983e-10
4.260000000000000142e+01 1.941083962336208212e-09 6.229512155753728641e-11
5.364999999999999858e+01 4.251412063419902017e-10 1.463836300180711413e-11
6.754999999999999716e+01 8.893989785666829983e-11 2.855284262846133045e-12
8.504999999999999716e+01 1.898862036493183843e-11 5.773623651743490619e-13
1.069000000000000057e+02 3.771611466210149362e-12 1.479494678011116166e-13
1.345000000000000000e+02 7.298313949606347944e-13 3.704227248699298081e-14
