1.075000000000000000e+01 7.497091640624689267e-06 2.808009090808758060e-07
1.234999999999999964e+01 3.449349277672603536e-06 1.504947179472935152e-07
1.414999999999999858e+01 1.475728670948596790e-06 5.078010766835533052e-08
1.619999999999999929e+01 6.774994728406345287e-07 2.665494802236089830e-08
1.860000000000000142e+01 2.937891579201181246e-07 8.618994914366447383e-09
2.135000000000000142e+01 1.335440771266446168e-07 4.471383516590767956e-09
2.445000000000000284e+01 5.665294908016847034e-08 2.313970670766031192e-09
2.805000000000000071e+01 2.399557426011480362e-08 1.020278628104922407e-09
3.385000000000000142e+01 8.393367208526489118e-09 3.347332193288243728e-10
4.260000000000000142e+01 1.758552167518982637e-09 8.270255207082509992e-11
5.364999999999999858e+01 3.917942779449198002e-10 1.625047683109530837e-11
6.754999999999999716e+01 8.685233477166715732e-11 3.064329782415944804e-12
8.504999999999999716e+01 1.737266592309016335e-11 6.448416452111669393e-13
1.069000000000000057e+02 3.490940243104200149e-12 1.337580407618917850e-13
1.345000000000000000e+02 6.643730268638282108e-13 2.771190805256111724e-14
