1.075000000000000000e+01 2.163550679911104050e-06 8.980105549947383444e-08
1.234999999999999964e+01 9.775975537609711009e-07 3.375853337509408631e-08
1.414999999999999858e+01 4.655113835856925565e-07 1.838763202252870811e-08
1.619999999999999929e+01 2.138986801823769989e-07 7.695335667517259129e-09
1.860000000000000142e+01 1.212547191360966442e-07 7.702629556301473244e-09
2.135000000000000142e+01 4.614286598952962916e-08 1.856983597748600118e-09
2.445000000000000284e+01 2.219813399079528404e-08 1.032230663868962268e-09
2.805000000000000071e+01 1.036408326393904079e-08 5.025120087711274688e-10
3.385000000000000142e+01 3.552794729650123559e-09 1.383357926171217776e-10
4.260000000000000142e+01 8.404828441402423618e-10 2.770986962466460283e-11
5.364999999999999858e+01 2.206946675259263725e-10 9.462064009789994014e-12
6.754999999999999716e+01 4.877348477896520924e-11 1.573701607234110636e-12
8.504999999999999716e+01 1.045597161433058063e-11 3.804246287886079229e-13
1.069000000000000057e+02 2.075376210217192972e-12 6.958181860949060189e-14
1.345000000000000000e+02 4.359862693976675361e-13 1.633615276678517695e-14
