1.075000000000000000e+01 5.490602268729212960e-06 2.766951156288732563e-07
1.234999999999999964e+01 2.507837533030831615e-06 1.080928859071898428e-07
1.414999999999999858e+01 1.207587103474508706e-06 4.467968163991365970e-08
1.619999999999999929e+01 5.273938347656307493e-07 1.944025849371105372e-08
1.860000000000000142e+01 2.475629747493336952e-07 7.642482928185596990e-09
2.135000000000000142e+01 1.114124850067815884e-07 4.039476036642841505e-09
2.445000000000000284e+01 4.829465365081013700e-08 1.716362208401812173e-09
2.805000000000000071e+01 2.266653588717851162e-08 8.400957543280338691e-10
3.385000000000000142e+01 7.419157154843248956e-09 2.460277764238638747e-10
4.260000000000000142e+01 1.758214212964144452e-09 5.025894538148316919e-11
5.364999999999999858e+01 4.225455948198776225e-10 1.232360609478616590e-11
6.754999999999999716e+01 8.763656320157329809e-11 2.455608546107821833e-12
8.504999999999999716e+01 1.923328275271196433e-11 5.611183118131782366e-13
1.069000000000000057e+02 3.892882618867824735e-12 1.270588877475792163e-13
1.345000000000000000e+02 7.599822134523065475e-13 3.026306766526998384e-14
