1.075000000000000000e+01 2.385547883900359378e-01 9.851432809856407874e-03
1.234999999999999964e+01 2.714251199034373174e-01 1.197575257769254060e-02
1.414999999999999858e+01 3.171282265028298464e-01 1.176301357820111297e-02
1.619999999999999929e+01 3.447652766494780363e-01 1.493598160336635783e-02
1.860000000000000142e+01 4.077006749433492172e-01 1.695963057165382828e-02
2.135000000000000142e+01 3.985195062652149844e-01 1.760062128025826483e-02
2.445000000000000284e+01 4.564329406006233381e-01 2.116700096468271744e-02
2.805000000000000071e+01 4.993356613620720807e-01 2.377908770847261821e-02
3.385000000000000142e+01 5.274321729921483959e-01 2.201839884435485492e-02
4.260000000000000142e+01 5.771334960117668889e-01 2.358884809612804903e-02
5.364999999999999858e+01 6.443711519885053640e-01 2.977935820550423399e-02
6.754999999999999716e+01 6.944901896125533769e-01 5.122787020569571220e-02
8.504999999999999716e+01 7.733727748935298463e-01 3.875453799172323688e-02
1.069000000000000057e+02 7.104078642677112976e-01 3.118804193621431062e-02
1.345000000000000000e+02 7.241307904318162736e-01 3.496519865990846410e-02
