1.075000000000000000e+01 3.007261547200508756e-01 1.836621828094409103e-02
1.234999999999999964e+01 2.986498285749774606e-01 1.359635432802807666e-02
1.414999999999999858e+01 3.614307215198224732e-01 1.871908776025641569e-02
1.619999999999999929e+01 3.413925825724060670e-01 1.612965742393623197e-02
1.860000000000000142e+01 3.729321503966545603e-01 1.688921963061435980e-02
2.135000000000000142e+01 3.684053131064697340e-01 1.837876251007153003e-02
2.445000000000000284e+01 3.929741259424290312e-01 1.951072651244278866e-02
2.805000000000000071e+01 3.975061248207699682e-01 2.069228802612563950e-02
3.385000000000000142e+01 4.114738841726683916e-01 2.270209049328838005e-02
4.260000000000000142e+01 4.268625799448916291e-01 1.531684620336155010e-02
5.364999999999999858e+01 5.126418181011794806e-01 3.232049909530293474e-02
6.754999999999999716e+01 4.915998563078672334e-01 1.839500156319710117e-02
8.504999999999999716e+01 5.070821401613919699e-01 2.308141708626680264e-02
1.069000000000000057e+02 5.478771120353440605e-01 2.578315196693362413e-02
1.345000000000000000e+02 5.390946934806288837e-01 2.543117837068253895e-02
