1.075000000000000000e+01 1.638230230921912944e-01 1.025707432944760605e-02
1.234999999999999964e+01 1.868391920855917432e-01 1.014055865197085148e-02
1.414999999999999858e+01 2.171258049705769300e-01 1.215413241154987035e-02
1.619999999999999929e+01 2.229856279093402061e-01 1.449666404623974926e-02
1.860000000000000142e+01 2.578097782625493051e-01 1.294297179827516575e-02
2.135000000000000142e+01 2.615804430423379623e-01 1.290548103577153841e-02
2.445000000000000284e+01 3.069285125021383176e-01 1.815028111333708352e-02
2.805000000000000071e+01 3.439247242318860254e-01 2.227121264439183360e-02
3.385000000000000142e+01 3.492332336906429080e-01 1.950668061449794405e-02
4.260000000000000142e+01 3.718137072470730220e-01 1.677851312549524104e-02
5.364999999999999858e+01 4.263876281582356098e-01 2.129755217944731549e-02
6.754999999999999716e+01 4.273617507333460908e-01 1.666205279656507443e-02
8.504999999999999716e+01 4.744621100420585713e-01 2.040396379904828653e-02
1.069000000000000057e+02 5.391406784353084403e-01 2.680552922176156899e-02
1.345000000000000000e+02 5.675558187383065167e-01 3.573724934029103711e-02
