1.075000000000000000e+01 2.955591349116370448e-01 1.451087022098990036e-02
1.234999999999999964e+01 3.585892737664022056e-01 1.934800910191715462e-02
1.414999999999999858e+01 4.191256840820856699e-01 1.810025252527204531e-02
1.619999999999999929e+01 4.410344831827665013e-01 1.904001003551834825e-02
1.860000000000000142e+01 4.738365264883740435e-01 1.856495843737559701e-02
2.135000000000000142e+01 5.136585445637514846e-01 2.208766932156383880e-02
2.445000000000000284e+01 5.772720891503186902e-01 2.556993293792507449e-02
2.805000000000000071e+01 6.343422427468073943e-01 3.365343250771576228e-02
3.385000000000000142e+01 6.287157062707103838e-01 2.679439065802393521e-02
4.260000000000000142e+01 6.923946037049736324e-01 2.479918007394932983e-02
5.364999999999999858e+01 8.114198105956883511e-01 3.881299384533600655e-02
6.754999999999999716e+01 7.644950164561788997e-01 2.330945585035519921e-02
8.504999999999999716e+01 7.921045776215546175e-01 3.047295094307490848e-02
1.069000000000000057e+02 9.098547509094466745e-01 4.530805620732863276e-02
1.345000000000000000e+02 8.393601767432641303e-01 3.392555307186777974e-02
