1.075000000000000000e+01 9.782061912108351576e-02 5.428574727696983647e-03
1.234999999999999964e+01 1.169314665296682931e-01 6.896914508792314352e-03
1.414999999999999858e+01 1.334089683159916384e-01 7.657463844585090003e-03
1.619999999999999929e+01 1.368902732894957119e-01 7.073467357241338890e-03
1.860000000000000142e+01 1.674394550705576301e-01 1.011942400359317623e-02
2.135000000000000142e+01 1.745520041082026796e-01 1.156991072417371154e-02
2.445000000000000284e+01 1.830811554993946877e-01 1.105096058327308811e-02
2.805000000000000071e+01 2.061998504333839299e-01 1.514230674479939177e-02
3.385000000000000142e+01 2.006274358654190626e-01 9.058707566276720871e-03
4.260000000000000142e+01 2.503729651930261535e-01 1.143327094238750369e-02
5.364999999999999858e+01 2.789797416984053369e-01 1.113786806756119144e-02
6.754999999999999716e+01 3.175601200490881793e-01 1.377022068896916092e-02
8.504999999999999716e+01 3.400992080043264698e-01 1.581087701796803080e-02
1.069000000000000057e+02 3.793753177616508987e-01 1.740402338746718097e-02
1.345000000000000000e+02 4.147456850309678145e-01 1.995724373161131965e-02
