1.075000000000000000e+01 1.375377885367135566e-01 9.716847712989378286e-03
1.234999999999999964e+01 1.464581364458408252e-01 6.799773179918431124e-03
1.414999999999999858e+01 1.694184442586769423e-01 8.203110724082697883e-03
1.619999999999999929e+01 1.635375570374405230e-01 7.259418119234433212e-03
1.860000000000000142e+01 2.062453288549054853e-01 1.067198629914747725e-02
2.135000000000000142e+01 2.345238890814351496e-01 1.506621335210292338e-02
2.445000000000000284e+01 2.301370781571783763e-01 1.156554433382532381e-02
2.805000000000000071e+01 2.672052199777795178e-01 1.693089366730748946e-02
3.385000000000000142e+01 2.524506603547796435e-01 1.090484404794296071e-02
4.260000000000000142e+01 3.192293189579905599e-01 1.656883534174399125e-02
5.364999999999999858e+01 3.192330913433123474e-01 1.916347058949822990e-02
6.754999999999999716e+01 3.757275411407225429e-01 1.751636867769518213e-02
8.504999999999999716e+01 3.767396761221707413e-01 1.718309349462852909e-02
1.069000000000000057e+02 3.915901522349568564e-01 2.057450567836780278e-02
1.345000000000000000e+02 3.875837722709931654e-01 1.893369352458860316e-02
