1.075000000000000000e+01 4.364501112187051390e-01 2.242601711353129842e-02
1.234999999999999964e+01 4.661468129474242716e-01 1.892724982983085003e-02
1.414999999999999858e+01 5.370422867169086789e-01 2.268439080769682828e-02
1.619999999999999929e+01 5.694553045547875447e-01 2.496618051969944421e-02
1.860000000000000142e+01 5.856861487458411286e-01 2.257781446791812252e-02
2.135000000000000142e+01 6.320434751503285487e-01 2.694214138432437025e-02
2.445000000000000284e+01 6.269883280899026801e-01 2.845035174077128678e-02
2.805000000000000071e+01 6.832237193968934141e-01 3.448599970916905316e-02
3.385000000000000142e+01 6.848586040299365907e-01 2.766153726230266563e-02
4.260000000000000142e+01 7.402893493180855433e-01 2.708449089667445617e-02
5.364999999999999858e+01 7.558481414367388407e-01 3.506933601850684146e-02
6.754999999999999716e+01 7.900580052148207244e-01 2.989220491997609738e-02
8.504999999999999716e+01 7.705131119553406682e-01 2.838236591322836413e-02
1.069000000000000057e+02 8.035718431915198634e-01 3.348723175972178473e-02
1.345000000000000000e+02 7.827318983658126950e-01 3.361378448570142424e-02
