1.075000000000000000e+01 1.902577804499494540e-01 8.679693145906204263e-03
1.234999999999999964e+01 2.104990053034731801e-01 1.083452878571605250e-02
1.414999999999999858e+01 2.463104053460188902e-01 1.094628934871008132e-02
1.619999999999999929e+01 2.479829738697790220e-01 1.074785315086327318e-02
1.860000000000000142e+01 3.023609412728273105e-01 1.487803930353464102e-02
2.135000000000000142e+01 3.055584484124926337e-01 1.718605603914185459e-02
2.445000000000000284e+01 2.943806533716092910e-01 1.463654027477346610e-02
2.805000000000000071e+01 3.079738959857197811e-01 1.337671553522585231e-02
3.385000000000000142e+01 3.555413181987425730e-01 1.907194746855758044e-02
4.260000000000000142e+01 3.838832013201846638e-01 1.772774564114538987e-02
5.364999999999999858e+01 4.264766601653549039e-01 1.655538708102169410e-02
6.754999999999999716e+01 4.212919210861806318e-01 1.753982961290203452e-02
8.504999999999999716e+01 4.576394119636456037e-01 2.045632985746095173e-02
1.069000000000000057e+02 5.059809065115599136e-01 3.257281825104842155e-02
1.345000000000000000e+02 4.537914956528408261e-01 2.070433607948173743e-02
