1.075000000000000000e+01 4.212500893460877638e-01 2.335720657597110256e-02
1.234999999999999964e+01 4.209275816925779345e-01 1.855180125698766350e-02
1.414999999999999858e+01 4.567114560505539655e-01 2.021709307322516400e-02
1.619999999999999929e+01 4.783777787976244422e-01 2.561085455654041332e-02
1.860000000000000142e+01 4.748180528357512364e-01 2.007854079308703243e-02
2.135000000000000142e+01 5.086463496769455528e-01 2.406021115621227724e-02
2.445000000000000284e+01 5.077600191193719636e-01 2.572570813800714382e-02
2.805000000000000071e+01 5.110635847650071284e-01 2.421928317184553203e-02
3.385000000000000142e+01 4.758547391383246006e-01 2.022806559731938486e-02
4.260000000000000142e+01 5.270095729304001830e-01 1.993961247109431525e-02
5.364999999999999858e+01 5.633422294333759739e-01 2.914356610365710643e-02
6.754999999999999716e+01 5.922731456742011957e-01 2.443061099175995385e-02
8.504999999999999716e+01 5.667470241948261434e-01 2.308084814396767562e-02
1.069000000000000057e+02 5.915870540948808820e-01 2.659217895287549829e-02
1.345000000000000000e+02 5.397387791211916142e-01 2.381914146773715310e-02
