1.075000000000000000e+01 1.866693288892683211e-01 1.264482965778043928e-02
1.234999999999999964e+01 2.211298854302893857e-01 1.659555196190216561e-02
1.414999999999999858e+01 2.530987950877245929e-01 1.272596828019930196e-02
1.619999999999999929e+01 2.595209025155794103e-01 1.132490794843394634e-02
1.860000000000000142e+01 2.996845767924674608e-01 1.911327625517156292e-02
2.135000000000000142e+01 3.104469001502354608e-01 1.580743935489817634e-02
2.445000000000000284e+01 3.556646269776624902e-01 1.982578538353134412e-02
2.805000000000000071e+01 3.456115450477252882e-01 1.720799444204610187e-02
3.385000000000000142e+01 4.086686814096932019e-01 2.043561122187997903e-02
4.260000000000000142e+01 4.577130524851181215e-01 2.000056847351956019e-02
5.364999999999999858e+01 5.018992034396623225e-01 2.698777184221716127e-02
6.754999999999999716e+01 5.570149558628924025e-01 2.321895492719961915e-02
8.504999999999999716e+01 5.647493943716260789e-01 2.254858865997441328e-02
1.069000000000000057e+02 5.980385314570032529e-01 2.549679586893415298e-02
1.345000000000000000e+02 6.744675699100155519e-01 3.074669336354871746e-02
