1.075000000000000000e+01 5.021494752273780726e-01 2.281612707506121621e-02
1.234999999999999964e+01 5.696565186800653935e-01 2.907145488035499381e-02
1.414999999999999858e+01 6.036875249236932639e-01 2.400499085852654188e-02
1.619999999999999929e+01 6.318151681957847599e-01 2.858083985363780652e-02
1.860000000000000142e+01 6.849590248174798335e-01 2.566983288564983479e-02
2.135000000000000142e+01 7.186226430211829497e-01 2.999259883762283446e-02
2.445000000000000284e+01 7.313613278570583187e-01 3.485797722740476001e-02
2.805000000000000071e+01 7.559678357427636053e-01 3.753810463387727975e-02
3.385000000000000142e+01 8.158615303414336051e-01 3.839554864211865148e-02
4.260000000000000142e+01 7.898086711134106874e-01 4.100968751427300912e-02
5.364999999999999858e+01 7.913359342926158391e-01 3.650306851292477173e-02
6.754999999999999716e+01 8.364041967787416709e-01 3.310512374054961487e-02
8.504999999999999716e+01 8.120681824342166344e-01 3.433505215473427880e-02
1.069000000000000057e+02 8.383153281291033654e-01 3.739483441799597296e-02
1.345000000000000000e+02 8.450245068189540243e-01 4.030167997468497854e-02
