1.075000000000000000e+01 1.439774052751597033e-01 9.466119485193665029e-03
1.234999999999999964e+01 1.534042945260208901e-01 8.578569276954823089e-03
1.414999999999999858e+01 1.782528686224570946e-01 9.458338951063644667e-03
1.619999999999999929e+01 1.793893438698458964e-01 8.882569865734879500e-03
1.860000000000000142e+01 1.997450719097347560e-01 1.083995382886078322e-02
2.135000000000000142e+01 2.026826872503531274e-01 1.094423981057843394e-02
2.445000000000000284e+01 2.326161883402503849e-01 1.418780653101768541e-02
2.805000000000000071e+01 2.372839291213429402e-01 1.300589593626138088e-02
3.385000000000000142e+01 2.581202542743236128e-01 1.443956690023023154e-02
4.260000000000000142e+01 2.944508840416065754e-01 1.339206263856469910e-02
5.364999999999999858e+01 3.295807023160524651e-01 1.346998857977302518e-02
6.754999999999999716e+01 3.566482092879818544e-01 1.543122577965973588e-02
8.504999999999999716e+01 3.725898710672990721e-01 1.457025929220557257e-02
1.069000000000000057e+02 4.228521399729114338e-01 1.934715284365521454e-02
1.345000000000000000e+02 4.711941599898266109e-01 2.254696998989166867e-02
