1.075000000000000000e+01 1.183744185581079716e-01 8.662238604125448507e-03
1.234999999999999964e+01 1.444194585040213252e-01 8.738929781649860604e-03
1.414999999999999858e+01 1.851083499806855936e-01 1.276688126249749498e-02
1.619999999999999929e+01 1.752147826527454544e-01 1.089452049973934321e-02
1.860000000000000142e+01 1.966332490239871833e-01 9.813006198228830038e-03
2.135000000000000142e+01 1.992739678680185700e-01 1.090423249834660165e-02
2.445000000000000284e+01 2.292224563933140669e-01 1.248838241261165591e-02
2.805000000000000071e+01 2.395488171900051755e-01 1.129340409705721117e-02
3.385000000000000142e+01 2.679978237086175774e-01 1.443006327768474838e-02
4.260000000000000142e+01 3.330445592417631828e-01 1.582856512851369551e-02
5.364999999999999858e+01 3.470093595218080584e-01 1.911887830963837978e-02
6.754999999999999716e+01 3.910812126022885638e-01 1.807156871667552414e-02
8.504999999999999716e+01 4.279190133156591247e-01 2.046008802550283723e-02
1.069000000000000057e+02 4.521132309298675489e-01 1.999001474265840392e-02
1.345000000000000000e+02 4.804293814000518692e-01 2.288541448714146928e-02
