1.075000000000000000e+01 1.656174520034655595e-01 9.843950868339083546e-03
1.234999999999999964e+01 1.758325120888961923e-01 7.672356226441611089e-03
1.414999999999999858e+01 2.106795497033020770e-01 8.818202006519209463e-03
1.619999999999999929e+01 2.545926659109827850e-01 1.049647673006773307e-02
1.860000000000000142e+01 3.095706030350457438e-01 1.903514280758683563e-02
2.135000000000000142e+01 3.088266400565595760e-01 1.406661385474714497e-02
2.445000000000000284e+01 3.656141930724617350e-01 2.023863446944767011e-02
2.805000000000000071e+01 3.861775060550343142e-01 1.823813076788457707e-02
3.385000000000000142e+01 4.217288782014464443e-01 1.962057681945148305e-02
4.260000000000000142e+01 5.068732087876066661e-01 3.054068137489250948e-02
5.364999999999999858e+01 5.211813238103899515e-01 2.222283390396356459e-02
6.754999999999999716e+01 6.157756427415743694e-01 2.488373948962451648e-02
8.504999999999999716e+01 6.331829535311480628e-01 2.356007680413099714e-02
1.069000000000000057e+02 6.822060140802889139e-01 2.755769593930945671e-02
1.345000000000000000e+02 6.782204519110617280e-01 3.232009049222274444e-02
