1.075000000000000000e+01 2.599265742887452713e-01 1.267479401754379072e-02
1.234999999999999964e+01 2.773597796144416927e-01 1.244114853465606851e-02
1.414999999999999858e+01 3.244689988497033717e-01 1.322081387104047726e-02
1.619999999999999929e+01 3.379182594659916328e-01 1.334719283090157922e-02
1.860000000000000142e+01 3.861281953617354268e-01 1.611711981982160563e-02
2.135000000000000142e+01 4.239867290161395963e-01 2.019378361148337075e-02
2.445000000000000284e+01 4.544831939191296133e-01 2.406424982030198195e-02
2.805000000000000071e+01 4.693024049652140262e-01 2.829638897395950203e-02
3.385000000000000142e+01 5.062974426816905238e-01 2.606405792706045776e-02
4.260000000000000142e+01 5.466717717030261658e-01 2.500072192902293849e-02
5.364999999999999858e+01 5.402570303042929512e-01 1.884352216557259527e-02
6.754999999999999716e+01 5.608189324778666274e-01 1.900028977508001066e-02
8.504999999999999716e+01 6.078223203500608962e-01 2.321323931622925468e-02
1.069000000000000057e+02 6.169460123670598151e-01 2.747415879539026606e-02
1.345000000000000000e+02 6.278348219130331920e-01 3.198210608614110440e-02
