1.075000000000000000e+01 4.918347809596554931e-01 2.211643134752153475e-02
1.234999999999999964e+01 5.177187352457300884e-01 2.124778039395542467e-02
1.414999999999999858e+01 5.692903210349996579e-01 2.154193336794934036e-02
1.619999999999999929e+01 6.439065559381376147e-01 2.952106801333324870e-02
1.860000000000000142e+01 6.731300752449157487e-01 2.616281676805841047e-02
2.135000000000000142e+01 6.573956325553993452e-01 2.855914793570408367e-02
2.445000000000000284e+01 6.572714549174112353e-01 3.027404537606128918e-02
2.805000000000000071e+01 7.258388527301405935e-01 3.620707762954600284e-02
3.385000000000000142e+01 6.792228743526541601e-01 2.494465599532441624e-02
4.260000000000000142e+01 7.941675019975710237e-01 3.235715097068184165e-02
5.364999999999999858e+01 7.748562760383922443e-01 3.364376629142209335e-02
6.754999999999999716e+01 7.916617988365909353e-01 3.008942004145938320e-02
8.504999999999999716e+01 7.853168261655815163e-01 3.081782712912358585e-02
1.069000000000000057e+02 8.293705491751133252e-01 3.451270744573150390e-02
1.345000000000000000e+02 8.449788756277025747e-01 3.788084911926874188e-02
