1.075000000000000000e+01 1.372128871187259791e-01 9.410144712488622415e-03
1.234999999999999964e+01 1.570128394954651563e-01 8.294031969754634553e-03
1.414999999999999858e+01 2.054674494441427191e-01 1.113833930056345144e-02
1.619999999999999929e+01 1.944201005810511085e-01 8.459915055913560383e-03
1.860000000000000142e+01 2.220059394179156598e-01 1.069215014294471258e-02
2.135000000000000142e+01 2.536576897812720111e-01 1.408917813975475199e-02
2.445000000000000284e+01 2.679924589113072964e-01 1.402595982372611960e-02
2.805000000000000071e+01 2.937981577821912049e-01 1.607283369513179058e-02
3.385000000000000142e+01 3.153215928107570010e-01 1.565126593471865765e-02
4.260000000000000142e+01 3.782930325136424909e-01 1.711373122336128094e-02
5.364999999999999858e+01 3.738092998062376160e-01 1.323553901681666541e-02
6.754999999999999716e+01 4.360160439795554010e-01 1.780488778571109182e-02
8.504999999999999716e+01 4.900817385981732222e-01 2.223064770031120407e-02
1.069000000000000057e+02 5.258747031086775658e-01 2.287574794253670676e-02
1.345000000000000000e+02 5.365334588966379492e-01 2.461286826088097263e-02
