1.075000000000000000e+01 1.145034021669218277e-01 9.173784912330897393e-03
1.234999999999999964e+01 1.391660118128871526e-01 1.546933096933356469e-02
1.414999999999999858e+01 1.462720837271628826e-01 8.516738239625280815e-03
1.619999999999999929e+01 1.634609719892014812e-01 1.081600191933987896e-02
1.860000000000000142e+01 1.865451473366286916e-01 8.805284858719650970e-03
2.135000000000000142e+01 1.899310124278065781e-01 8.920379843498551370e-03
2.445000000000000284e+01 2.508387817830762812e-01 1.492686913471225757e-02
2.805000000000000071e+01 2.358904457104252228e-01 1.015451404290011045e-02
3.385000000000000142e+01 2.814341448498082210e-01 1.458411173225518213e-02
4.260000000000000142e+01 3.565314088222217848e-01 1.703727186087583209e-02
5.364999999999999858e+01 3.964187932139992543e-01 2.018598778584504427e-02
6.754999999999999716e+01 4.142928870625364746e-01 1.607962161545712504e-02
8.504999999999999716e+01 4.587655032434513891e-01 2.016852050325307691e-02
1.069000000000000057e+02 4.969848642858420429e-01 2.982187996578090222e-02
1.345000000000000000e+02 5.607463224371511679e-01 2.979376625632895043e-02
