1.075000000000000000e+01 3.908772472415416033e-01 1.730695084540613549e-02
1.234999999999999964e+01 4.481723734397525249e-01 1.787617583042529906e-02
1.414999999999999858e+01 4.915325035766628381e-01 1.794939167544232911e-02
1.619999999999999929e+01 5.416762406686888021e-01 2.198841921087167639e-02
1.860000000000000142e+01 5.840661267848560323e-01 2.617477348389295536e-02
2.135000000000000142e+01 5.959275105485928314e-01 2.619198296637642587e-02
2.445000000000000284e+01 6.733074637607936452e-01 3.108655508128670142e-02
2.805000000000000071e+01 7.229395201535007143e-01 3.587542756785248171e-02
3.385000000000000142e+01 7.118131048819283935e-01 3.316868240692450592e-02
4.260000000000000142e+01 7.509439831265330989e-01 4.283874144683939844e-02
5.364999999999999858e+01 8.486462176558607906e-01 4.211856983515338548e-02
6.754999999999999716e+01 8.267859817388936161e-01 2.802160718994554586e-02
8.504999999999999716e+01 9.200305749600282690e-01 3.623887531717408239e-02
1.069000000000000057e+02 8.790436550148220674e-01 3.571019759860564330e-02
1.345000000000000000e+02 8.817213651315864986e-01 3.548994480051873013e-02
