1.075000000000000000e+01 2.973912347289573987e-01 1.496007037271891195e-02
1.234999999999999964e+01 3.120601021227521477e-01 1.324931598423149427e-02
1.414999999999999858e+01 3.563498494276188810e-01 1.377271097590451396e-02
1.619999999999999929e+01 3.679187756146665156e-01 1.555626653996609009e-02
1.860000000000000142e+01 4.039015934366013694e-01 1.649371847685419251e-02
2.135000000000000142e+01 4.253482139502414716e-01 1.881157943488390508e-02
2.445000000000000284e+01 4.832761291721406338e-01 2.213332353079902962e-02
2.805000000000000071e+01 5.636043927889375915e-01 2.771788973442082180e-02
3.385000000000000142e+01 5.641044800305603513e-01 2.712134873853027164e-02
4.260000000000000142e+01 5.776012541889393725e-01 2.170474370767696420e-02
5.364999999999999858e+01 6.172626471736081255e-01 2.479035853557248759e-02
6.754999999999999716e+01 6.283534343705281522e-01 2.191231791605859763e-02
8.504999999999999716e+01 7.100975447321585809e-01 2.880488889510629535e-02
1.069000000000000057e+02 7.121527789701382893e-01 3.092652022134760592e-02
1.345000000000000000e+02 7.801352736323284853e-01 4.001292494664090982e-02
