1.075000000000000000e+01 1.400609694192682941e-01 1.101897445428785816e-02
1.234999999999999964e+01 1.588070557543877215e-01 8.471628083260620765e-03
1.414999999999999858e+01 1.917655998655753147e-01 8.402515925728720400e-03
1.619999999999999929e+01 2.187884064435086651e-01 1.129053279546939417e-02
1.860000000000000142e+01 2.355830926071664499e-01 9.629045899448091667e-03
2.135000000000000142e+01 2.944066827583303736e-01 1.537583995282500345e-02
2.445000000000000284e+01 3.296149599851494472e-01 1.714618631943826826e-02
2.805000000000000071e+01 3.492941891564325108e-01 1.625247476514953340e-02
3.385000000000000142e+01 3.889262802879102643e-01 1.433024515970218044e-02
4.260000000000000142e+01 4.782035292870591703e-01 1.726763589763067111e-02
5.364999999999999858e+01 5.162746717352663106e-01 1.654017019578671657e-02
6.754999999999999716e+01 5.811100737437348007e-01 1.774321410215175601e-02
8.504999999999999716e+01 6.748818531421165723e-01 2.572146407690541897e-02
1.069000000000000057e+02 7.443822467601226567e-01 2.987428149457350968e-02
1.345000000000000000e+02 7.504975650625360650e-01 2.890355166863855726e-02
