1.075000000000000000e+01 2.534826422062829709e-01 1.197873389586487196e-02
1.234999999999999964e+01 2.856472694488551567e-01 1.177469164185329306e-02
1.414999999999999858e+01 3.657304753488109239e-01 1.473586892865603841e-02
1.619999999999999929e+01 3.837145299504153284e-01 1.718334739329745176e-02
1.860000000000000142e+01 4.546219723492762044e-01 2.546486415828208560e-02
2.135000000000000142e+01 4.852370048144558079e-01 2.147174388412506976e-02
2.445000000000000284e+01 5.118432020204548571e-01 2.195539997417569889e-02
2.805000000000000071e+01 6.097126123540427267e-01 2.978694997068601080e-02
3.385000000000000142e+01 6.160501207756519104e-01 2.668657135131735983e-02
4.260000000000000142e+01 6.412117322594946822e-01 2.164907560876258227e-02
5.364999999999999858e+01 7.468798263993684516e-01 2.775364408005394010e-02
6.754999999999999716e+01 7.991191718210189920e-01 2.807350621295935308e-02
8.504999999999999716e+01 8.401447301653377497e-01 3.233362829443910125e-02
1.069000000000000057e+02 8.790577651850084440e-01 4.207128032976942267e-02
1.345000000000000000e+02 9.147721626728474442e-01 4.197953135245682116e-02
