1.075000000000000000e+01 5.767224655534611832e-01 2.802050037737067664e-02
1.234999999999999964e+01 5.618638527365622526e-01 2.151328930321039223e-02
1.414999999999999858e+01 6.955539629286410230e-01 2.714325406440632263e-02
1.619999999999999929e+01 6.964298447012166049e-01 3.093795884589210093e-02
1.860000000000000142e+01 7.840008707956314105e-01 3.825174245725385808e-02
2.135000000000000142e+01 7.333361768255245439e-01 3.051246130715671093e-02
2.445000000000000284e+01 8.579805256579744466e-01 3.960610621092684747e-02
2.805000000000000071e+01 8.426471470014628151e-01 3.660219484280736318e-02
3.385000000000000142e+01 8.261556375576097899e-01 3.746473034333871327e-02
4.260000000000000142e+01 8.717881522816782747e-01 3.392487828282164664e-02
5.364999999999999858e+01 8.586891965130367677e-01 3.427267143955577827e-02
6.754999999999999716e+01 8.565078189775651163e-01 3.149820546695290130e-02
8.504999999999999716e+01 8.876043835154061590e-01 3.242406329890343969e-02
1.069000000000000057e+02 9.057157910729307648e-01 4.111256211860070398e-02
1.345000000000000000e+02 9.282818381397134333e-01 5.177450811435991423e-02
