1.075000000000000000e+01 3.086590267690135780e-01 1.756684894113202944e-02
1.234999999999999964e+01 3.275759306123718906e-01 1.373737073520779617e-02
1.414999999999999858e+01 3.989502169329122161e-01 1.480906405120619405e-02
1.619999999999999929e+01 4.280787452912947488e-01 1.836503238986365166e-02
1.860000000000000142e+01 4.634610651303623374e-01 2.247618649278453062e-02
2.135000000000000142e+01 5.043787195303116588e-01 2.085351857194869124e-02
2.445000000000000284e+01 5.814967363329484051e-01 2.435264019597563681e-02
2.805000000000000071e+01 6.166336785089093775e-01 2.936901494572287385e-02
3.385000000000000142e+01 6.259144290514534470e-01 2.523985886415060567e-02
4.260000000000000142e+01 6.825242222571226147e-01 2.392326024067254614e-02
5.364999999999999858e+01 7.327334731461453421e-01 2.744672807103381781e-02
6.754999999999999716e+01 7.861896875194130940e-01 2.699928355441856553e-02
8.504999999999999716e+01 8.265663418325451817e-01 3.293832623482640526e-02
1.069000000000000057e+02 8.249896421106774902e-01 3.055513132908052945e-02
1.345000000000000000e+02 8.179889441629886182e-01 3.226740428085150825e-02
