1.075000000000000000e+01 2.152387780396516626e-01 1.333917130895680321e-02
1.234999999999999964e+01 2.259457115592195808e-01 1.184502313666273982e-02
1.414999999999999858e+01 2.402429226611169089e-01 1.116439099870998250e-02
1.619999999999999929e+01 2.739123437675031747e-01 1.593708976966195026e-02
1.860000000000000142e+01 2.561452983100599434e-01 1.242545969891279377e-02
2.135000000000000142e+01 3.014737760581809867e-01 1.692685434720440224e-02
2.445000000000000284e+01 2.910245138634755535e-01 1.763625337246640251e-02
2.805000000000000071e+01 3.189087935531974005e-01 1.974876941886150039e-02
3.385000000000000142e+01 3.422184333603677242e-01 1.937510747664653726e-02
4.260000000000000142e+01 3.735191472695971737e-01 1.880086582637716802e-02
5.364999999999999858e+01 3.709649037502310565e-01 1.459850010408637530e-02
6.754999999999999716e+01 4.022514487654680893e-01 1.681241265299478552e-02
8.504999999999999716e+01 5.014761456841203557e-01 2.727363809863294491e-02
1.069000000000000057e+02 4.865339661089927437e-01 3.158953921528322856e-02
1.345000000000000000e+02 4.501739235154770258e-01 2.174044933506079705e-02
