1.075000000000000000e+01 5.971816897951163217e-01 2.666653697941498771e-02
1.234999999999999964e+01 6.154797642228105881e-01 2.428932155300748616e-02
1.414999999999999858e+01 7.305873537813386553e-01 2.886025637024036694e-02
1.619999999999999929e+01 7.578144666331977364e-01 2.982905379953236166e-02
1.860000000000000142e+01 7.829792170035988486e-01 3.509219884648541454e-02
2.135000000000000142e+01 7.409885536860570943e-01 3.123983305006663991e-02
2.445000000000000284e+01 8.150618848760866619e-01 3.644902901320175304e-02
2.805000000000000071e+01 8.017446114267504642e-01 3.707777236255230258e-02
3.385000000000000142e+01 7.843761018785372352e-01 3.440616953983584303e-02
4.260000000000000142e+01 8.024236868679111012e-01 3.296451430938062560e-02
5.364999999999999858e+01 7.905372966516632793e-01 2.681464663240113594e-02
6.754999999999999716e+01 8.096176691197072284e-01 2.997305268530627356e-02
8.504999999999999716e+01 8.019351410698704052e-01 3.836668861016020310e-02
1.069000000000000057e+02 8.164422239130604275e-01 3.349679198071109365e-02
1.345000000000000000e+02 7.563639477676323830e-01 3.284261548652641499e-02
