1.075000000000000000e+01 1.394590984798427524e-01 6.587419810004800820e-03
1.234999999999999964e+01 1.614351254591423479e-01 7.777829600952244557e-03
1.414999999999999858e+01 2.051915278427952349e-01 1.051025996279235201e-02
1.619999999999999929e+01 2.140060470799891590e-01 8.725816997317345849e-03
1.860000000000000142e+01 2.536188632267660226e-01 1.704860383698159065e-02
2.135000000000000142e+01 2.614475359643824159e-01 1.115254418440423875e-02
2.445000000000000284e+01 3.369636475022758093e-01 1.558648394418481187e-02
2.805000000000000071e+01 3.527611945894456591e-01 1.436172799304464773e-02
3.385000000000000142e+01 3.947101535182287457e-01 1.665643693524761562e-02
4.260000000000000142e+01 4.819494095008964307e-01 1.926235774332097500e-02
5.364999999999999858e+01 5.448708611119593703e-01 2.216030146782775254e-02
6.754999999999999716e+01 5.801560053881835710e-01 2.228259305081570912e-02
8.504999999999999716e+01 6.438791905467288190e-01 2.538073801022854362e-02
1.069000000000000057e+02 7.172301417870440288e-01 2.926125612239319218e-02
1.345000000000000000e+02 7.641811666924225310e-01 3.527555520669941463e-02
