1.075000000000000000e+01 5.398570711056485116e-01 2.418285546511255921e-02
1.234999999999999964e+01 5.780337847653814753e-01 2.739040259018984957e-02
1.414999999999999858e+01 6.193349342194548468e-01 2.433104002630426255e-02
1.619999999999999929e+01 6.361253488206431994e-01 2.902805472206742773e-02
1.860000000000000142e+01 6.556360782364597517e-01 2.976545028030542703e-02
2.135000000000000142e+01 6.715805894770642270e-01 3.017510244835863373e-02
2.445000000000000284e+01 6.923233313413097445e-01 3.208879788299220243e-02
2.805000000000000071e+01 6.825259744782757876e-01 3.466593591707919919e-02
3.385000000000000142e+01 6.592948519539083563e-01 2.792791257540202729e-02
4.260000000000000142e+01 7.402090323615894141e-01 4.104687429091724571e-02
5.364999999999999858e+01 6.709696180474232774e-01 3.136554082805498300e-02
6.754999999999999716e+01 7.193993958639647301e-01 3.019530048428305594e-02
8.504999999999999716e+01 7.008887101143400633e-01 2.989276747027791795e-02
1.069000000000000057e+02 7.325044285222329643e-01 3.391182778686645943e-02
1.345000000000000000e+02 8.138023977027754041e-01 4.417158847028965912e-02
