1.075000000000000000e+01 2.493317540294285040e-01 1.316099010917933833e-02
1.234999999999999964e+01 2.545887001995765786e-01 1.263865779144794296e-02
1.414999999999999858e+01 3.167957468069549920e-01 1.691779892649688394e-02
1.619999999999999929e+01 3.289585499541612945e-01 2.061824809146218032e-02
1.860000000000000142e+01 3.089927886388202372e-01 2.028444502041469935e-02
2.135000000000000142e+01 3.290943661993959712e-01 1.803476357553176687e-02
2.445000000000000284e+01 3.589505914469955372e-01 2.321606180800062785e-02
2.805000000000000071e+01 3.520427117938253470e-01 2.087343064159281197e-02
3.385000000000000142e+01 3.625238928880594735e-01 2.044425057865801448e-02
4.260000000000000142e+01 3.795094946967350058e-01 1.831365924655703123e-02
5.364999999999999858e+01 3.875614042267591652e-01 1.564970733860493110e-02
6.754999999999999716e+01 4.070568639562655022e-01 1.542668006692118031e-02
8.504999999999999716e+01 4.012091626924643717e-01 1.722431747725139406e-02
1.069000000000000057e+02 4.760544721504285648e-01 2.436300111599888976e-02
1.345000000000000000e+02 4.568218994272341682e-01 2.170180016089662961e-02
