1.075000000000000000e+01 1.540145177216286632e-01 6.637305752534411983e-03
1.234999999999999964e+01 2.006024158643964772e-01 1.010981547840118788e-02
1.414999999999999858e+01 2.193168583860569676e-01 8.221877976930700230e-03
1.619999999999999929e+01 2.463145199688403508e-01 1.030447357390250687e-02
1.860000000000000142e+01 3.012544392276583216e-01 1.292007560508011063e-02
2.135000000000000142e+01 3.048587045383615024e-01 1.364152019060882980e-02
2.445000000000000284e+01 3.410761580908331370e-01 1.876092346312681694e-02
2.805000000000000071e+01 3.558180093232181651e-01 1.598815578398509255e-02
3.385000000000000142e+01 4.065593300275519573e-01 1.528803702205905855e-02
4.260000000000000142e+01 4.742935907919403893e-01 1.614367051346974821e-02
5.364999999999999858e+01 4.985342919258487493e-01 1.599915256764704308e-02
6.754999999999999716e+01 5.972783723141995571e-01 2.042673637846075321e-02
8.504999999999999716e+01 6.471621276965411340e-01 2.354939781944880364e-02
1.069000000000000057e+02 7.184546596212630920e-01 3.026858821698798219e-02
1.345000000000000000e+02 7.089664847826461225e-01 3.212447449982287068e-02
