1.075000000000000000e+01 5.149970389873466114e-01 2.315873750817119131e-02
1.234999999999999964e+01 5.743701889239894998e-01 3.168710287236694428e-02
1.414999999999999858e+01 5.924342305988079538e-01 2.381896206936774327e-02
1.619999999999999929e+01 6.201646051335514276e-01 2.635141122152701368e-02
1.860000000000000142e+01 6.649143688447834988e-01 2.567610482813741796e-02
2.135000000000000142e+01 7.030251595302130507e-01 3.247546531715359008e-02
2.445000000000000284e+01 7.020954697944837841e-01 3.296291470581309141e-02
2.805000000000000071e+01 6.830745961479327555e-01 3.261993921791477014e-02
3.385000000000000142e+01 7.065587920593875415e-01 2.868210528652647903e-02
4.260000000000000142e+01 7.266388751128477486e-01 2.807773470137422608e-02
5.364999999999999858e+01 7.622387751576800152e-01 3.260530244923678933e-02
6.754999999999999716e+01 7.325268918416513175e-01 2.546618598961422272e-02
8.504999999999999716e+01 8.572565786535922827e-01 4.042556030206228418e-02
1.069000000000000057e+02 7.689505092527093577e-01 3.174968851307424789e-02
1.345000000000000000e+02 7.655522511745393999e-01 3.156937533993126044e-02
