1.075000000000000000e+01 5.274731293359846696e-01 2.272245870210218982e-02
1.234999999999999964e+01 5.751835269238743109e-01 2.941030117006500008e-02
1.414999999999999858e+01 6.103079940864454267e-01 2.244359235926628865e-02
1.619999999999999929e+01 6.446937020670929774e-01 2.510553363323327070e-02
1.860000000000000142e+01 7.634246099342535397e-01 3.533495349129933683e-02
2.135000000000000142e+01 7.536665929063447456e-01 3.242270476322476475e-02
2.445000000000000284e+01 7.318773260019361127e-01 3.408130127931386505e-02
2.805000000000000071e+01 7.640653677542394995e-01 3.509115316984509625e-02
3.385000000000000142e+01 7.885957016606119918e-01 3.784817777536891859e-02
4.260000000000000142e+01 8.046247944977481525e-01 2.939356661442795934e-02
5.364999999999999858e+01 8.716330031780222809e-01 4.207848488585868435e-02
6.754999999999999716e+01 8.356818570061935736e-01 2.964430167964798510e-02
8.504999999999999716e+01 8.468622532359774135e-01 3.306785497918831446e-02
1.069000000000000057e+02 8.999373518782536330e-01 4.121551380341929166e-02
1.345000000000000000e+02 8.875602657690699893e-01 4.469916682995197371e-02
