1.075000000000000000e+01 3.823055853193996212e-01 1.896109097570682078e-02
1.234999999999999964e+01 4.461133111726565681e-01 1.818085714141037118e-02
1.414999999999999858e+01 5.061549570206298476e-01 2.026924431279998259e-02
1.619999999999999929e+01 5.652315515252898104e-01 2.525376735300646769e-02
1.860000000000000142e+01 5.844066695584394511e-01 2.694555006346187678e-02
2.135000000000000142e+01 6.268603357763674611e-01 2.896052563741692912e-02
2.445000000000000284e+01 6.025569878768366472e-01 2.468463759336772187e-02
2.805000000000000071e+01 6.538315953147929571e-01 2.979298990498152958e-02
3.385000000000000142e+01 6.737163822728768903e-01 2.636627712201449272e-02
4.260000000000000142e+01 7.551945233371508692e-01 2.859763866049436914e-02
5.364999999999999858e+01 7.479652450767754202e-01 2.413186581522102844e-02
6.754999999999999716e+01 8.031024535440794976e-01 3.129099864180575480e-02
8.504999999999999716e+01 8.161518407675335540e-01 3.191983364065635598e-02
1.069000000000000057e+02 9.031665391838423762e-01 4.279678554264969292e-02
1.345000000000000000e+02 8.773450704799189426e-01 3.660273447064853192e-02
