1.075000000000000000e+01 3.296819312274070213e-01 1.978615541565780303e-02
1.234999999999999964e+01 3.407419851530378851e-01 2.054061229701836105e-02
1.414999999999999858e+01 3.704655219168104252e-01 1.823211482582892326e-02
1.619999999999999929e+01 4.031484303869503627e-01 1.977321333242613652e-02
1.860000000000000142e+01 4.184346107992989450e-01 2.291645454764501891e-02
2.135000000000000142e+01 4.298369256866662047e-01 2.288601367798010627e-02
2.445000000000000284e+01 4.906412826849879671e-01 2.602377295608326174e-02
2.805000000000000071e+01 4.622930258980520457e-01 2.350252552991986821e-02
3.385000000000000142e+01 4.703666734363933233e-01 2.289469403228946986e-02
4.260000000000000142e+01 5.409847428043189632e-01 2.317703634301725851e-02
5.364999999999999858e+01 5.779004407230787788e-01 2.700608098231347884e-02
6.754999999999999716e+01 5.890286914025332221e-01 2.385219682623724441e-02
8.504999999999999716e+01 5.793828585791908070e-01 2.415665914930072503e-02
1.069000000000000057e+02 6.256484344718196144e-01 2.823355905064202712e-02
1.345000000000000000e+02 6.471216746630373828e-01 3.439908424221395367e-02
