1.075000000000000000e+01 9.212514057633959530e-02 5.075375438454825423e-03
1.234999999999999964e+01 1.216251312185732125e-01 8.192182796296371833e-03
1.414999999999999858e+01 1.334872635134547736e-01 8.667751245437638544e-03
1.619999999999999929e+01 1.392914002421608011e-01 7.331005135535677113e-03
1.860000000000000142e+01 1.568575213037503302e-01 9.324476680761547773e-03
2.135000000000000142e+01 1.463544263503786247e-01 9.207892574179291426e-03
2.445000000000000284e+01 1.865067849780756293e-01 1.075379686560892778e-02
2.805000000000000071e+01 1.952045083323156460e-01 1.366823987819516112e-02
3.385000000000000142e+01 2.149166291536529494e-01 1.377436314634441702e-02
4.260000000000000142e+01 2.418833074792082483e-01 1.037823979702623065e-02
5.364999999999999858e+01 2.567758985970497454e-01 1.036314667391318757e-02
6.754999999999999716e+01 2.934021146357581045e-01 1.225461762719632329e-02
8.504999999999999716e+01 3.430048124810767818e-01 1.690237032010059870e-02
1.069000000000000057e+02 3.636991256601039835e-01 1.844035938773183267e-02
1.345000000000000000e+02 4.107130638567947911e-01 2.187534721018046663e-02
