1.075000000000000000e+01 3.677563487399084785e-01 2.080750356766292511e-02
1.234999999999999964e+01 4.141668133548590536e-01 2.094970258116825648e-02
1.414999999999999858e+01 4.939968193188889467e-01 2.075989110567333373e-02
1.619999999999999929e+01 4.918312674410711960e-01 2.119532317166724494e-02
1.860000000000000142e+01 5.771843146482776854e-01 2.233050371149154778e-02
2.135000000000000142e+01 5.995289058398614035e-01 2.637521012880473387e-02
2.445000000000000284e+01 6.234599009571664130e-01 2.693466371614689631e-02
2.805000000000000071e+01 7.140971869507590775e-01 3.218566247804924979e-02
3.385000000000000142e+01 7.211652677420096191e-01 2.994324731148211363e-02
4.260000000000000142e+01 7.896568874798151061e-01 2.848754125873992002e-02
5.364999999999999858e+01 8.534466475925025497e-01 3.027137257749088275e-02
6.754999999999999716e+01 8.439564629524850536e-01 2.807872930931764460e-02
8.504999999999999716e+01 8.990408862049876770e-01 3.192628069972816562e-02
1.069000000000000057e+02 9.348378782623731897e-01 3.724113840666529174e-02
1.345000000000000000e+02 9.666310478395448991e-01 4.451195247556750251e-02
