1.075000000000000000e+01 4.233755721120279203e-01 2.570420785396428792e-02
1.234999999999999964e+01 4.071092263636106323e-01 1.857291375674231804e-02
1.414999999999999858e+01 4.350062116087062281e-01 2.156030847327274069e-02
1.619999999999999929e+01 4.383973574438783660e-01 2.268663117693991635e-02
1.860000000000000142e+01 4.582487596087214121e-01 2.402130597739812051e-02
2.135000000000000142e+01 4.782061288851963687e-01 2.460534011424600140e-02
2.445000000000000284e+01 4.901447306246091151e-01 2.580865550154203686e-02
2.805000000000000071e+01 4.845358919187175983e-01 2.531730285447382836e-02
3.385000000000000142e+01 5.164510950653841137e-01 2.708471090559647770e-02
4.260000000000000142e+01 5.011945219836635435e-01 2.221315066889218218e-02
5.364999999999999858e+01 5.257464022893160172e-01 2.407780513355010921e-02
6.754999999999999716e+01 5.687323297644906184e-01 2.365067638410444512e-02
8.504999999999999716e+01 5.700194341061943781e-01 2.342796152938791607e-02
1.069000000000000057e+02 6.107955750996233446e-01 3.431327940888201367e-02
1.345000000000000000e+02 6.256647171754489145e-01 2.956984416710721139e-02
