1.075000000000000000e+01 3.363748187456229721e-01 1.596747099121973920e-02
1.234999999999999964e+01 3.857718579023898253e-01 2.354510757426058268e-02
1.414999999999999858e+01 4.481805093021415387e-01 1.752165179103319301e-02
1.619999999999999929e+01 4.927767192505704830e-01 2.179905036494555678e-02
1.860000000000000142e+01 5.568047486036427074e-01 2.233598496733806005e-02
2.135000000000000142e+01 5.889916078313927050e-01 3.506440825844073239e-02
2.445000000000000284e+01 6.085743000754114673e-01 2.857836975079408245e-02
2.805000000000000071e+01 6.523543056088416670e-01 3.117388714748610054e-02
3.385000000000000142e+01 6.896611121758898788e-01 2.523720670624351667e-02
4.260000000000000142e+01 7.208284482918344560e-01 2.635159627640976804e-02
5.364999999999999858e+01 8.017362888100066920e-01 2.953464170275929210e-02
6.754999999999999716e+01 8.302715611319602118e-01 2.662894113566901394e-02
8.504999999999999716e+01 8.723018046883180832e-01 3.297927349537307928e-02
1.069000000000000057e+02 8.789820085387056725e-01 3.414102301000779272e-02
1.345000000000000000e+02 9.525279141680540462e-01 4.826981975399902841e-02
