1.075000000000000000e+01 2.966573544551945885e-01 1.252758528468944817e-02
1.234999999999999964e+01 3.351401451940203002e-01 1.496489748504489792e-02
1.414999999999999858e+01 3.775252906156570942e-01 1.572201351980005365e-02
1.619999999999999929e+01 4.101444632165309745e-01 1.933012538880871795e-02
1.860000000000000142e+01 4.321180371298724565e-01 1.840787431803705618e-02
2.135000000000000142e+01 4.674197833298552873e-01 2.130190289960741737e-02
2.445000000000000284e+01 5.133758477772089046e-01 2.723478202617297950e-02
2.805000000000000071e+01 5.083819195238004074e-01 2.369776164118799627e-02
3.385000000000000142e+01 5.363770156780058862e-01 2.453010614080590804e-02
4.260000000000000142e+01 5.512313643672840380e-01 2.110666898759390453e-02
5.364999999999999858e+01 6.047337250274144038e-01 3.004449102820996864e-02
6.754999999999999716e+01 5.737888173185653473e-01 2.235705903552686474e-02
8.504999999999999716e+01 6.124501766968889482e-01 2.573649664280237143e-02
1.069000000000000057e+02 6.454371015656935606e-01 3.331229007932001718e-02
1.345000000000000000e+02 6.557614620952504358e-01 3.028467969019696393e-02
