1.075000000000000000e+01 1.928517729263684033e-01 1.478535140748325760e-02
1.234999999999999964e+01 2.018500877720766640e-01 1.694141496528600924e-02
1.414999999999999858e+01 2.182062706842268773e-01 1.142817239875118344e-02
1.619999999999999929e+01 2.387184935542323028e-01 1.088118057155432195e-02
1.860000000000000142e+01 2.702603206624532017e-01 1.905987108574130895e-02
2.135000000000000142e+01 2.918043308309551942e-01 1.673438374866057302e-02
2.445000000000000284e+01 3.141090797342609986e-01 1.828657137327636267e-02
2.805000000000000071e+01 3.069083776698587340e-01 1.690042379604371481e-02
3.385000000000000142e+01 3.243483552521272406e-01 1.621330927496178465e-02
4.260000000000000142e+01 3.774083613572891682e-01 2.046897965911612452e-02
5.364999999999999858e+01 4.239868017187251592e-01 2.695183467024966917e-02
6.754999999999999716e+01 4.181127191710088398e-01 1.721780199081120177e-02
8.504999999999999716e+01 4.427166302519504049e-01 2.889665026195940151e-02
1.069000000000000057e+02 5.144722262322455331e-01 3.170031487916839807e-02
1.345000000000000000e+02 4.477253947266011114e-01 2.110361879659570714e-02
