1.075000000000000000e+01 1.273067187470235118e-01 6.365139692936687757e-03
1.234999999999999964e+01 1.405049502086657964e-01 7.483291038093727379e-03
1.414999999999999858e+01 1.497369693374873412e-01 7.599683817067375002e-03
1.619999999999999929e+01 1.665886152773665696e-01 8.385421817583881346e-03
1.860000000000000142e+01 1.865675455127214499e-01 1.025182891480501401e-02
2.135000000000000142e+01 2.012505700818536802e-01 1.203641237257855809e-02
2.445000000000000284e+01 2.212041052638548111e-01 1.554930487342708056e-02
2.805000000000000071e+01 2.235087108048937898e-01 1.076509745959860175e-02
3.385000000000000142e+01 2.412886680998195810e-01 1.101970387065923963e-02
4.260000000000000142e+01 2.761305685733628223e-01 1.196284645217144012e-02
5.364999999999999858e+01 3.346877838876480826e-01 2.014501359016662371e-02
6.754999999999999716e+01 3.459417327707872136e-01 1.604751039516643177e-02
8.504999999999999716e+01 3.745647814999890635e-01 1.845844975338982799e-02
1.069000000000000057e+02 3.938949342176029100e-01 1.912113194773364458e-02
1.345000000000000000e+02 4.167209964061772132e-01 2.094424747832495867e-02
