1.075000000000000000e+01 1.765929660785997835e-01 1.223877285669499812e-02
1.234999999999999964e+01 2.057576356631753978e-01 1.155354191163233263e-02
1.414999999999999858e+01 2.054150220379697411e-01 1.001998507066885653e-02
1.619999999999999929e+01 2.272179543177673122e-01 1.197347422807714182e-02
1.860000000000000142e+01 2.588340769382586060e-01 1.767321091769760363e-02
2.135000000000000142e+01 3.027930119326034952e-01 2.885906664359531512e-02
2.445000000000000284e+01 3.143958165891713730e-01 1.596098829198746433e-02
2.805000000000000071e+01 3.270276061529793221e-01 1.583709457914581065e-02
3.385000000000000142e+01 3.600872063482004615e-01 1.878840164604535928e-02
4.260000000000000142e+01 4.096425212888576417e-01 1.794123834913812290e-02
5.364999999999999858e+01 4.930003178035906597e-01 3.026754845278415915e-02
6.754999999999999716e+01 4.975876087194368580e-01 1.956668270320821579e-02
8.504999999999999716e+01 5.433175828385439221e-01 2.088478739991858624e-02
1.069000000000000057e+02 5.841668485967773661e-01 2.586796626074978900e-02
1.345000000000000000e+02 6.196069980724874249e-01 3.202572629559733569e-02
