1.075000000000000000e+01 1.629922832337330485e-01 1.030250869270691975e-02
1.234999999999999964e+01 1.802201616196635880e-01 1.002538734153544941e-02
1.414999999999999858e+01 1.901400600390131534e-01 1.146656937898002035e-02
1.619999999999999929e+01 1.937921698112475277e-01 9.400107812929613810e-03
1.860000000000000142e+01 2.182326061280402407e-01 1.197826325793037786e-02
2.135000000000000142e+01 2.307721445111490521e-01 1.475843319116810007e-02
2.445000000000000284e+01 2.154982155139391897e-01 1.144551518391722505e-02
2.805000000000000071e+01 2.617218230972810367e-01 1.591582581497647322e-02
3.385000000000000142e+01 2.584828972977804007e-01 1.203735825357493856e-02
4.260000000000000142e+01 2.724433359085520201e-01 1.198192973211183524e-02
5.364999999999999858e+01 3.052918405714903916e-01 1.235061237456614065e-02
6.754999999999999716e+01 3.413350135649730333e-01 1.626517949305302316e-02
8.504999999999999716e+01 3.596182600900008630e-01 1.470290373817801678e-02
1.069000000000000057e+02 4.008115096627837270e-01 2.714143163471857342e-02
1.345000000000000000e+02 4.097999726957590738e-01 1.822471453541299816e-02
