1.075000000000000000e+01 1.449129730065127353e-01 7.076204805771633445e-03
1.234999999999999964e+01 1.614492399335619721e-01 7.024989730402948773e-03
1.414999999999999858e+01 1.904302738795534689e-01 8.425001223857211952e-03
1.619999999999999929e+01 1.994753295226170120e-01 8.445920381948015740e-03
1.860000000000000142e+01 2.827010865954449614e-01 1.913021731741312847e-02
2.135000000000000142e+01 2.483023510097110420e-01 1.175295356107557490e-02
2.445000000000000284e+01 2.865668427690024056e-01 1.507047647454137079e-02
2.805000000000000071e+01 3.265149443629239423e-01 1.790977592481198671e-02
3.385000000000000142e+01 3.453427537611804543e-01 1.597711682020068469e-02
4.260000000000000142e+01 3.774813454414391867e-01 1.496324823558608727e-02
5.364999999999999858e+01 4.457533730101575498e-01 2.112355336023295088e-02
6.754999999999999716e+01 4.696977630814186400e-01 1.733966729617932717e-02
8.504999999999999716e+01 4.887541095893511711e-01 2.035049911441715043e-02
1.069000000000000057e+02 4.983814008550560559e-01 2.021843937909607522e-02
1.345000000000000000e+02 5.545364838436041000e-01 2.441682211744991560e-02
