1.075000000000000000e+01 2.606205186220693082e-01 1.267028684763265613e-02
1.234999999999999964e+01 3.017258684171385541e-01 1.375866286549142642e-02
1.414999999999999858e+01 3.624250135564573982e-01 1.592083651771653355e-02
1.619999999999999929e+01 3.574500347301016734e-01 1.715212698662831395e-02
1.860000000000000142e+01 4.143357597391273406e-01 1.742403803237878648e-02
2.135000000000000142e+01 4.358614608221007547e-01 2.001271080457225557e-02
2.445000000000000284e+01 4.869881375613553942e-01 2.532746026726080679e-02
2.805000000000000071e+01 5.285598311227284185e-01 2.636195426609166947e-02
3.385000000000000142e+01 5.543167707808432931e-01 2.275440295268039981e-02
4.260000000000000142e+01 5.941757017239703842e-01 2.291224422535560051e-02
5.364999999999999858e+01 6.523702213156695739e-01 2.660013205944849329e-02
6.754999999999999716e+01 6.677879268996325113e-01 2.419438945260085974e-02
8.504999999999999716e+01 6.890507396372141935e-01 2.643969944753713983e-02
1.069000000000000057e+02 8.288851448996582549e-01 3.494010215527659086e-02
1.345000000000000000e+02 8.395459378040511789e-01 4.574448266201126129e-02
