1.075000000000000000e+01 1.192597306415655589e-01 6.050892034450515780e-03
1.234999999999999964e+01 1.425201934031710693e-01 8.462939250052273210e-03
1.414999999999999858e+01 1.515823671167511599e-01 8.500843265348364056e-03
1.619999999999999929e+01 1.779293447209127077e-01 8.259629253031990428e-03
1.860000000000000142e+01 1.982366765515636564e-01 9.947089603665746835e-03
2.135000000000000142e+01 2.272118336192149313e-01 1.334691686242079831e-02
2.445000000000000284e+01 2.377754846323999194e-01 1.351806569366872067e-02
2.805000000000000071e+01 2.789946562826164378e-01 2.000351427404508525e-02
3.385000000000000142e+01 2.700002949385458817e-01 1.112489087852855038e-02
4.260000000000000142e+01 3.451595641985393259e-01 1.605078647334397951e-02
5.364999999999999858e+01 3.757726468181293300e-01 2.001146186500569676e-02
6.754999999999999716e+01 4.045128219566107020e-01 1.453543851894924070e-02
8.504999999999999716e+01 4.481353974145279584e-01 2.032432230180067356e-02
1.069000000000000057e+02 4.626627020661904233e-01 2.063198503991834840e-02
1.345000000000000000e+02 5.125438757334311868e-01 2.886571688684421572e-02
