1.000000000000000000e+01 1.809999999999999942e-01 1.061037228376083066e-02
1.150000000000000000e+01 2.020000000000000129e-01 4.438468204234428949e-02
1.319999999999999929e+01 2.260000000000000064e-01 4.368065933568310993e-02
1.509999999999999964e+01 2.510000000000000009e-01 4.368065933568310993e-02
1.730000000000000071e+01 2.790000000000000258e-01 4.427188724235731759e-02
1.989999999999999858e+01 3.130000000000000004e-01 4.661544808322665157e-02
2.280000000000000071e+01 3.420000000000000262e-01 4.976946855251721674e-02
2.610000000000000142e+01 3.469999999999999751e-01 4.939635614091387322e-02
3.000000000000000000e+01 4.149999999999999800e-01 5.124451190127583128e-02
3.770000000000000284e+01 4.749999999999999778e-01 5.728001396647874194e-02
4.750000000000000000e+01 5.270000000000000240e-01 7.180529228406497266e-02
5.979999999999999716e+01 5.420000000000000373e-01 8.036168241145776048e-02
7.529999999999999716e+01 5.629999999999999449e-01 9.352005132590551773e-02
9.479999999999999716e+01 5.699999999999999512e-01 1.176435293588219411e-01
1.190000000000000000e+02 5.600000000000000533e-01 1.656804152578089107e-01
