1.075000000000000000e+01 1.972280908710508929e-01 1.083033734793402252e-02
1.234999999999999964e+01 2.434631618793551278e-01 1.678494071035525198e-02
1.414999999999999858e+01 2.776559459070763181e-01 1.276082225727314355e-02
1.619999999999999929e+01 2.923255626353683523e-01 1.220734585282340877e-02
1.860000000000000142e+01 3.382637870384486156e-01 1.402810679370217715e-02
2.135000000000000142e+01 3.714823377236073365e-01 1.724130941974978681e-02
2.445000000000000284e+01 3.951933637765364660e-01 1.842903729375675731e-02
2.805000000000000071e+01 4.407608056330907242e-01 2.161549473207356048e-02
3.385000000000000142e+01 4.779014093832750776e-01 2.275419711547259707e-02
4.260000000000000142e+01 5.335552070842055628e-01 2.054328677657518004e-02
5.364999999999999858e+01 6.037216056444827395e-01 2.656340006998487643e-02
6.754999999999999716e+01 6.391995827545954301e-01 2.190516281469327350e-02
8.504999999999999716e+01 6.761355875319337017e-01 2.617304263500729380e-02
1.069000000000000057e+02 7.540718810326403343e-01 3.388200917239465870e-02
1.345000000000000000e+02 7.623078474553383055e-01 3.754199383482663410e-02
