1.075000000000000000e+01 6.807550096558657726e-01 3.094279510048122267e-02
1.234999999999999964e+01 7.135987544249553505e-01 3.173654573052432648e-02
1.414999999999999858e+01 8.163761437496792617e-01 2.913927610850384348e-02
1.619999999999999929e+01 8.750575601743634246e-01 3.471937335762893817e-02
1.860000000000000142e+01 9.070865103266370078e-01 3.261927170950990745e-02
2.135000000000000142e+01 9.049148339785948458e-01 3.538732973079776467e-02
2.445000000000000284e+01 9.496432489987304271e-01 3.669858523380736121e-02
2.805000000000000071e+01 9.597582295353231929e-01 3.999394538837056784e-02
3.385000000000000142e+01 1.008668906657167685e+00 3.877424933265303381e-02
4.260000000000000142e+01 1.003589733430134023e+00 3.491825325072880903e-02
5.364999999999999858e+01 9.774884525666951429e-01 3.050185088089101340e-02
6.754999999999999716e+01 1.047354623366582249e+00 3.397840878823247396e-02
8.504999999999999716e+01 1.024316105471530181e+00 3.471528772455527434e-02
1.069000000000000057e+02 1.037225579898670480e+00 3.917712758984111948e-02
1.345000000000000000e+02 1.074686846531198059e+00 4.585673910593222186e-02
