1.075000000000000000e+01 9.460855798477797729e-02 5.181912497449535013e-03
1.234999999999999964e+01 1.133162334031763835e-01 6.613894540226216562e-03
1.414999999999999858e+01 1.338253143302923220e-01 6.132384731975784944e-03
1.619999999999999929e+01 1.533304814835017293e-01 1.083444523718012434e-02
1.860000000000000142e+01 1.633278696255249240e-01 8.447372853487145408e-03
2.135000000000000142e+01 1.759087182448526576e-01 1.077828288746241966e-02
2.445000000000000284e+01 1.917481951829111408e-01 1.205353871328832503e-02
2.805000000000000071e+01 1.996925672859714562e-01 8.745758552771317612e-03
3.385000000000000142e+01 2.367779445646664982e-01 1.020255536437151590e-02
4.260000000000000142e+01 2.930253676478647984e-01 1.195933741607774561e-02
5.364999999999999858e+01 3.327857456486698617e-01 1.219471738990519048e-02
6.754999999999999716e+01 3.856757878556042463e-01 1.541030110640157803e-02
8.504999999999999716e+01 4.335426356077279331e-01 1.702822303101624024e-02
1.069000000000000057e+02 4.691412238650974897e-01 2.071973730498588920e-02
1.345000000000000000e+02 5.388040862818626042e-01 2.364782010923102001e-02
