1.075000000000000000e+01 2.631780051602485848e-01 1.014741016162426165e-02
1.234999999999999964e+01 3.265078536272820187e-01 1.810388560897657068e-02
1.414999999999999858e+01 3.793057193804976746e-01 1.780045524898154347e-02
1.619999999999999929e+01 3.898720071500531015e-01 1.619855511368799295e-02
1.860000000000000142e+01 4.175792704453173410e-01 1.652154250024934906e-02
2.135000000000000142e+01 4.739196691093153224e-01 2.216801605877128517e-02
2.445000000000000284e+01 5.187123101614034004e-01 2.494899707014572310e-02
2.805000000000000071e+01 5.165788793234761256e-01 2.310826677757057621e-02
3.385000000000000142e+01 5.539772672349005944e-01 2.506898095744245283e-02
4.260000000000000142e+01 5.900569051160435841e-01 2.176218582846571256e-02
5.364999999999999858e+01 6.325005735880215862e-01 2.554013684255951669e-02
6.754999999999999716e+01 6.694642793491163424e-01 2.216132840123158712e-02
8.504999999999999716e+01 7.102029155506488500e-01 3.533421234530233213e-02
1.069000000000000057e+02 7.323349679528781131e-01 3.465051924340176864e-02
1.345000000000000000e+02 7.434635097954468419e-01 4.007662355341679722e-02
