1.075000000000000000e+01 1.895120378507017256e-01 1.239024125824252087e-02
1.234999999999999964e+01 2.164059789938371503e-01 1.068539450198982554e-02
1.414999999999999858e+01 2.494602183011972452e-01 1.203091245126505435e-02
1.619999999999999929e+01 2.384368767356750130e-01 1.024410500081233098e-02
1.860000000000000142e+01 2.676611384274125149e-01 1.267231134395186906e-02
2.135000000000000142e+01 2.912451439914702789e-01 1.474842668335919933e-02
2.445000000000000284e+01 3.135663663100454190e-01 1.758453760475203742e-02
2.805000000000000071e+01 3.492018156659183470e-01 2.215007666378481302e-02
3.385000000000000142e+01 3.345119737659351111e-01 2.548485994282638153e-02
4.260000000000000142e+01 3.702905409610348642e-01 1.750108115531855482e-02
5.364999999999999858e+01 3.729596709027167001e-01 1.410972966963134137e-02
6.754999999999999716e+01 4.118198970804922698e-01 1.771901596323707112e-02
8.504999999999999716e+01 4.453776793702066139e-01 1.909777949171815800e-02
1.069000000000000057e+02 4.688100228174245099e-01 2.270852072595680102e-02
1.345000000000000000e+02 4.523928080800269091e-01 2.240725870470329159e-02
