1.075000000000000000e+01 1.793979998740020398e-01 1.040857872008301745e-02
1.234999999999999964e+01 2.177809331735640064e-01 1.048295860263969044e-02
1.414999999999999858e+01 2.333890065539363512e-01 1.108020493220300204e-02
1.619999999999999929e+01 2.639207408212365658e-01 1.446343635506754967e-02
1.860000000000000142e+01 3.067641578863846696e-01 1.316449606260994276e-02
2.135000000000000142e+01 3.587502113846217644e-01 1.717718289629333733e-02
2.445000000000000284e+01 3.744519445718488826e-01 1.756529912690005940e-02
2.805000000000000071e+01 4.274779016432295187e-01 1.949791853908484571e-02
3.385000000000000142e+01 4.241947091645636436e-01 1.528190649358349487e-02
4.260000000000000142e+01 4.947852735540232971e-01 1.650784740290701935e-02
5.364999999999999858e+01 5.466468021793831067e-01 2.279524038276264236e-02
6.754999999999999716e+01 6.413516873141994479e-01 2.219521079789002482e-02
8.504999999999999716e+01 6.971333332744636957e-01 2.642294627441715144e-02
1.069000000000000057e+02 7.868434354399264086e-01 3.696181188559224950e-02
1.345000000000000000e+02 7.721080063950960248e-01 3.852115242092930825e-02
