1.075000000000000000e+01 1.306691078319840160e-01 6.588290198111951441e-03
1.234999999999999964e+01 1.632763744641140546e-01 1.495652554100906743e-02
1.414999999999999858e+01 1.720921240170434907e-01 8.997359806863796175e-03
1.619999999999999929e+01 1.885166400639278761e-01 8.210224827512154627e-03
1.860000000000000142e+01 2.000905980481743895e-01 1.000145830221089993e-02
2.135000000000000142e+01 2.430161833962588003e-01 1.321311885194836715e-02
2.445000000000000284e+01 2.595961984558482483e-01 1.614538823048009691e-02
2.805000000000000071e+01 2.693444114031214864e-01 1.486650097460092031e-02
3.385000000000000142e+01 2.937370639203537581e-01 1.196682228769189484e-02
4.260000000000000142e+01 3.668169607396806753e-01 1.704908778531830787e-02
5.364999999999999858e+01 3.830450522696676185e-01 1.441901195286676880e-02
6.754999999999999716e+01 4.286876116346454157e-01 1.672791959788865954e-02
8.504999999999999716e+01 4.351203850765029135e-01 1.722253301546932541e-02
1.069000000000000057e+02 5.192710061407633804e-01 3.107122638224610670e-02
1.345000000000000000e+02 5.170289876920169947e-01 3.698575003148300150e-02
