1.075000000000000000e+01 2.116114566463593860e-01 1.338705365893084857e-02
1.234999999999999964e+01 2.336129617784100110e-01 1.189644224152788116e-02
1.414999999999999858e+01 2.389785237354566938e-01 1.358180567863487981e-02
1.619999999999999929e+01 2.955778633520987353e-01 2.158908839114833528e-02
1.860000000000000142e+01 2.986113145183036388e-01 2.455969586019771111e-02
2.135000000000000142e+01 2.729606572835003853e-01 1.490167745342191839e-02
2.445000000000000284e+01 2.900731867419551469e-01 1.779898384821441623e-02
2.805000000000000071e+01 2.957635843009968624e-01 1.834650854873089848e-02
3.385000000000000142e+01 3.186986686398835533e-01 1.665793673218884594e-02
4.260000000000000142e+01 3.313574810969774354e-01 1.377592503654078045e-02
5.364999999999999858e+01 3.791909339539620838e-01 2.589862149582863177e-02
6.754999999999999716e+01 4.034072267241037846e-01 1.537104771400096132e-02
8.504999999999999716e+01 4.449989210005047546e-01 2.309366564291550836e-02
1.069000000000000057e+02 4.836833472981466042e-01 2.380771127674818910e-02
1.345000000000000000e+02 4.925397353044145832e-01 3.479998096290266851e-02
