1.075000000000000000e+01 3.456431598476934486e-01 1.789448505639862352e-02
1.234999999999999964e+01 3.839166488862593152e-01 2.087816020716902823e-02
1.414999999999999858e+01 4.446978179283330168e-01 1.922592044537751663e-02
1.619999999999999929e+01 4.464538849067438697e-01 1.711306664023642954e-02
1.860000000000000142e+01 5.118138369311320268e-01 2.562478665189896893e-02
2.135000000000000142e+01 4.836138663408472982e-01 2.331792883706313227e-02
2.445000000000000284e+01 4.982170374924798084e-01 2.333032084703614423e-02
2.805000000000000071e+01 5.630425053154962667e-01 2.865717065556244378e-02
3.385000000000000142e+01 5.453411839948129058e-01 2.535777316770301826e-02
4.260000000000000142e+01 5.890302454972614621e-01 2.401863578489054490e-02
5.364999999999999858e+01 6.463512875045340778e-01 2.713088158745081968e-02
6.754999999999999716e+01 6.309528165998871119e-01 2.139750762431338882e-02
8.504999999999999716e+01 6.656476918209069948e-01 2.584666074615919393e-02
1.069000000000000057e+02 7.210717856547520510e-01 3.223803657011388435e-02
1.345000000000000000e+02 7.855444860783719063e-01 3.898441079345365406e-02
