1.075000000000000000e+01 4.658469228167547715e-01 2.336566744310403926e-02
1.234999999999999964e+01 5.109108780325481991e-01 2.524169507217646768e-02
1.414999999999999858e+01 5.293291658190664162e-01 1.946667343719990159e-02
1.619999999999999929e+01 6.028343134439940743e-01 2.972411620988854586e-02
1.860000000000000142e+01 6.463862719855683059e-01 3.610706572426972821e-02
2.135000000000000142e+01 5.893364976468870031e-01 2.691416343154589413e-02
2.445000000000000284e+01 6.420412707588256662e-01 3.069658157289924250e-02
2.805000000000000071e+01 6.663044441516968730e-01 3.194071923247362998e-02
3.385000000000000142e+01 6.357544120788962694e-01 2.561748011404865744e-02
4.260000000000000142e+01 6.498773986661323665e-01 2.372737799641626982e-02
5.364999999999999858e+01 6.641187803880447271e-01 2.717839093659901034e-02
6.754999999999999716e+01 7.136251819600661905e-01 2.722460457987343346e-02
8.504999999999999716e+01 6.977362450523642012e-01 2.737728201517168614e-02
1.069000000000000057e+02 7.762319899988204819e-01 3.668325196144116979e-02
1.345000000000000000e+02 6.977639350506049665e-01 3.010025250059927826e-02
