1.075000000000000000e+01 1.177969522045061862e-01 6.320130187487986266e-03
1.234999999999999964e+01 1.257407573910949428e-01 6.003909371106196970e-03
1.414999999999999858e+01 1.465578538766367234e-01 7.712445900199008282e-03
1.619999999999999929e+01 1.650878853099992938e-01 8.492650779226514068e-03
1.860000000000000142e+01 1.891906780126476617e-01 9.530742476047078526e-03
2.135000000000000142e+01 2.353853153460483960e-01 2.826854758413627558e-02
2.445000000000000284e+01 2.169893938680661771e-01 1.134210956925466203e-02
2.805000000000000071e+01 2.300958185998287775e-01 1.215895094591402069e-02
3.385000000000000142e+01 2.603112786914356103e-01 1.435660436251124349e-02
4.260000000000000142e+01 2.989401830734539911e-01 1.151373867500337690e-02
5.364999999999999858e+01 3.447858130799454357e-01 1.944974139925799081e-02
6.754999999999999716e+01 3.788389417712373919e-01 1.383596086465152877e-02
8.504999999999999716e+01 4.418536835779615646e-01 1.691901226963588023e-02
1.069000000000000057e+02 4.621713669306473649e-01 2.001237332023623680e-02
1.345000000000000000e+02 4.784352195887698334e-01 2.727565965144740714e-02
