1.075000000000000000e+01 7.775084012970933101e-01 3.541241598223122261e-02
1.234999999999999964e+01 8.274245362318853880e-01 3.611435366317762574e-02
1.414999999999999858e+01 8.577036225689539384e-01 3.007854997829285254e-02
1.619999999999999929e+01 8.609369587360791165e-01 3.105263580264722850e-02
1.860000000000000142e+01 9.605908951257018380e-01 3.802318867866007895e-02
2.135000000000000142e+01 9.056592723702332481e-01 3.581157536782168110e-02
2.445000000000000284e+01 9.585941547233747251e-01 4.123957663848755451e-02
2.805000000000000071e+01 9.418536898753454567e-01 4.507680059230945863e-02
3.385000000000000142e+01 9.435195686717423591e-01 3.745711989192940933e-02
4.260000000000000142e+01 1.023461193731376895e+00 3.981374343399864124e-02
5.364999999999999858e+01 9.543825083240966567e-01 3.352491680401848556e-02
6.754999999999999716e+01 1.046914181956956735e+00 3.798815022680101378e-02
8.504999999999999716e+01 9.157146226581005521e-01 3.461005742496058718e-02
1.069000000000000057e+02 9.968704061741838762e-01 4.268632954428498716e-02
1.345000000000000000e+02 1.013844770772326598e+00 5.215466093219111449e-02
