1.075000000000000000e+01 1.501764130820814058e-01 7.008634785163082685e-03
1.234999999999999964e+01 1.785715108959825270e-01 9.680582548972619175e-03
1.414999999999999858e+01 2.299638894599330685e-01 1.259543359366004263e-02
1.619999999999999929e+01 2.306717900543506505e-01 9.845069192163755090e-03
1.860000000000000142e+01 2.421165110825187483e-01 1.035024791923111996e-02
2.135000000000000142e+01 2.668282032300196560e-01 1.227399811243878522e-02
2.445000000000000284e+01 2.925980814893687221e-01 1.356416406289441892e-02
2.805000000000000071e+01 3.469157782066906726e-01 1.923627200113336641e-02
3.385000000000000142e+01 3.729394605851225619e-01 1.700779472220230459e-02
4.260000000000000142e+01 4.358872185222114060e-01 1.742530723335736914e-02
5.364999999999999858e+01 4.709027729286975328e-01 1.599269493140764720e-02
6.754999999999999716e+01 5.331788478968984002e-01 2.096001900169168486e-02
8.504999999999999716e+01 5.950870177080123113e-01 2.268422331450592119e-02
1.069000000000000057e+02 5.991905782132703751e-01 2.452071056119689910e-02
1.345000000000000000e+02 6.415200958622176985e-01 3.090196979749183087e-02
