1.075000000000000000e+01 3.052375100001425978e-01 1.632304771005588240e-02
1.234999999999999964e+01 3.211810026199087287e-01 1.310375750199538857e-02
1.414999999999999858e+01 3.839871372110003067e-01 1.692349441845809876e-02
1.619999999999999929e+01 3.977416826166029207e-01 1.525551151798948749e-02
1.860000000000000142e+01 4.244936892051048849e-01 1.765063340598510555e-02
2.135000000000000142e+01 4.683082238938425235e-01 2.192290846282277800e-02
2.445000000000000284e+01 4.623161018748148665e-01 2.134839345380749182e-02
2.805000000000000071e+01 5.341272432704742279e-01 2.693505183073109308e-02
3.385000000000000142e+01 5.211340281583299872e-01 2.165239213883309380e-02
4.260000000000000142e+01 5.842374952483108119e-01 2.517690276727717683e-02
5.364999999999999858e+01 5.840265394462422766e-01 2.866706683611373180e-02
6.754999999999999716e+01 6.280462517547675816e-01 2.488608868598214674e-02
8.504999999999999716e+01 6.095788188138910879e-01 2.436139594219217247e-02
1.069000000000000057e+02 7.175243092757574992e-01 4.459077213569022369e-02
1.345000000000000000e+02 6.549955491245059713e-01 2.942238029038599448e-02
