1.075000000000000000e+01 1.595604029851736272e-01 9.789450410482482962e-03
1.234999999999999964e+01 1.722335314764932568e-01 7.959321489431339311e-03
1.414999999999999858e+01 2.197609145578138523e-01 1.123410631846860977e-02
1.619999999999999929e+01 2.253746380287044160e-01 9.738637853218766113e-03
1.860000000000000142e+01 2.723847763670317335e-01 1.808426816535307902e-02
2.135000000000000142e+01 2.932751000913559336e-01 1.563973805522715296e-02
2.445000000000000284e+01 3.031782057052066492e-01 1.626498414596525346e-02
2.805000000000000071e+01 3.568342033016558279e-01 2.238531738438661461e-02
3.385000000000000142e+01 3.440508430895685699e-01 1.460391501080778552e-02
4.260000000000000142e+01 3.918435019729004654e-01 1.634852940282693901e-02
5.364999999999999858e+01 4.129607590722073063e-01 2.089652906706751176e-02
6.754999999999999716e+01 4.411204416425908437e-01 1.429090651866087719e-02
8.504999999999999716e+01 4.840834606727404399e-01 2.023250067554867304e-02
1.069000000000000057e+02 5.120441719248037815e-01 2.283852742266330102e-02
1.345000000000000000e+02 5.418585269662400394e-01 2.990426343074376048e-02
