1.075000000000000000e+01 4.368213423442756026e-06 1.861345974950698856e-07
1.234999999999999964e+01 1.882132875285075800e-06 6.573607696876731629e-08
1.414999999999999858e+01 8.780183825653012959e-07 3.191102662057922021e-08
1.619999999999999929e+01 4.046799595092670235e-07 1.619246347749540415e-08
1.860000000000000142e+01 1.866574764094249767e-07 6.285475762950477790e-09
2.135000000000000142e+01 7.907605924872386811e-08 3.007612765895115644e-09
2.445000000000000284e+01 3.493644714566311394e-08 1.255839179690589726e-09
2.805000000000000071e+01 1.743495929985766096e-08 9.317694547983763088e-10
3.385000000000000142e+01 5.441694735176669807e-09 2.076793318727723865e-10
4.260000000000000142e+01 1.350695473490829346e-09 4.860876349289278761e-11
5.364999999999999858e+01 2.952971637384166377e-10 1.017737774077332282e-11
6.754999999999999716e+01 6.440794574289528633e-11 1.944227174343445252e-12
8.504999999999999716e+01 1.392147647366197776e-11 4.357490325764272104e-13
1.069000000000000057e+02 2.931961613944478767e-12 1.189756505764273550e-13
1.345000000000000000e+02 5.953927181470699547e-13 2.118888660451824903e-14
