1.075000000000000000e+01 1.860936455602240131e-05 5.669337813978260297e-07
1.234999999999999964e+01 7.859241696214720862e-06 2.594527588696713946e-07
1.414999999999999858e+01 3.271627616761261076e-06 9.321722813445638223e-08
1.619999999999999929e+01 1.365643304472143430e-06 4.003289116452879822e-08
1.860000000000000142e+01 5.797036413180236110e-07 1.653774878004176129e-08
2.135000000000000142e+01 2.459456602854039217e-07 7.000652830284345618e-09
2.445000000000000284e+01 9.048291438701467009e-08 2.882920522190255611e-09
2.805000000000000071e+01 4.018652475174467380e-08 1.548900483379317523e-09
3.385000000000000142e+01 1.242035132991266829e-08 4.770602156264669233e-10
4.260000000000000142e+01 2.711660001848269030e-09 9.075142714495785751e-11
5.364999999999999858e+01 5.493930914452496714e-10 1.922808793633438895e-11
6.754999999999999716e+01 1.171819016243906759e-10 3.450789583627870461e-12
8.504999999999999716e+01 2.306857821267807851e-11 7.778357740392550935e-13
1.069000000000000057e+02 4.323320527878120920e-12 1.306058779524891249e-13
1.345000000000000000e+02 8.347608929229493214e-13 3.560609409703139529e-14
