1.075000000000000000e+01 5.578201791449508156e-06 2.124662792611799071e-07
1.234999999999999964e+01 2.512805611210772317e-06 9.760296442797150197e-08
1.414999999999999858e+01 1.112801620254321125e-06 3.155459059179355324e-08
1.619999999999999929e+01 5.526004344340606552e-07 1.902874339313247735e-08
1.860000000000000142e+01 2.563155327347281311e-07 1.047016555925927063e-08
2.135000000000000142e+01 1.033495659138070089e-07 3.248754993944310324e-09
2.445000000000000284e+01 4.922637259717944301e-08 1.581528614113998109e-09
2.805000000000000071e+01 2.188030079937729643e-08 8.875420381941174916e-10
3.385000000000000142e+01 7.241304076121424330e-09 1.873580976307038330e-10
4.260000000000000142e+01 1.712862376883865743e-09 4.671084502164613662e-11
5.364999999999999858e+01 4.301579986986335774e-10 1.466529594540025198e-11
6.754999999999999716e+01 9.295836367707396902e-11 2.642761007819278262e-12
8.504999999999999716e+01 2.001903264872395242e-11 6.928382232065171231e-13
1.069000000000000057e+02 3.868220223884745236e-12 1.264084991009916517e-13
1.345000000000000000e+02 7.400293639835190084e-13 2.440187039709818756e-14
