1.075000000000000000e+01 6.236149674974292748e-06 2.491000958063261859e-07
1.234999999999999964e+01 2.797464416677665734e-06 1.286505211819792198e-07
1.414999999999999858e+01 1.179734524843556713e-06 4.075522383433883333e-08
1.619999999999999929e+01 5.386282523922478404e-07 1.799638077502776482e-08
1.860000000000000142e+01 2.300641097086905099e-07 8.532390352576910229e-09
2.135000000000000142e+01 1.079058838385279682e-07 3.957642202185267117e-09
2.445000000000000284e+01 4.428338991144304827e-08 1.694294910444225873e-09
2.805000000000000071e+01 2.082938298921772430e-08 1.045703396156954304e-09
3.385000000000000142e+01 6.129541711950483073e-09 2.581151825315258474e-10
4.260000000000000142e+01 1.478780049167115926e-09 4.961367529752613786e-11
5.364999999999999858e+01 3.233342131869595482e-10 1.249647647290619551e-11
6.754999999999999716e+01 7.103757940169993327e-11 2.233649902620825868e-12
8.504999999999999716e+01 1.411699528863550232e-11 6.089470367222279312e-13
1.069000000000000057e+02 3.103140468002979279e-12 1.484428364230696284e-13
1.345000000000000000e+02 5.818067894147143895e-13 2.416203311041726927e-14
