1.075000000000000000e+01 4.362298614680821354e-06 2.057713343818165294e-07
1.234999999999999964e+01 2.079680978967237933e-06 1.232908935906536477e-07
1.414999999999999858e+01 8.358635735412380779e-07 2.806371030742427786e-08
1.619999999999999929e+01 4.007141708553388253e-07 1.268521626241281559e-08
1.860000000000000142e+01 1.882782927107525597e-07 8.396436089231572128e-09
2.135000000000000142e+01 8.512187292299783821e-08 3.555184598450664593e-09
2.445000000000000284e+01 3.514382856554590439e-08 1.288145824990206860e-09
2.805000000000000071e+01 1.673461339363580784e-08 7.407351156318220814e-10
3.385000000000000142e+01 4.982796007043392629e-09 1.424637849946339751e-10
4.260000000000000142e+01 1.201415583918577622e-09 3.758568959261414565e-11
5.364999999999999858e+01 2.725523594781239681e-10 7.164012327628202025e-12
6.754999999999999716e+01 6.357617338453483381e-11 2.263316308734946871e-12
8.504999999999999716e+01 1.372425166931285537e-11 4.518488425687156832e-13
1.069000000000000057e+02 2.925106679372761407e-12 1.057898308317023021e-13
1.345000000000000000e+02 5.964103840820043875e-13 2.828277488061050515e-14
