1.075000000000000000e+01 1.387040021507175708e-05 4.459442435799062520e-07
1.234999999999999964e+01 5.912299806641553401e-06 1.937846268669827216e-07
1.414999999999999858e+01 2.572191716104083128e-06 7.831842277213472967e-08
1.619999999999999929e+01 1.077378036070608877e-06 3.319581742095347716e-08
1.860000000000000142e+01 4.429854108520226041e-07 1.177888254663711930e-08
2.135000000000000142e+01 1.839005845237027629e-07 5.530300774757906630e-09
2.445000000000000284e+01 7.725990727278384891e-08 2.739282980422811834e-09
2.805000000000000071e+01 3.223050449911685741e-08 1.316601082031273346e-09
3.385000000000000142e+01 1.046269013038214663e-08 3.383843187686212887e-10
4.260000000000000142e+01 2.216392400566281204e-09 6.292093090715523374e-11
5.364999999999999858e+01 4.645254902558014863e-10 1.473901608554270175e-11
6.754999999999999716e+01 9.891657609723874544e-11 2.633151748507450473e-12
8.504999999999999716e+01 2.131471808614826448e-11 7.954086953290892976e-13
1.069000000000000057e+02 4.124141883908038987e-12 1.882356167899239316e-13
1.345000000000000000e+02 8.190294843469252355e-13 3.491348179028212107e-14
