1.075000000000000000e+01 1.008660508473870033e-05 3.781305889256538843e-07
1.234999999999999964e+01 4.087524594981020323e-06 1.324824789829390345e-07
1.414999999999999858e+01 1.982470576310142452e-06 6.424512660568954137e-08
1.619999999999999929e+01 8.309529814369013677e-07 2.806419849632688243e-08
1.860000000000000142e+01 3.972397840040314396e-07 1.558817740413024580e-08
2.135000000000000142e+01 1.443523690661858935e-07 4.667199245706291082e-09
2.445000000000000284e+01 6.820955548418497066e-08 2.748814398965463715e-09
2.805000000000000071e+01 2.892957418332830866e-08 1.164156807151087293e-09
3.385000000000000142e+01 9.007963726318316549e-09 3.179636840240761131e-10
4.260000000000000142e+01 2.031143361916571021e-09 6.226819720975112977e-11
5.364999999999999858e+01 4.395515828587821098e-10 1.261605609006861959e-11
6.754999999999999716e+01 9.517260166508495713e-11 2.805167900147125715e-12
8.504999999999999716e+01 1.964468592462512163e-11 5.609138318636034976e-13
1.069000000000000057e+02 3.941405083883181303e-12 1.265617058506953901e-13
1.345000000000000000e+02 6.955979666519368763e-13 2.260638856487636693e-14
