1.075000000000000000e+01 6.595788838671957143e-06 2.353006614833979558e-07
1.234999999999999964e+01 2.775120252431050089e-06 7.906351770408771406e-08
1.414999999999999858e+01 1.266702526401984405e-06 4.234594304550892876e-08
1.619999999999999929e+01 6.020734766278756132e-07 2.351977488201419592e-08
1.860000000000000142e+01 2.719911690223067659e-07 9.663075325334971597e-09
2.135000000000000142e+01 1.157077684106768290e-07 4.320472477051606892e-09
2.445000000000000284e+01 5.312242148177582592e-08 2.128206065906000360e-09
2.805000000000000071e+01 2.205921219882731995e-08 8.534330923955107437e-10
3.385000000000000142e+01 7.165981868768049264e-09 2.291348038486950649e-10
4.260000000000000142e+01 1.671331995671294241e-09 6.579290201257922763e-11
5.364999999999999858e+01 3.751139050014818776e-10 1.150029603950444514e-11
6.754999999999999716e+01 8.762914138154898756e-11 2.630704551997581291e-12
8.504999999999999716e+01 1.889628829763654171e-11 6.527399114091053360e-13
1.069000000000000057e+02 3.726146705916573257e-12 1.173515367569298109e-13
1.345000000000000000e+02 6.519221260844360326e-13 2.117786971022121038e-14
