1.075000000000000000e+01 6.803965004436636267e-06 3.048631394419031200e-07
1.234999999999999964e+01 2.784793514215757058e-06 1.096961237168247806e-07
1.414999999999999858e+01 1.222551723761575848e-06 4.769574303706857039e-08
1.619999999999999929e+01 5.350914855967766355e-07 1.873043628933362321e-08
1.860000000000000142e+01 2.383598019744800037e-07 7.573621183131051536e-09
2.135000000000000142e+01 9.773400452357535881e-08 3.589975385799456477e-09
2.445000000000000284e+01 4.799838505960116665e-08 1.955503488913568322e-09
2.805000000000000071e+01 1.815660316446648244e-08 7.460642513781778366e-10
3.385000000000000142e+01 6.205924719156969723e-09 2.151668921371323875e-10
4.260000000000000142e+01 1.394974046375070846e-09 4.889132685493456578e-11
5.364999999999999858e+01 3.141550084688000542e-10 1.085119234318437272e-11
6.754999999999999716e+01 6.990603220466947132e-11 2.253268317906678247e-12
8.504999999999999716e+01 1.415358070160064291e-11 4.675001338697760694e-13
1.069000000000000057e+02 3.020494801107564680e-12 1.081649931281806267e-13
1.345000000000000000e+02 5.810143572311846947e-13 2.130369009907309755e-14
