1.075000000000000000e+01 5.071315064861742157e-06 2.289242079964982921e-07
1.234999999999999964e+01 2.411570213100183000e-06 1.406816748149009086e-07
1.414999999999999858e+01 1.059843682957981196e-06 4.220339806650601469e-08
1.619999999999999929e+01 4.691349747537893999e-07 1.693383589550127262e-08
1.860000000000000142e+01 2.150026975454352154e-07 9.146596277668819544e-09
2.135000000000000142e+01 9.027375895321102910e-08 3.429764719013036102e-09
2.445000000000000284e+01 4.263082087294547371e-08 1.788376160784475384e-09
2.805000000000000071e+01 1.756842375783815252e-08 7.711290137698044405e-10
3.385000000000000142e+01 5.344571558390121862e-09 1.708068316919799986e-10
4.260000000000000142e+01 1.224290355930758667e-09 3.753226839350129052e-11
5.364999999999999858e+01 2.937232163316583670e-10 1.034559536625626110e-11
6.754999999999999716e+01 5.997173014966658750e-11 1.693779443258099520e-12
8.504999999999999716e+01 1.253869235715822140e-11 3.793201712058498520e-13
1.069000000000000057e+02 2.820224003473462012e-12 1.416535318887324214e-13
1.345000000000000000e+02 5.168277019805764545e-13 1.798122832543968742e-14
