1.075000000000000000e+01 1.663654750260993109e-05 6.347313053882457991e-07
1.234999999999999964e+01 6.002432145886344959e-06 2.065583408972582737e-07
1.414999999999999858e+01 2.539860124769720233e-06 7.821318206673644089e-08
1.619999999999999929e+01 1.090916587428643072e-06 3.591899257743422819e-08
1.860000000000000142e+01 4.690076836013508836e-07 1.601470035639309473e-08
2.135000000000000142e+01 1.971544073491294715e-07 7.910115833766731748e-09
2.445000000000000284e+01 7.951024016794549634e-08 2.877698516491074326e-09
2.805000000000000071e+01 3.295230739085121525e-08 1.379266355243070053e-09
3.385000000000000142e+01 1.019549190316538125e-08 3.641081490736634138e-10
4.260000000000000142e+01 2.269577499923412550e-09 8.930637192582305598e-11
5.364999999999999858e+01 4.556130503341441907e-10 1.300047371781099750e-11
6.754999999999999716e+01 9.188383234272972301e-11 2.642438706546141219e-12
8.504999999999999716e+01 2.031490136461778006e-11 6.508007551585338146e-13
1.069000000000000057e+02 3.985058347809696260e-12 1.379605639803699340e-13
1.345000000000000000e+02 7.415742319692066417e-13 3.094485724315518626e-14
