1.075000000000000000e+01 1.103840605535057476e-05 3.481099336017761788e-07
1.234999999999999964e+01 4.987466000744723663e-06 1.699574108373159138e-07
1.414999999999999858e+01 2.238739714131526551e-06 6.128732076599470543e-08
1.619999999999999929e+01 9.604136874507756244e-07 2.396796174048262547e-08
1.860000000000000142e+01 4.482552347129196676e-07 1.562726103838094424e-08
2.135000000000000142e+01 1.951560466345874876e-07 7.212450224813040965e-09
2.445000000000000284e+01 7.918009630234906147e-08 2.662153676319044008e-09
2.805000000000000071e+01 3.428987533523418795e-08 1.185343225879017496e-09
3.385000000000000142e+01 1.086004763560829028e-08 3.119538852215432984e-10
4.260000000000000142e+01 2.520293363129749378e-09 8.849926186559200895e-11
5.364999999999999858e+01 5.459316915241005205e-10 2.068661314300058167e-11
6.754999999999999716e+01 1.165546759175757805e-10 5.058680733525982434e-12
8.504999999999999716e+01 2.232401379601792394e-11 6.268742199284626158e-13
1.069000000000000057e+02 4.500150230159809776e-12 1.373176141944635810e-13
1.345000000000000000e+02 8.766868838711834864e-13 3.143282386634723592e-14
