1.075000000000000000e+01 9.417503466141057789e-06 3.886933287325135870e-07
1.234999999999999964e+01 4.017881151708837003e-06 1.723147587734635702e-07
1.414999999999999858e+01 1.716684918840264032e-06 5.474197186129897604e-08
1.619999999999999929e+01 7.461408605478392373e-07 2.468489878499446047e-08
1.860000000000000142e+01 3.342358487880421124e-07 1.402801048318301281e-08
2.135000000000000142e+01 1.371272864606625074e-07 4.840964990784033113e-09
2.445000000000000284e+01 5.882286690877037333e-08 2.268788970151995412e-09
2.805000000000000071e+01 2.483785779677768960e-08 1.070367006966444365e-09
3.385000000000000142e+01 8.057615742584554964e-09 2.800660586626445477e-10
4.260000000000000142e+01 1.813547941035075640e-09 6.514861722088975402e-11
5.364999999999999858e+01 3.767345874390624471e-10 1.551121564349570651e-11
6.754999999999999716e+01 8.654945066439850563e-11 2.750245942491612517e-12
8.504999999999999716e+01 1.742786106699959498e-11 7.146144947239846639e-13
1.069000000000000057e+02 3.414902367651487863e-12 1.430074710595388749e-13
1.345000000000000000e+02 6.776244050020609367e-13 3.280441189209605605e-14
