1.075000000000000000e+01 1.335516334915525731e-05 4.081591058413279216e-07
1.234999999999999964e+01 5.924471828835657789e-06 1.845409720026342085e-07
1.414999999999999858e+01 2.753832487567787789e-06 7.980914946167196743e-08
1.619999999999999929e+01 1.111286677398650667e-06 3.640097504493089394e-08
1.860000000000000142e+01 4.485525186656603284e-07 1.282325114114005512e-08
2.135000000000000142e+01 2.071000807724315467e-07 6.738164224662772864e-09
2.445000000000000284e+01 7.653417093301985114e-08 2.569379623820555380e-09
2.805000000000000071e+01 3.397690850904324740e-08 1.277212108236026040e-09
3.385000000000000142e+01 1.065215515006279196e-08 3.399749270132511465e-10
4.260000000000000142e+01 2.351162893731479393e-09 9.130544652072889822e-11
5.364999999999999858e+01 4.951072438289318588e-10 1.681648103871791485e-11
6.754999999999999716e+01 9.995150881845107115e-11 3.062820036384999804e-12
8.504999999999999716e+01 1.959857969890825055e-11 5.749475726889152292e-13
1.069000000000000057e+02 4.152306799149641644e-12 1.856476480555835089e-13
1.345000000000000000e+02 7.199063867072094252e-13 2.988943045185304624e-14
