1.075000000000000000e+01 5.986636693478352122e-06 2.840599901648609150e-07
1.234999999999999964e+01 2.492221639020283767e-06 1.065266384846647436e-07
1.414999999999999858e+01 1.098165299562795093e-06 3.452915695957290888e-08
1.619999999999999929e+01 4.954684986092417153e-07 1.893829154846694650e-08
1.860000000000000142e+01 2.205176102015068132e-07 6.626772551725747579e-09
2.135000000000000142e+01 9.392553007878325491e-08 3.209829383262179476e-09
2.445000000000000284e+01 4.250427766143445638e-08 1.920996449391301351e-09
2.805000000000000071e+01 1.811537973222725844e-08 7.167772934919465796e-10
3.385000000000000142e+01 6.166655084758560256e-09 2.446538741390773177e-10
4.260000000000000142e+01 1.303481168561529990e-09 3.665995947019582157e-11
5.364999999999999858e+01 3.071064467480255446e-10 1.042172289076439821e-11
6.754999999999999716e+01 7.107617581827922879e-11 2.490857048322338438e-12
8.504999999999999716e+01 1.441422267602498732e-11 4.945833122994421165e-13
1.069000000000000057e+02 2.918048870972008290e-12 9.903314669607803617e-14
1.345000000000000000e+02 6.187520119892481971e-13 5.567799284495112850e-14
