1.075000000000000000e+01 1.139540477858276328e-05 3.901866813408577636e-07
1.234999999999999964e+01 4.687398179268528573e-06 1.679662020921302400e-07
1.414999999999999858e+01 1.970500676968338587e-06 6.242349209422664549e-08
1.619999999999999929e+01 8.493715005258824467e-07 2.919194659166161622e-08
1.860000000000000142e+01 3.660782483869990342e-07 1.232419300970334675e-08
2.135000000000000142e+01 1.543818301432570456e-07 5.414754536809807259e-09
2.445000000000000284e+01 6.059942338521405209e-08 2.414269632402930711e-09
2.805000000000000071e+01 2.718040295639709169e-08 1.214633880568257249e-09
3.385000000000000142e+01 7.863880370874396635e-09 2.803534138499873189e-10
4.260000000000000142e+01 1.873283587377026857e-09 8.541282770890426927e-11
5.364999999999999858e+01 3.745949287120678292e-10 1.208922166647881125e-11
6.754999999999999716e+01 7.948092129216660455e-11 2.496283730391636410e-12
8.504999999999999716e+01 1.584575339476854787e-11 5.110724132848610563e-13
1.069000000000000057e+02 3.287273322537055880e-12 1.232915390524128572e-13
1.345000000000000000e+02 5.767987122950134865e-13 2.046631872358553716e-14
