1.075000000000000000e+01 1.065781980048335055e-05 4.064057436685915475e-07
1.234999999999999964e+01 4.551135886042420555e-06 1.649059396177584643e-07
1.414999999999999858e+01 1.985596754164541626e-06 6.273545904521686502e-08
1.619999999999999929e+01 8.983674768879905038e-07 3.259461841014404589e-08
1.860000000000000142e+01 3.795278384213068857e-07 1.343383599370863008e-08
2.135000000000000142e+01 1.500199645640174726e-07 4.876995450774071284e-09
2.445000000000000284e+01 6.858961629029014620e-08 2.461687099238209164e-09
2.805000000000000071e+01 2.831107779582468626e-08 1.195970776766234503e-09
3.385000000000000142e+01 9.430899892712794963e-09 3.474904816451671379e-10
4.260000000000000142e+01 2.040448773928112006e-09 6.357065001658054492e-11
5.364999999999999858e+01 4.829852232861312277e-10 1.835012002993058188e-11
6.754999999999999716e+01 1.034446520378985502e-10 3.571318927908306408e-12
8.504999999999999716e+01 2.093172221272798768e-11 8.047561816982781867e-13
1.069000000000000057e+02 4.045980014156109795e-12 1.313232286809960932e-13
1.345000000000000000e+02 8.085137843189452038e-13 4.025240705067640660e-14
