1.075000000000000000e+01 6.674806505746602169e-06 2.809774339040731760e-07
1.234999999999999964e+01 3.025925582737392955e-06 1.125796418555714903e-07
1.414999999999999858e+01 1.322324317934909903e-06 4.088768653692513367e-08
1.619999999999999929e+01 6.094781176702656158e-07 1.998949393109786651e-08
1.860000000000000142e+01 2.890200358160613972e-07 8.554132297341506878e-09
2.135000000000000142e+01 1.181767587261661721e-07 3.813481820464496851e-09
2.445000000000000284e+01 5.304703570169972210e-08 2.002464522356889032e-09
2.805000000000000071e+01 2.357943583363801647e-08 1.012255128821105082e-09
3.385000000000000142e+01 7.556747856191957384e-09 2.402107619632067000e-10
4.260000000000000142e+01 1.883205772701223771e-09 7.792032409929836068e-11
5.364999999999999858e+01 4.236618087424121489e-10 1.650827754374422267e-11
6.754999999999999716e+01 9.281660470521156464e-11 2.441074244859532781e-12
8.504999999999999716e+01 1.985798666424689597e-11 6.370621135276238035e-13
1.069000000000000057e+02 3.953025507543516406e-12 1.588272843248243956e-13
1.345000000000000000e+02 7.555071666961778486e-13 3.222551518844602602e-14
