1.075000000000000000e+01 8.041130361830710086e-06 2.957113731663059690e-07
1.234999999999999964e+01 3.716104611923754843e-06 1.926291887850261296e-07
1.414999999999999858e+01 1.582069322668926860e-06 6.155620589252445437e-08
1.619999999999999929e+01 6.913931752906843189e-07 2.714276779809027061e-08
1.860000000000000142e+01 2.658129647610370019e-07 8.210918540207145592e-09
2.135000000000000142e+01 1.182495762885103941e-07 4.134519005719169768e-09
2.445000000000000284e+01 4.992504600559913939e-08 1.919712174462526630e-09
2.805000000000000071e+01 2.157813465629915619e-08 9.693029903506303169e-10
3.385000000000000142e+01 7.006247025988464039e-09 2.571724343164020628e-10
4.260000000000000142e+01 1.696452795372399618e-09 6.086079998909251870e-11
5.364999999999999858e+01 3.718733989478955654e-10 1.531059206048031138e-11
6.754999999999999716e+01 8.268687800364951604e-11 2.718063343217255239e-12
8.504999999999999716e+01 1.629525561942181876e-11 6.867449551338679869e-13
1.069000000000000057e+02 3.157673607829727234e-12 1.265362508824384284e-13
1.345000000000000000e+02 6.253846530355636884e-13 2.590887537113290751e-14
