1.075000000000000000e+01 4.865933010399399292e-06 2.147948158486459917e-07
1.234999999999999964e+01 2.138630763925659676e-06 7.047540161447790708e-08
1.414999999999999858e+01 1.014604210816829253e-06 3.942268136683439456e-08
1.619999999999999929e+01 4.251499533986872449e-07 1.424086964800334374e-08
1.860000000000000142e+01 1.981563068956767153e-07 6.747857257833792747e-09
2.135000000000000142e+01 9.511823407454708542e-08 5.596326065584858461e-09
2.445000000000000284e+01 4.042478904106128060e-08 1.680908859350090839e-09
2.805000000000000071e+01 1.860400530463613795e-08 7.569207268962418970e-10
3.385000000000000142e+01 6.271504109689064888e-09 2.977113012017435030e-10
4.260000000000000142e+01 1.397086028767971840e-09 4.406166760183765345e-11
5.364999999999999858e+01 3.273035541732609601e-10 1.070243530992790198e-11
6.754999999999999716e+01 6.871201003578655855e-11 1.882172275903875308e-12
8.504999999999999716e+01 1.568601034935954766e-11 6.479043945490578932e-13
1.069000000000000057e+02 3.227662129208749903e-12 1.182928808099945826e-13
1.345000000000000000e+02 6.133131473241906149e-13 2.665834741400876340e-14
