1.075000000000000000e+01 5.254881815654389777e-06 2.641571919431971062e-07
1.234999999999999964e+01 2.393288927611638452e-06 1.244660762713258904e-07
1.414999999999999858e+01 1.005422731437793128e-06 3.446547400364497150e-08
1.619999999999999929e+01 4.767280566131525362e-07 2.004948959409322596e-08
1.860000000000000142e+01 2.022275867705837071e-07 6.507132481075392214e-09
2.135000000000000142e+01 8.588856197864031228e-08 3.020191480008776042e-09
2.445000000000000284e+01 4.084247547891553717e-08 1.449817733454102839e-09
2.805000000000000071e+01 1.764852811921286605e-08 7.758808328067053873e-10
3.385000000000000142e+01 5.952025019037554177e-09 2.136774176126536802e-10
4.260000000000000142e+01 1.285405095200086489e-09 4.008238887037421434e-11
5.364999999999999858e+01 3.090680664830579748e-10 1.226187842561534094e-11
6.754999999999999716e+01 6.725464892202786391e-11 2.132524056889217151e-12
8.504999999999999716e+01 1.420359125064237883e-11 4.595327554847736579e-13
1.069000000000000057e+02 3.015044564154657133e-12 1.045673776219045421e-13
1.345000000000000000e+02 5.842162121751574728e-13 2.907826706811790292e-14
