1.075000000000000000e+01 1.941224941954705798e-05 6.577337622285072965e-07
1.234999999999999964e+01 7.858877725704028195e-06 2.826846676581431470e-07
1.414999999999999858e+01 3.031725790631866122e-06 8.397249850689041537e-08
1.619999999999999929e+01 1.323742009763095108e-06 3.816624157792831657e-08
1.860000000000000142e+01 5.466730918379545542e-07 2.012816665168196027e-08
2.135000000000000142e+01 2.295825885550263982e-07 7.207580054861185010e-09
2.445000000000000284e+01 9.196252744905071107e-08 3.338067675870370934e-09
2.805000000000000071e+01 3.658738060440724565e-08 1.397668981644174288e-09
3.385000000000000142e+01 1.044322443115529952e-08 2.994149722184566460e-10
4.260000000000000142e+01 2.238885578652193634e-09 6.343514130045606024e-11
5.364999999999999858e+01 4.878783563014211325e-10 1.646396267188438341e-11
6.754999999999999716e+01 1.024749983700399699e-10 3.111403783642316405e-12
8.504999999999999716e+01 2.154726458435400498e-11 8.091977034485237592e-13
1.069000000000000057e+02 4.015148650461666483e-12 1.519006649999206486e-13
1.345000000000000000e+02 7.116426523727969705e-13 2.693943373817093855e-14
