1.075000000000000000e+01 1.023063205558754934e-05 3.926474979262730234e-07
1.234999999999999964e+01 4.141122959861800120e-06 1.277478953787870226e-07
1.414999999999999858e+01 1.917169624997751416e-06 5.801168796434176256e-08
1.619999999999999929e+01 8.121506859354877242e-07 2.302101020973328678e-08
1.860000000000000142e+01 3.492451967824143103e-07 9.478905899716255369e-09
2.135000000000000142e+01 1.537718387672232564e-07 4.999061791002229209e-09
2.445000000000000284e+01 6.692738850046394322e-08 2.205149292547615703e-09
2.805000000000000071e+01 2.766551848989172197e-08 9.654021312145246563e-10
3.385000000000000142e+01 9.073119759141944416e-09 2.804642676158604659e-10
4.260000000000000142e+01 2.055516212126587700e-09 6.041955755344860128e-11
5.364999999999999858e+01 4.402317710297967607e-10 1.366508218966347779e-11
6.754999999999999716e+01 9.934483261746569323e-11 3.034269408747311599e-12
8.504999999999999716e+01 2.040580133654650038e-11 6.164372590317527411e-13
1.069000000000000057e+02 4.080724464367049793e-12 1.492136391994266720e-13
1.345000000000000000e+02 7.827527892997354566e-13 3.105487995291809536e-14
