1.075000000000000000e+01 1.458568670711399043e-05 4.711305538316001178e-07
1.234999999999999964e+01 5.780279267474122268e-06 2.061088787529550529e-07
1.414999999999999858e+01 2.384887008932068400e-06 7.317075431110084982e-08
1.619999999999999929e+01 1.102646973658877358e-06 3.712241794597273871e-08
1.860000000000000142e+01 4.666873870940118721e-07 1.947407640437545862e-08
2.135000000000000142e+01 1.854263996487637899e-07 6.067889318922460863e-09
2.445000000000000284e+01 7.740204584066557391e-08 2.895386102121924099e-09
2.805000000000000071e+01 3.118378712450288950e-08 1.312530811191281432e-09
3.385000000000000142e+01 9.463274947093878826e-09 3.469000491192458221e-10
4.260000000000000142e+01 2.085066440570498589e-09 6.554677049660953136e-11
5.364999999999999858e+01 4.586649285296463802e-10 1.812059196999555524e-11
6.754999999999999716e+01 8.826110429318462152e-11 2.505789253419897807e-12
8.504999999999999716e+01 1.905205586536465120e-11 6.183444411187652388e-13
1.069000000000000057e+02 3.971844648062935690e-12 1.977223605259895495e-13
1.345000000000000000e+02 6.690850498791427729e-13 2.359960929580292179e-14
