1.075000000000000000e+01 4.468346757462779999e-06 1.855617706725715203e-07
1.234999999999999964e+01 2.081503207186324151e-06 9.580776136831914804e-08
1.414999999999999858e+01 9.887079599436916076e-07 3.864389432189103335e-08
1.619999999999999929e+01 4.415304132572441440e-07 1.914748379411326464e-08
1.860000000000000142e+01 1.852798394272051172e-07 5.556622449424854851e-09
2.135000000000000142e+01 8.861159946562350138e-08 3.411325002599509068e-09
2.445000000000000284e+01 3.817663393705040474e-08 1.297951990143512138e-09
2.805000000000000071e+01 1.558572859999347610e-08 5.036231695725293149e-10
3.385000000000000142e+01 5.841277875993215263e-09 2.205423986888548660e-10
4.260000000000000142e+01 1.401768218304470141e-09 4.759439607836619796e-11
5.364999999999999858e+01 3.176817424141980959e-10 1.191221893438880983e-11
6.754999999999999716e+01 7.191995618149328405e-11 2.181154628976839316e-12
8.504999999999999716e+01 1.489237505678451839e-11 6.390685705239476956e-13
1.069000000000000057e+02 3.258265140464345946e-12 1.315305192545730979e-13
1.345000000000000000e+02 6.096089933633098145e-13 2.652209260389393314e-14
