1.075000000000000000e+01 9.832302272994493397e-06 3.811624956354057402e-07
1.234999999999999964e+01 3.979644617865080194e-06 1.296879691743107610e-07
1.414999999999999858e+01 1.666628816479516557e-06 4.879264893091824558e-08
1.619999999999999929e+01 7.455768069023211609e-07 2.575753196095159697e-08
1.860000000000000142e+01 3.356564558570482988e-07 1.125013369577976861e-08
2.135000000000000142e+01 1.361950071189356104e-07 4.676878274654953966e-09
2.445000000000000284e+01 5.853347754160884954e-08 2.087665292591785985e-09
2.805000000000000071e+01 2.325664293613098253e-08 8.271258800226527199e-10
3.385000000000000142e+01 7.805286041874453077e-09 3.318343588035967382e-10
4.260000000000000142e+01 1.760807485382924970e-09 7.443310919372191244e-11
5.364999999999999858e+01 3.935480129904847967e-10 1.541679227880414617e-11
6.754999999999999716e+01 8.131000581428994413e-11 2.666435048293438817e-12
8.504999999999999716e+01 1.553334835234290760e-11 4.697839603956149683e-13
1.069000000000000057e+02 3.397056329131145124e-12 1.180367369403921760e-13
1.345000000000000000e+02 6.172345347024016393e-13 2.212642612578220135e-14
