1.075000000000000000e+01 1.005805266773947906e-05 3.285663188280888115e-07
1.234999999999999964e+01 4.549791257659197448e-06 1.722095985991908975e-07
1.414999999999999858e+01 1.851743422690416300e-06 5.694054828636408650e-08
1.619999999999999929e+01 8.524305303650521229e-07 3.074351357442837080e-08
1.860000000000000142e+01 3.215940996771130586e-07 1.050431804371040376e-08
2.135000000000000142e+01 1.488931384147486035e-07 5.031493268706754657e-09
2.445000000000000284e+01 6.172522059168588789e-08 2.399329489155019111e-09
2.805000000000000071e+01 2.516661358448280197e-08 9.607911668779058213e-10
3.385000000000000142e+01 7.440778076842716279e-09 2.352021729271874332e-10
4.260000000000000142e+01 1.799859166234724776e-09 5.929189710898995012e-11
5.364999999999999858e+01 4.117450420232642679e-10 1.925177956174790616e-11
6.754999999999999716e+01 8.211620847065229292e-11 2.726965998976696555e-12
8.504999999999999716e+01 1.571341456432428827e-11 4.791084113106928597e-13
1.069000000000000057e+02 3.123185241457012957e-12 1.070087948298514991e-13
1.345000000000000000e+02 6.411144868578669677e-13 2.609311249220460950e-14
