1.075000000000000000e+01 9.423009203259114007e-06 3.503747625395128672e-07
1.234999999999999964e+01 4.183601088410076374e-06 1.425042625709111526e-07
1.414999999999999858e+01 1.812823056544104979e-06 6.036064637131549404e-08
1.619999999999999929e+01 8.003011664521047693e-07 3.050703708659791389e-08
1.860000000000000142e+01 3.484836104275463126e-07 1.535988830578098566e-08
2.135000000000000142e+01 1.389388600538946345e-07 4.842268027012864880e-09
2.445000000000000284e+01 6.192311891476359024e-08 2.621045031222980900e-09
2.805000000000000071e+01 2.435616436940439833e-08 1.030729478405467277e-09
3.385000000000000142e+01 7.533674207426445939e-09 2.869760037685424772e-10
4.260000000000000142e+01 1.722872362891315568e-09 6.075251572681515180e-11
5.364999999999999858e+01 3.867104657909087477e-10 1.696772562888953767e-11
6.754999999999999716e+01 7.613130192233275697e-11 2.315871624389117460e-12
8.504999999999999716e+01 1.628891420619011838e-11 6.534485852201108006e-13
1.069000000000000057e+02 3.423419621349031322e-12 1.243390417771753565e-13
1.345000000000000000e+02 6.351430311124315345e-13 3.458187114907327953e-14
