1.075000000000000000e+01 4.814052411708159833e-06 2.267823441117127957e-07
1.234999999999999964e+01 1.938987133709884975e-06 5.940534407784401401e-08
1.414999999999999858e+01 9.529743886528813212e-07 3.650627166433680111e-08
1.619999999999999929e+01 4.450808572346634877e-07 1.642882458086304889e-08
1.860000000000000142e+01 1.941838483241620415e-07 5.944605172089544254e-09
2.135000000000000142e+01 9.496015506489731299e-08 3.886403745257539142e-09
2.445000000000000284e+01 3.677955719530482384e-08 1.301136913412828925e-09
2.805000000000000071e+01 1.708583335466185485e-08 7.156127293431749957e-10
3.385000000000000142e+01 5.370647061647209827e-09 1.471740993310039107e-10
4.260000000000000142e+01 1.295156093207384612e-09 3.785540253559809678e-11
5.364999999999999858e+01 3.058162751039201854e-10 1.034483009429236624e-11
6.754999999999999716e+01 6.686371342449650833e-11 1.846419949681777493e-12
8.504999999999999716e+01 1.487005914681800064e-11 4.553045546665029638e-13
1.069000000000000057e+02 3.113365153574223312e-12 1.062037511044268361e-13
1.345000000000000000e+02 5.960750533653652287e-13 2.408357600855581488e-14
