1.075000000000000000e+01 1.110800452530559551e-05 3.361517296971688118e-07
1.234999999999999964e+01 4.963004043098871734e-06 1.928553714847903188e-07
1.414999999999999858e+01 2.001119574780455580e-06 6.344827175834856174e-08
1.619999999999999929e+01 9.163742000241548731e-07 2.878432689078039198e-08
1.860000000000000142e+01 3.784591920347616988e-07 1.048999959685489040e-08
2.135000000000000142e+01 1.733110006498235958e-07 7.225310377663128101e-09
2.445000000000000284e+01 7.014276439845042519e-08 2.465250353227680308e-09
2.805000000000000071e+01 2.754434730476557102e-08 1.119550962711442070e-09
3.385000000000000142e+01 9.074781133262765365e-09 2.880154547485608989e-10
4.260000000000000142e+01 1.956321478838106231e-09 7.522586151386366376e-11
5.364999999999999858e+01 4.418797882293253143e-10 1.412710700271274635e-11
6.754999999999999716e+01 9.445019152195419247e-11 2.652194317410023246e-12
8.504999999999999716e+01 1.830514536683998520e-11 5.175081680865473661e-13
1.069000000000000057e+02 3.847187344675705750e-12 1.160995567768996628e-13
1.345000000000000000e+02 7.023472527576327127e-13 2.396219118511970684e-14
