1.075000000000000000e+01 1.294323722497654973e-05 4.457089705525297109e-07
1.234999999999999964e+01 5.517768426155563904e-06 1.937135941128191171e-07
1.414999999999999858e+01 2.357177762653638460e-06 6.444970826324987026e-08
1.619999999999999929e+01 1.080890592841724449e-06 3.713448575179902719e-08
1.860000000000000142e+01 4.616933910657175468e-07 1.516332779446929519e-08
2.135000000000000142e+01 1.880707483611235531e-07 5.793239373202486021e-09
2.445000000000000284e+01 8.137256630234630362e-08 2.702578046880096193e-09
2.805000000000000071e+01 3.315677716988024177e-08 1.314731679248179787e-09
3.385000000000000142e+01 1.044624584100574871e-08 3.102542615856197164e-10
4.260000000000000142e+01 2.458799271710171187e-09 8.875063333731899422e-11
5.364999999999999858e+01 5.202979055105511008e-10 2.077406836313472745e-11
6.754999999999999716e+01 1.092371235712833872e-10 3.097286981743931129e-12
8.504999999999999716e+01 2.099395554065228453e-11 5.345817765431312265e-13
1.069000000000000057e+02 4.406988648127853604e-12 1.364625291458908493e-13
1.345000000000000000e+02 8.833387762318713057e-13 3.228487286296752969e-14
