1.075000000000000000e+01 4.614484375346431605e-06 1.299083556216282867e-07
1.234999999999999964e+01 2.140887515999653713e-06 6.193048918922757041e-08
1.414999999999999858e+01 1.035297032729813215e-06 3.699018093349287598e-08
1.619999999999999929e+01 4.831774494611476331e-07 1.837803440866295195e-08
1.860000000000000142e+01 1.975719495057742693e-07 6.441842424593409819e-09
2.135000000000000142e+01 8.964186060290465614e-08 3.300919779922679772e-09
2.445000000000000284e+01 3.900135374590793659e-08 1.454452131965150615e-09
2.805000000000000071e+01 1.774207868839466387e-08 9.364616640762850977e-10
3.385000000000000142e+01 5.650700314503602085e-09 2.061039078651853526e-10
4.260000000000000142e+01 1.354722285796572651e-09 4.830194743169385522e-11
5.364999999999999858e+01 2.956387486951235549e-10 7.769193061365334471e-12
6.754999999999999716e+01 6.855128820985686410e-11 2.022565732792597425e-12
8.504999999999999716e+01 1.480641244294443404e-11 5.146023525451727385e-13
1.069000000000000057e+02 2.762563905726254447e-12 9.707818035813415542e-14
1.345000000000000000e+02 5.186177267746676021e-13 2.163249474047961218e-14
