1.075000000000000000e+01 1.442730438331030400e-05 5.848090582142000519e-07
1.234999999999999964e+01 6.275278075038686601e-06 2.779133769847159253e-07
1.414999999999999858e+01 2.478796185642065711e-06 7.964912464473651899e-08
1.619999999999999929e+01 1.003610615593226810e-06 3.346935512470333127e-08
1.860000000000000142e+01 4.031952911223914715e-07 1.120089655747231766e-08
2.135000000000000142e+01 1.670529565478697839e-07 6.853650375742997946e-09
2.445000000000000284e+01 7.507312840892527339e-08 2.782670316463257403e-09
2.805000000000000071e+01 2.978331965928835111e-08 1.132308118336388302e-09
3.385000000000000142e+01 9.581045074484997969e-09 3.257894839743218900e-10
4.260000000000000142e+01 2.018706177978823354e-09 7.997113040698958831e-11
5.364999999999999858e+01 4.351819631784074703e-10 1.091226902147120202e-11
6.754999999999999716e+01 9.230573963214554259e-11 2.707587228207157142e-12
8.504999999999999716e+01 1.903668059083142302e-11 6.152382008147372420e-13
1.069000000000000057e+02 4.194579832939757314e-12 1.876950016053861041e-13
1.345000000000000000e+02 7.437639622028790047e-13 3.048743328430639748e-14
