1.075000000000000000e+01 1.201321003352223975e-05 4.115581606267362575e-07
1.234999999999999964e+01 5.172653683117953843e-06 1.929000542709944777e-07
1.414999999999999858e+01 2.291732901711895441e-06 7.082149542696747609e-08
1.619999999999999929e+01 9.345776682624400357e-07 2.959619522714121383e-08
1.860000000000000142e+01 3.944077075158336843e-07 1.415140089309496677e-08
2.135000000000000142e+01 1.618253722218487097e-07 5.163058023904721409e-09
2.445000000000000284e+01 7.598719334623497694e-08 2.809706513437739230e-09
2.805000000000000071e+01 3.045255965589963497e-08 1.193099549562376795e-09
3.385000000000000142e+01 9.555692602106255903e-09 3.144363455600481707e-10
4.260000000000000142e+01 1.964616450920342956e-09 5.779803623794994850e-11
5.364999999999999858e+01 4.440167870304510211e-10 1.542843267812848054e-11
6.754999999999999716e+01 8.853779365278037033e-11 2.542961223897049772e-12
8.504999999999999716e+01 1.905635389378913892e-11 8.128468179623255377e-13
1.069000000000000057e+02 3.627308148276052572e-12 1.186914191172061264e-13
1.345000000000000000e+02 6.671117883846975277e-13 2.746462846196017758e-14
