1.075000000000000000e+01 6.466856309854341661e-06 2.638942359933869255e-07
1.234999999999999964e+01 2.925877184277491429e-06 1.461437731793514034e-07
1.414999999999999858e+01 1.296545193550372713e-06 4.755099048520748150e-08
1.619999999999999929e+01 5.724609736222548757e-07 1.796885509408106489e-08
1.860000000000000142e+01 2.824446199916945874e-07 1.362246102378501689e-08
2.135000000000000142e+01 1.166935707658955168e-07 4.179046769808553434e-09
2.445000000000000284e+01 5.065651164040282116e-08 1.814514005044283453e-09
2.805000000000000071e+01 2.294534346947953345e-08 9.142085963361436405e-10
3.385000000000000142e+01 7.463566505762718166e-09 2.397283321171015834e-10
4.260000000000000142e+01 1.834746433172139749e-09 7.613647505010416084e-11
5.364999999999999858e+01 3.947711591506600152e-10 1.302580506263710739e-11
6.754999999999999716e+01 8.739592315528822751e-11 2.476761189086850200e-12
8.504999999999999716e+01 1.823582952816822007e-11 5.551456115762721063e-13
1.069000000000000057e+02 3.913207940137673051e-12 1.424317367741755165e-13
1.345000000000000000e+02 7.192858966646375415e-13 2.269379885803758218e-14
