1.075000000000000000e+01 9.812656477233195444e-06 3.161664701556035634e-07
1.234999999999999964e+01 4.347812985617815768e-06 1.668193878866628733e-07
1.414999999999999858e+01 1.827997170380881509e-06 5.669238691870558603e-08
1.619999999999999929e+01 8.469306967450717378e-07 2.867607873686776260e-08
1.860000000000000142e+01 3.403404950833490325e-07 1.050993387733099281e-08
2.135000000000000142e+01 1.502756551904532482e-07 4.333807835749278729e-09
2.445000000000000284e+01 6.968818319164758072e-08 2.518580581318685440e-09
2.805000000000000071e+01 2.943688337497787916e-08 1.135408842739293915e-09
3.385000000000000142e+01 8.741372077924011725e-09 2.393422556956383582e-10
4.260000000000000142e+01 2.110826717407763310e-09 6.247726179524301649e-11
5.364999999999999858e+01 4.179332562568277836e-10 9.763772213530917229e-12
6.754999999999999716e+01 9.483352063220885597e-11 2.844312591724865271e-12
8.504999999999999716e+01 2.042784146888719946e-11 9.192057527352030009e-13
1.069000000000000057e+02 4.095118870733582316e-12 1.482054263706693913e-13
1.345000000000000000e+02 7.276674436095982149e-13 2.361875052998313471e-14
