1.075000000000000000e+01 1.700156166438964177e-05 5.184899612097018494e-07
1.234999999999999964e+01 7.685329312035931511e-06 2.450869820156488183e-07
1.414999999999999858e+01 3.065473173870550085e-06 8.348317839588962485e-08
1.619999999999999929e+01 1.361755732335012716e-06 4.197662357727507720e-08
1.860000000000000142e+01 6.017250880879777634e-07 2.023973174789724495e-08
2.135000000000000142e+01 2.354403613145923596e-07 6.874565875040404981e-09
2.445000000000000284e+01 9.748351201823867529e-08 3.436081930577542987e-09
2.805000000000000071e+01 4.284291279569367843e-08 1.649744926618717238e-09
3.385000000000000142e+01 1.216831775067686837e-08 3.878525286758739974e-10
4.260000000000000142e+01 2.631979257174881515e-09 8.026132129296460866e-11
5.364999999999999858e+01 5.417518237202523083e-10 1.599851997485507129e-11
6.754999999999999716e+01 1.090365742655771848e-10 2.985701658235940327e-12
8.504999999999999716e+01 2.311382527324686215e-11 8.502653202253573965e-13
1.069000000000000057e+02 4.756518845517160257e-12 1.833136820792400651e-13
1.345000000000000000e+02 8.343496754137056070e-13 3.247889620286694848e-14
