1.075000000000000000e+01 8.381711310663205930e-06 3.328081312770095490e-07
1.234999999999999964e+01 3.501397165062803509e-06 1.286809739598596886e-07
1.414999999999999858e+01 1.489503574571589623e-06 5.116311689488802926e-08
1.619999999999999929e+01 6.516154728729920125e-07 2.197590100578727908e-08
1.860000000000000142e+01 2.836125432415768106e-07 8.955753130703051718e-09
2.135000000000000142e+01 1.229836712754061278e-07 4.532084553684059924e-09
2.445000000000000284e+01 5.229658076777357976e-08 2.208285269253205475e-09
2.805000000000000071e+01 2.243352026242831692e-08 9.781239702455167528e-10
3.385000000000000142e+01 6.629052053801427006e-09 2.499320113429692841e-10
4.260000000000000142e+01 1.523573767282414921e-09 4.802847265812971517e-11
5.364999999999999858e+01 3.391194603976218295e-10 1.171877130897199119e-11
6.754999999999999716e+01 7.434187758490441599e-11 2.457377424518865130e-12
8.504999999999999716e+01 1.542896061778747184e-11 5.137263157186158697e-13
1.069000000000000057e+02 2.892240563381203953e-12 1.054938121276688280e-13
1.345000000000000000e+02 5.487180080087813357e-13 1.937252747724343888e-14
