1.075000000000000000e+01 7.728036299315452879e-06 2.691960182902542190e-07
1.234999999999999964e+01 3.400761997264246127e-06 1.245946627184174824e-07
1.414999999999999858e+01 1.453057842189288434e-06 4.736462036608102790e-08
1.619999999999999929e+01 6.452427125744932312e-07 2.166637651489647346e-08
1.860000000000000142e+01 2.615761271061926496e-07 9.650333013451681260e-09
2.135000000000000142e+01 1.184986866560875610e-07 5.987203997039986908e-09
2.445000000000000284e+01 4.945249250905229888e-08 1.805305417791527348e-09
2.805000000000000071e+01 2.111811613114122903e-08 1.135310386161720825e-09
3.385000000000000142e+01 6.631982703470045538e-09 1.848555422748874403e-10
4.260000000000000142e+01 1.664331024749413178e-09 9.176325497926835943e-11
5.364999999999999858e+01 3.430787086674372730e-10 1.344787531370500865e-11
6.754999999999999716e+01 7.271358819682560103e-11 2.242261772238398147e-12
8.504999999999999716e+01 1.537949653714408623e-11 5.476186278766677571e-13
1.069000000000000057e+02 3.216700109335914886e-12 1.387102382966056588e-13
1.345000000000000000e+02 5.537198048833009067e-13 2.422170517556113232e-14
