1.075000000000000000e+01 1.365358076990865378e-05 4.654971416840392818e-07
1.234999999999999964e+01 5.551077832060845915e-06 1.566253703716774022e-07
1.414999999999999858e+01 2.390319647593482974e-06 7.204691396173536826e-08
1.619999999999999929e+01 9.756958082758774355e-07 2.669032200956103942e-08
1.860000000000000142e+01 4.245579417040860062e-07 1.249200715701485730e-08
2.135000000000000142e+01 1.856831220109025862e-07 6.040676972890059268e-09
2.445000000000000284e+01 7.535820535770506564e-08 2.755860667064898820e-09
2.805000000000000071e+01 3.147924338979588177e-08 1.220561109934688459e-09
3.385000000000000142e+01 9.358726699088764794e-09 3.038583208406271936e-10
4.260000000000000142e+01 2.154055349215111964e-09 6.967575118501042923e-11
5.364999999999999858e+01 4.440151849507585468e-10 1.709138122110493021e-11
6.754999999999999716e+01 9.138929943671788501e-11 2.406565127958743390e-12
8.504999999999999716e+01 2.009314827000947485e-11 7.540252496085039115e-13
1.069000000000000057e+02 3.568801743937671344e-12 1.158535287155199915e-13
1.345000000000000000e+02 6.923702261170704969e-13 2.478062367777842655e-14
