1.075000000000000000e+01 6.360107822651683532e-06 2.489194912115511784e-07
1.234999999999999964e+01 2.945869333614432264e-06 1.640722936412955190e-07
1.414999999999999858e+01 1.319628834719556630e-06 4.824814243174357420e-08
1.619999999999999929e+01 5.586777268041002687e-07 1.864593115082062345e-08
1.860000000000000142e+01 2.611167719597712703e-07 1.120546852710029525e-08
2.135000000000000142e+01 1.036995763631673408e-07 3.398713289906980352e-09
2.445000000000000284e+01 4.886507036605117467e-08 2.072594615266818437e-09
2.805000000000000071e+01 1.927872712315654155e-08 7.969819937263103609e-10
3.385000000000000142e+01 6.489773560057153377e-09 2.432164959295693525e-10
4.260000000000000142e+01 1.465106533443351234e-09 5.237701797083921624e-11
5.364999999999999858e+01 3.416738414871897953e-10 1.473567931293256101e-11
6.754999999999999716e+01 6.786671807429458329e-11 2.118725219944472702e-12
8.504999999999999716e+01 1.397344916633656861e-11 4.676063514566832109e-13
1.069000000000000057e+02 3.059910907667336773e-12 1.350176611594317172e-13
1.345000000000000000e+02 5.342082955799011561e-13 2.245305471831601607e-14
