1.075000000000000000e+01 9.749893819395805949e-06 3.009394239233477751e-07
1.234999999999999964e+01 4.007544784690043008e-06 1.020686468348363729e-07
1.414999999999999858e+01 1.892759541094368780e-06 5.722110445923851329e-08
1.619999999999999929e+01 8.330824405203431950e-07 2.323621411999405804e-08
1.860000000000000142e+01 3.843233854257102228e-07 1.149938418063038241e-08
2.135000000000000142e+01 1.608748249928008189e-07 4.925921314357135959e-09
2.445000000000000284e+01 7.072271458971059687e-08 2.439874428014853651e-09
2.805000000000000071e+01 2.850992794420885349e-08 9.517739795226310279e-10
3.385000000000000142e+01 9.824869512487533828e-09 2.752753353853560020e-10
4.260000000000000142e+01 2.048172825467444357e-09 5.403759532697281487e-11
5.364999999999999858e+01 4.492760810509215273e-10 1.204012689645425167e-11
6.754999999999999716e+01 1.043559854059515432e-10 2.946119349903288531e-12
8.504999999999999716e+01 2.101319302970017048e-11 7.590385902654440749e-13
1.069000000000000057e+02 3.948367895219663127e-12 1.184335317472673700e-13
1.345000000000000000e+02 7.671845928269963849e-13 2.855610723377116749e-14
