1.075000000000000000e+01 5.183097932418318331e-06 2.348595110135364597e-07
1.234999999999999964e+01 2.197006477181198118e-06 9.518630102498090361e-08
1.414999999999999858e+01 9.798009193009340481e-07 3.142939983356894284e-08
1.619999999999999929e+01 4.534703140559354859e-07 1.653897758444086457e-08
1.860000000000000142e+01 2.065187431896118378e-07 6.778876993116099068e-09
2.135000000000000142e+01 8.707991379419271419e-08 3.025977474624753599e-09
2.445000000000000284e+01 4.071410449446584907e-08 1.652719018579980732e-09
2.805000000000000071e+01 1.801691741556900351e-08 8.590305923880583536e-10
3.385000000000000142e+01 5.642923831344022592e-09 1.930505769801775329e-10
4.260000000000000142e+01 1.352468955927860262e-09 4.405363840343315413e-11
5.364999999999999858e+01 3.007724477835719184e-10 1.010187371657508890e-11
6.754999999999999716e+01 6.986977121813040048e-11 2.167650839002000086e-12
8.504999999999999716e+01 1.467301660284089292e-11 5.004189865050322054e-13
1.069000000000000057e+02 2.994469865640170046e-12 1.002178633295975224e-13
1.345000000000000000e+02 5.437108101720119213e-13 1.876060951262634145e-14
