1.075000000000000000e+01 5.694933748857655924e-06 2.077848001319718293e-07
1.234999999999999964e+01 2.681284487442769330e-06 1.117613402483974608e-07
1.414999999999999858e+01 1.137329354043436557e-06 4.016629493734592105e-08
1.619999999999999929e+01 5.313879137112281503e-07 2.516829842084841561e-08
1.860000000000000142e+01 2.216558442366199504e-07 1.018883606614442743e-08
2.135000000000000142e+01 9.763556605191242807e-08 3.571410050261294145e-09
2.445000000000000284e+01 4.068373459589066629e-08 1.791249016316347360e-09
2.805000000000000071e+01 1.980797712775735776e-08 9.693807858642317884e-10
3.385000000000000142e+01 6.166595739465475301e-09 2.440477349179215475e-10
4.260000000000000142e+01 1.443196973673730046e-09 4.484599523212978941e-11
5.364999999999999858e+01 3.183040389960868031e-10 8.353782713956259066e-12
6.754999999999999716e+01 6.953655744392269238e-11 2.230959207364713686e-12
8.504999999999999716e+01 1.459004252990410762e-11 4.836576632444949081e-13
1.069000000000000057e+02 3.157821834260416014e-12 1.123886387758296870e-13
1.345000000000000000e+02 6.126671098796372251e-13 2.544227868555745878e-14
