1.075000000000000000e+01 5.316161925895142593e-06 2.363383362039104067e-07
1.234999999999999964e+01 2.226020440298331759e-06 6.460367908874099581e-08
1.414999999999999858e+01 9.893700045626281215e-07 3.263981281122548247e-08
1.619999999999999929e+01 4.671538660842422366e-07 2.084757935230251998e-08
1.860000000000000142e+01 2.080468252825391261e-07 7.061840197516718755e-09
2.135000000000000142e+01 8.577331362333427924e-08 3.090061495989977325e-09
2.445000000000000284e+01 3.826838946622463968e-08 1.690052390056008676e-09
2.805000000000000071e+01 1.544530976370579939e-08 6.018997062578659388e-10
3.385000000000000142e+01 5.125925947445608625e-09 1.827803745305865355e-10
4.260000000000000142e+01 1.220726016175281493e-09 6.453204645489665662e-11
5.364999999999999858e+01 2.896504603679755963e-10 1.384081129122855155e-11
6.754999999999999716e+01 5.759533357228208359e-11 1.860725881408653619e-12
8.504999999999999716e+01 1.315296345819664507e-11 4.799323535369530107e-13
1.069000000000000057e+02 2.471171944276059780e-12 9.262080542263277358e-14
1.345000000000000000e+02 4.784941066326508649e-13 1.844745853308798464e-14
