1.075000000000000000e+01 4.635744950149699668e-06 2.330018844389007760e-07
1.234999999999999964e+01 1.902224068933519917e-06 1.157742075136206073e-07
1.414999999999999858e+01 8.954203967145200565e-07 3.632578501596352517e-08
1.619999999999999929e+01 3.894659806241034395e-07 1.540207318026080844e-08
1.860000000000000142e+01 1.944977464261759758e-07 9.853741520819754269e-09
2.135000000000000142e+01 8.087807651788576664e-08 2.963404666034521623e-09
2.445000000000000284e+01 3.719355472777279824e-08 1.420612985922001648e-09
2.805000000000000071e+01 1.587166320469074599e-08 5.625562257305765725e-10
3.385000000000000142e+01 5.747792757175639311e-09 1.905808242753854478e-10
4.260000000000000142e+01 1.403822953692530457e-09 4.770338656361359553e-11
5.364999999999999858e+01 3.415125655614921056e-10 1.530629854202930447e-11
6.754999999999999716e+01 7.670281184892417109e-11 2.443701542390942718e-12
8.504999999999999716e+01 1.560301606613933503e-11 4.943907571973559697e-13
1.069000000000000057e+02 3.297955937599364155e-12 1.232024553010008352e-13
1.345000000000000000e+02 6.458294653954669525e-13 2.683105749685464418e-14
