1.075000000000000000e+01 5.372463351099341248e-06 1.742277288434391282e-07
1.234999999999999964e+01 2.519174606586847247e-06 8.122909555673246154e-08
1.414999999999999858e+01 1.133301607584676585e-06 4.008325023099972439e-08
1.619999999999999929e+01 4.837015147071311720e-07 1.663823773601225211e-08
1.860000000000000142e+01 2.317352334572373598e-07 1.032664377448787655e-08
2.135000000000000142e+01 9.832257850648220354e-08 3.352109794975122889e-09
2.445000000000000284e+01 4.008769169117773234e-08 1.320828882956308408e-09
2.805000000000000071e+01 1.910417531037557938e-08 7.254519544672230331e-10
3.385000000000000142e+01 6.066276173771087010e-09 1.822063618950556897e-10
4.260000000000000142e+01 1.454633390161279722e-09 3.948311753395703931e-11
5.364999999999999858e+01 3.143112466444099705e-10 1.012357768332267878e-11
6.754999999999999716e+01 7.172625290519239295e-11 2.047204030697464460e-12
8.504999999999999716e+01 1.462158848727744806e-11 4.610583703120946640e-13
1.069000000000000057e+02 3.238842020736934799e-12 1.337782931591701785e-13
1.345000000000000000e+02 5.953411602521247001e-13 2.331208633317123542e-14
