1.075000000000000000e+01 1.742086653026159667e-05 5.388246467164474350e-07
1.234999999999999964e+01 7.826140384386777560e-06 2.710459801388634392e-07
1.414999999999999858e+01 3.068425561660938961e-06 7.768732811676327812e-08
1.619999999999999929e+01 1.409644490557621321e-06 4.235669798281621254e-08
1.860000000000000142e+01 5.624594148115584270e-07 1.770746484744624641e-08
2.135000000000000142e+01 2.402109227037608855e-07 6.677560161642049196e-09
2.445000000000000284e+01 1.022259011631618157e-07 3.277258592800244227e-09
2.805000000000000071e+01 4.092381142653652230e-08 1.478424789700812273e-09
3.385000000000000142e+01 1.362646523043386910e-08 4.518426391089128990e-10
4.260000000000000142e+01 2.614058002660437586e-09 6.746630326072129882e-11
5.364999999999999858e+01 5.945612594473775804e-10 2.198118050780021718e-11
6.754999999999999716e+01 1.250199653075220713e-10 3.533030322875935621e-12
8.504999999999999716e+01 2.515394831860537578e-11 7.189207419998725811e-13
1.069000000000000057e+02 4.788372866369132629e-12 1.580708022831268959e-13
1.345000000000000000e+02 8.967996577106375644e-13 3.409619018369260340e-14
