1.075000000000000000e+01 5.570994680125524222e-06 2.698500388270406700e-07
1.234999999999999964e+01 2.444461680333495472e-06 1.050496879885037619e-07
1.414999999999999858e+01 1.065998530497072184e-06 3.578074181973168710e-08
1.619999999999999929e+01 4.961556266772649717e-07 1.682060528455516530e-08
1.860000000000000142e+01 2.301951882734979105e-07 8.695212719411450160e-09
2.135000000000000142e+01 9.881144868620821212e-08 3.397122327741234226e-09
2.445000000000000284e+01 4.337663790980902596e-08 1.589792122974419971e-09
2.805000000000000071e+01 1.893882255296335525e-08 7.545881902141291214e-10
3.385000000000000142e+01 6.437206376617995911e-09 2.268130842742796363e-10
4.260000000000000142e+01 1.517434957964474538e-09 4.548896861627092880e-11
5.364999999999999858e+01 3.370610872711461708e-10 8.079220186077421091e-12
6.754999999999999716e+01 7.508624052296632764e-11 2.057093409384237646e-12
8.504999999999999716e+01 1.610807359399221559e-11 5.247635887690303939e-13
1.069000000000000057e+02 3.302363682790915485e-12 1.246948096156522769e-13
1.345000000000000000e+02 6.248888745258194539e-13 2.290572323955423402e-14
