1.075000000000000000e+01 8.746235645562042602e-06 3.148510579466530345e-07
1.234999999999999964e+01 3.819158234638712507e-06 1.391062427098508059e-07
1.414999999999999858e+01 1.681060969081318830e-06 4.585801873321961022e-08
1.619999999999999929e+01 7.116870219349658021e-07 2.145772534955511938e-08
1.860000000000000142e+01 3.040417278266202269e-07 8.927761976224537086e-09
2.135000000000000142e+01 1.355382716339816976e-07 4.413741412606650399e-09
2.445000000000000284e+01 6.031182283138755440e-08 2.106332021412203695e-09
2.805000000000000071e+01 2.439180000563774881e-08 8.526277911816201225e-10
3.385000000000000142e+01 8.413552007192897477e-09 3.068723209290958208e-10
4.260000000000000142e+01 1.846155703050676051e-09 7.532732185230283531e-11
5.364999999999999858e+01 4.190279528828525108e-10 1.510779592146016456e-11
6.754999999999999716e+01 7.894136476744458834e-11 2.206078048206936491e-12
8.504999999999999716e+01 1.799150720729742770e-11 6.945396661881682253e-13
1.069000000000000057e+02 3.491484381161562242e-12 1.366979907397462072e-13
1.345000000000000000e+02 6.348137304785385959e-13 2.162848472685581648e-14
