1.075000000000000000e+01 1.656608471520589615e-05 5.484713311650991072e-07
1.234999999999999964e+01 6.574652793793983367e-06 2.046276773660908334e-07
1.414999999999999858e+01 2.861505166566939844e-06 8.010421039858557547e-08
1.619999999999999929e+01 1.257589324837786586e-06 3.854900898397546295e-08
1.860000000000000142e+01 5.187896699178617554e-07 1.802110364909064113e-08
2.135000000000000142e+01 2.090835187841647523e-07 6.280923646829872266e-09
2.445000000000000284e+01 9.703206202182089702e-08 3.680210416384151863e-09
2.805000000000000071e+01 3.612379684312504915e-08 1.418143389493672232e-09
3.385000000000000142e+01 1.187251518754881832e-08 3.804520941798476726e-10
4.260000000000000142e+01 2.353225907446979758e-09 8.460456988752812170e-11
5.364999999999999858e+01 5.242218256119603538e-10 1.817778308291630534e-11
6.754999999999999716e+01 1.113327320375609196e-10 3.365920728272339301e-12
8.504999999999999716e+01 2.163078276066859913e-11 7.852509206679817643e-13
1.069000000000000057e+02 4.608775322389585003e-12 2.226841931849020163e-13
1.345000000000000000e+02 7.765470041485310400e-13 2.455149627647356038e-14
