1.075000000000000000e+01 6.613646157126693386e-06 2.814693005842294283e-07
1.234999999999999964e+01 2.626816631467676822e-06 7.347820959808294464e-08
1.414999999999999858e+01 1.184255618717813602e-06 3.788290448948867861e-08
1.619999999999999929e+01 5.604234803326049659e-07 2.019232092745183934e-08
1.860000000000000142e+01 2.610372145955996529e-07 1.066851956163861583e-08
2.135000000000000142e+01 1.101768662663984378e-07 3.499848873987845382e-09
2.445000000000000284e+01 4.881365445926818430e-08 1.697634010499649904e-09
2.805000000000000071e+01 2.038808453533128523e-08 7.018071200791647738e-10
3.385000000000000142e+01 6.696633811588638498e-09 1.973764685214147962e-10
4.260000000000000142e+01 1.643206177252789564e-09 4.863706666551313682e-11
5.364999999999999858e+01 3.737767237279715450e-10 1.260374580075368057e-11
6.754999999999999716e+01 8.078429882777900408e-11 2.152792652989221993e-12
8.504999999999999716e+01 1.670711297855035732e-11 4.820215801337671242e-13
1.069000000000000057e+02 3.323809761337698567e-12 1.062107090562259675e-13
1.345000000000000000e+02 6.196438570692879421e-13 2.007721506894434257e-14
