1.075000000000000000e+01 7.543000523261109682e-06 3.268257397977945752e-07
1.234999999999999964e+01 3.033788997456381641e-06 9.133590284232805637e-08
1.414999999999999858e+01 1.287522957846615476e-06 4.263247702544499286e-08
1.619999999999999929e+01 6.386950598894324437e-07 2.400646131007098004e-08
1.860000000000000142e+01 2.702654782679037151e-07 1.141772630982251716e-08
2.135000000000000142e+01 1.174525199303959200e-07 6.092420802404089800e-09
2.445000000000000284e+01 4.705458058385767834e-08 1.901004078763209401e-09
2.805000000000000071e+01 2.117179564664882446e-08 1.042673919848236105e-09
3.385000000000000142e+01 6.175225001071511199e-09 1.915349926731682900e-10
4.260000000000000142e+01 1.363629850642943221e-09 4.490784143387641723e-11
5.364999999999999858e+01 3.192988764140334901e-10 8.339923527437732653e-12
6.754999999999999716e+01 7.023230024143519834e-11 2.125022553684796021e-12
8.504999999999999716e+01 1.419001480403689865e-11 4.964858842949289621e-13
1.069000000000000057e+02 2.814988178760875671e-12 9.230115704391474604e-14
1.345000000000000000e+02 5.429103573848577314e-13 2.426635906957175376e-14
