1.075000000000000000e+01 7.149274833384885811e-06 2.270724187916732206e-07
1.234999999999999964e+01 3.347879622203689127e-06 1.543418403941739506e-07
1.414999999999999858e+01 1.385920512193619889e-06 4.448798081388418181e-08
1.619999999999999929e+01 6.474170084585731644e-07 2.319749114627335886e-08
1.860000000000000142e+01 2.850519898448349929e-07 8.658389249420958360e-09
2.135000000000000142e+01 1.274348326030919603e-07 6.160411986689462097e-09
2.445000000000000284e+01 5.557995851632065769e-08 2.150083874404607470e-09
2.805000000000000071e+01 2.230555982893088014e-08 8.626043914778362425e-10
3.385000000000000142e+01 7.467815749287123604e-09 2.459561889407085081e-10
4.260000000000000142e+01 1.801751953227919631e-09 7.418288412589308305e-11
5.364999999999999858e+01 3.972765369536013276e-10 1.359969366493663889e-11
6.754999999999999716e+01 8.753234803988750739e-11 2.717705155008658344e-12
8.504999999999999716e+01 1.825700153044024120e-11 5.328970923009622490e-13
1.069000000000000057e+02 3.810461492527991860e-12 1.200624659310611988e-13
1.345000000000000000e+02 6.581734230406111476e-13 2.106850545175343396e-14
