1.075000000000000000e+01 8.110931888034600637e-06 2.404786197941399880e-07
1.234999999999999964e+01 3.745060987295960915e-06 1.183401144060064261e-07
1.414999999999999858e+01 1.650199858587509048e-06 4.685553873883922972e-08
1.619999999999999929e+01 8.319487047075517065e-07 2.557335024605329307e-08
1.860000000000000142e+01 3.370696462631010063e-07 1.162366896626070482e-08
2.135000000000000142e+01 1.514565988244775999e-07 4.611631099938345334e-09
2.445000000000000284e+01 6.417650294330827338e-08 2.111694605966768907e-09
2.805000000000000071e+01 2.812543768430283930e-08 1.036144820093038243e-09
3.385000000000000142e+01 8.800372847882523468e-09 2.570747482675540489e-10
4.260000000000000142e+01 2.064505377446737502e-09 5.673954724377388719e-11
5.364999999999999858e+01 4.505570307642811759e-10 1.186552078895399425e-11
6.754999999999999716e+01 1.042595572584839441e-10 2.880513401755061736e-12
8.504999999999999716e+01 2.232653877917605202e-11 7.535084598190288832e-13
1.069000000000000057e+02 4.311108548702534257e-12 1.381404423902420568e-13
1.345000000000000000e+02 8.001805825054213271e-13 3.098752869957789226e-14
