1.075000000000000000e+01 4.160987863224889970e-06 1.621810731436259919e-07
1.234999999999999964e+01 1.853391624393504630e-06 5.906160215954657860e-08
1.414999999999999858e+01 9.140639312184113493e-07 3.766719659821973083e-08
1.619999999999999929e+01 4.231706443169976372e-07 1.833285974769931979e-08
1.860000000000000142e+01 1.984736375046020785e-07 1.033570331168338725e-08
2.135000000000000142e+01 8.276602758761781129e-08 3.451819220346536996e-09
2.445000000000000284e+01 3.473046919181550906e-08 1.471412551550004093e-09
2.805000000000000071e+01 1.725608771166610435e-08 8.282356384364884783e-10
3.385000000000000142e+01 5.164371707909324980e-09 1.875628200804242077e-10
4.260000000000000142e+01 1.279911879421595278e-09 4.654656139840403491e-11
5.364999999999999858e+01 2.834502304714589616e-10 1.033628958178803266e-11
6.754999999999999716e+01 6.171306428476487200e-11 1.785678432729419214e-12
8.504999999999999716e+01 1.338840307473915047e-11 4.272394108349494135e-13
1.069000000000000057e+02 2.827037922798815089e-12 1.034469401071440338e-13
1.345000000000000000e+02 5.358806740534923444e-13 1.999505075512598940e-14
