1.075000000000000000e+01 8.634314185628059435e-06 2.746896343578494263e-07
1.234999999999999964e+01 3.877284271540403986e-06 1.479973809589684840e-07
1.414999999999999858e+01 1.818910491897303619e-06 6.407884490027130146e-08
1.619999999999999929e+01 7.845786788076415979e-07 3.107981581233929330e-08
1.860000000000000142e+01 3.213105214151561465e-07 1.071695199855820321e-08
2.135000000000000142e+01 1.383368291413755610e-07 4.870834924330243583e-09
2.445000000000000284e+01 5.591982826093095966e-08 2.050387462803021288e-09
2.805000000000000071e+01 2.336282469519889900e-08 9.240476906075282569e-10
3.385000000000000142e+01 8.136457594580843164e-09 3.185828566939212415e-10
4.260000000000000142e+01 1.751181990168796667e-09 5.237852394882389812e-11
5.364999999999999858e+01 3.968560097132169702e-10 1.199931550796166473e-11
6.754999999999999716e+01 8.442193299010312208e-11 4.963034610819048578e-12
8.504999999999999716e+01 1.664862384706701546e-11 5.270897667315680283e-13
1.069000000000000057e+02 3.392258422137756592e-12 1.205402086893635299e-13
1.345000000000000000e+02 6.693717052040454431e-13 2.375510397442848908e-14
