1.075000000000000000e+01 8.732799394508269510e-06 2.632497407863216371e-07
1.234999999999999964e+01 3.915013029595005426e-06 1.618059072872733614e-07
1.414999999999999858e+01 1.676697207162750928e-06 4.738577855240087484e-08
1.619999999999999929e+01 7.715661440359323632e-07 2.853176256356754535e-08
1.860000000000000142e+01 3.479059415519434930e-07 1.313464397556159946e-08
2.135000000000000142e+01 1.347317213828588777e-07 3.787386126837210010e-09
2.445000000000000284e+01 6.290099759516016074e-08 2.259600976719493255e-09
2.805000000000000071e+01 2.667099354162468529e-08 9.231457290199296980e-10
3.385000000000000142e+01 8.613494842707693691e-09 2.658395811323448851e-10
4.260000000000000142e+01 1.985970115751769982e-09 6.097477981373371556e-11
5.364999999999999858e+01 4.313753264125074403e-10 1.042228121883468099e-11
6.754999999999999716e+01 9.647215594175709638e-11 2.713381254978614931e-12
8.504999999999999716e+01 1.888055514494645890e-11 5.583128439093196073e-13
1.069000000000000057e+02 3.854643759332263349e-12 1.311872931422339394e-13
1.345000000000000000e+02 7.655607312889789067e-13 3.460212068457205693e-14
