1.075000000000000000e+01 6.222446736287654978e-06 3.145353119094995032e-07
1.234999999999999964e+01 2.656042668212939685e-06 1.070807919271652823e-07
1.414999999999999858e+01 1.117108217318080479e-06 3.311471470388249705e-08
1.619999999999999929e+01 5.360514679680513637e-07 1.426138511942469369e-08
1.860000000000000142e+01 2.579426531037545820e-07 8.998220562958626928e-09
2.135000000000000142e+01 1.111691576410414909e-07 5.519392858737383888e-09
2.445000000000000284e+01 5.457883589801278877e-08 2.058689832253710571e-09
2.805000000000000071e+01 2.312120553364433730e-08 8.493501905076448643e-10
3.385000000000000142e+01 7.582381363980708563e-09 2.121153553177030908e-10
4.260000000000000142e+01 1.838819600587949786e-09 5.551562604971475793e-11
5.364999999999999858e+01 4.023647464615510461e-10 1.113760555983577898e-11
6.754999999999999716e+01 9.379131476910962794e-11 2.584052285988462926e-12
8.504999999999999716e+01 1.923785696933128365e-11 5.492410203001228088e-13
1.069000000000000057e+02 3.838621028903539064e-12 1.147132288336025183e-13
1.345000000000000000e+02 7.321828586240116388e-13 2.507076724693127096e-14
