1.075000000000000000e+01 5.752570595115292137e-06 2.291597893923090245e-07
1.234999999999999964e+01 2.497456265787181468e-06 1.065492309605105970e-07
1.414999999999999858e+01 1.185874847433399731e-06 3.685646239189117934e-08
1.619999999999999929e+01 5.174462101307313107e-07 1.657503775481917987e-08
1.860000000000000142e+01 2.285953637107468116e-07 9.021058764300419079e-09
2.135000000000000142e+01 1.048892728860147678e-07 4.121834982774746220e-09
2.445000000000000284e+01 4.303339120943368178e-08 1.682468169401057541e-09
2.805000000000000071e+01 1.912113313911078089e-08 7.866110908627592347e-10
3.385000000000000142e+01 6.199290051724405657e-09 1.913478629256711829e-10
4.260000000000000142e+01 1.501187700105381936e-09 4.784136550597496747e-11
5.364999999999999858e+01 3.257377763089588476e-10 1.271294414926598598e-11
6.754999999999999716e+01 6.968475999993697274e-11 2.147082784128027080e-12
8.504999999999999716e+01 1.485056412168034088e-11 4.756999594070520970e-13
1.069000000000000057e+02 3.138571201872728335e-12 1.106267208544568619e-13
1.345000000000000000e+02 5.815006295690855472e-13 2.367329661710874722e-14
