1.075000000000000000e+01 1.300217647892629724e+00 5.531170974215076502e-02
1.234999999999999964e+01 1.297885649022345822e+00 5.796595849098482023e-02
1.414999999999999858e+01 1.240211073230296668e+00 4.231799125483205748e-02
1.619999999999999929e+01 1.234481079431082762e+00 4.501558796433816761e-02
1.860000000000000142e+01 1.274548967464263383e+00 5.554857237246974000e-02
2.135000000000000142e+01 1.235421668477280077e+00 4.951619994392832125e-02
2.445000000000000284e+01 1.187190380734702178e+00 5.203243134739188314e-02
2.805000000000000071e+01 1.152666013790085486e+00 5.303627557888950655e-02
3.385000000000000142e+01 1.015114060236284033e+00 3.860522295870069676e-02
4.260000000000000142e+01 1.005538121820421127e+00 3.607529450298332246e-02
5.364999999999999858e+01 9.854040669762080817e-01 3.874879584245839031e-02
6.754999999999999716e+01 9.868533635500666978e-01 3.480195202058307402e-02
8.504999999999999716e+01 1.007205691107487366e+00 4.297202218596463813e-02
1.069000000000000057e+02 9.641988759469088954e-01 4.261005917484084193e-02
1.345000000000000000e+02 9.051473449958566952e-01 4.015221877289147645e-02
