1.075000000000000000e+01 9.663298345945341428e-01 4.639128072332584368e-02
1.234999999999999964e+01 1.036355780238031210e+00 5.347205687673298874e-02
1.414999999999999858e+01 1.014019964211072988e+00 3.833996034552594745e-02
1.619999999999999929e+01 9.359363886077378680e-01 3.756094939658388004e-02
1.860000000000000142e+01 9.400355526165637965e-01 3.409558083887125057e-02
2.135000000000000142e+01 8.989394343942874732e-01 4.314944272024124478e-02
2.445000000000000284e+01 9.691566594677926139e-01 4.309485562978055545e-02
2.805000000000000071e+01 9.383076837419851435e-01 4.303107296780564472e-02
3.385000000000000142e+01 9.313075315945669175e-01 3.929790221927975669e-02
4.260000000000000142e+01 9.066501826029429445e-01 4.108739516077809795e-02
5.364999999999999858e+01 8.789692570943918870e-01 2.829473265854184905e-02
6.754999999999999716e+01 8.889215035849333812e-01 3.056377334275416427e-02
8.504999999999999716e+01 8.898509115075078357e-01 3.393604221697614498e-02
1.069000000000000057e+02 1.007287528327265314e+00 5.060549367727629200e-02
1.345000000000000000e+02 9.460028477029334137e-01 4.452263906686180356e-02
