1.075000000000000000e+01 6.585601008139398971e-01 3.063892814901351611e-02
1.234999999999999964e+01 6.572342537971467280e-01 2.759442971994750110e-02
1.414999999999999858e+01 6.817804959635898054e-01 2.414512082737725260e-02
1.619999999999999929e+01 6.953019958536164058e-01 2.859986454221466121e-02
1.860000000000000142e+01 7.825711483200770147e-01 3.195326138445801767e-02
2.135000000000000142e+01 7.328877333083222423e-01 3.109417502153658669e-02
2.445000000000000284e+01 7.556380127421787885e-01 3.272387292149246674e-02
2.805000000000000071e+01 7.326881964351477095e-01 3.212704863876228445e-02
3.385000000000000142e+01 7.586982026006547919e-01 3.741349269302392949e-02
4.260000000000000142e+01 7.908215893753531844e-01 3.768898403970570576e-02
5.364999999999999858e+01 7.948780829122008562e-01 3.502945814836740807e-02
6.754999999999999716e+01 7.830305343197461188e-01 2.926885388415772019e-02
8.504999999999999716e+01 7.260910915715633740e-01 2.642610033823195384e-02
1.069000000000000057e+02 8.157700197973912770e-01 3.392108386503960016e-02
1.345000000000000000e+02 7.850684588154234200e-01 3.349061771019578443e-02
