1.075000000000000000e+01 4.360277910052982042e-01 1.945570832711414344e-02
1.234999999999999964e+01 4.393369569068578118e-01 2.097786998617304915e-02
1.414999999999999858e+01 5.390470104994975475e-01 2.317454402123799925e-02
1.619999999999999929e+01 4.970962643971154615e-01 1.905110761088702268e-02
1.860000000000000142e+01 5.620137157913794868e-01 2.544873628241889341e-02
2.135000000000000142e+01 5.702438325659998641e-01 3.451216070953692233e-02
2.445000000000000284e+01 5.965574742394377239e-01 2.832524685859958563e-02
2.805000000000000071e+01 6.314919534952121438e-01 3.385721950075809561e-02
3.385000000000000142e+01 5.589688233905049097e-01 2.343444461212273663e-02
4.260000000000000142e+01 5.807726700494985073e-01 2.109142956033005153e-02
5.364999999999999858e+01 5.924993506913524000e-01 2.007154086287678968e-02
6.754999999999999716e+01 6.152474403856441620e-01 2.299477533322335024e-02
8.504999999999999716e+01 6.171197639457263184e-01 2.484956462390974785e-02
1.069000000000000057e+02 6.844444798403461760e-01 3.537495386331263036e-02
1.345000000000000000e+02 6.366450734714934612e-01 2.821635770802602763e-02
