1.075000000000000000e+01 6.918424919626313674e-01 3.305150501294849136e-02
1.234999999999999964e+01 7.112454810573061170e-01 3.233483345948052340e-02
1.414999999999999858e+01 7.016536850247870882e-01 2.481396793026293193e-02
1.619999999999999929e+01 7.024740107726985539e-01 2.649281738266119970e-02
1.860000000000000142e+01 7.726365831776998983e-01 3.367953031795985208e-02
2.135000000000000142e+01 7.920419198271462236e-01 3.379930080742690052e-02
2.445000000000000284e+01 7.681350930482395700e-01 3.265915533652873071e-02
2.805000000000000071e+01 7.784578681714446891e-01 3.431071918733478304e-02
3.385000000000000142e+01 7.954785309144670746e-01 3.308926728785584193e-02
4.260000000000000142e+01 7.529760713230748692e-01 2.617318748222860827e-02
5.364999999999999858e+01 8.132668443157207161e-01 3.250211262226385123e-02
6.754999999999999716e+01 8.919488556737062979e-01 3.604430287665549848e-02
8.504999999999999716e+01 8.026818415744657598e-01 3.081070211328165026e-02
1.069000000000000057e+02 8.399011274333662014e-01 3.570370260574316085e-02
1.345000000000000000e+02 8.179013152793883634e-01 3.779328900521582157e-02
