1.075000000000000000e+01 4.470734445798588697e-01 2.205513888851683840e-02
1.234999999999999964e+01 4.997285268861487717e-01 2.281875161002698896e-02
1.414999999999999858e+01 5.409332422384998118e-01 1.989885878570819139e-02
1.619999999999999929e+01 5.683805447300611657e-01 2.255054095638323736e-02
1.860000000000000142e+01 6.738399854058266802e-01 2.539034083050990126e-02
2.135000000000000142e+01 6.359285752443910589e-01 2.592644233648636748e-02
2.445000000000000284e+01 6.848107838971568828e-01 3.084183989028893569e-02
2.805000000000000071e+01 7.428576154070094528e-01 3.714831964351218707e-02
3.385000000000000142e+01 7.345395140217474417e-01 2.969895698191150901e-02
4.260000000000000142e+01 8.457936456151232685e-01 3.963840954381116222e-02
5.364999999999999858e+01 8.557011475609361817e-01 3.755162173381366292e-02
6.754999999999999716e+01 8.938412296029319970e-01 2.845539157970227231e-02
8.504999999999999716e+01 9.282420561489430622e-01 3.521339850939837063e-02
1.069000000000000057e+02 9.492806077116637820e-01 4.387302095421897336e-02
1.345000000000000000e+02 9.609391789267744954e-01 4.662438953207212466e-02
