1.075000000000000000e+01 3.259164786546530634e-01 1.665120812265745778e-02
1.234999999999999964e+01 3.531926916203740885e-01 1.492950723753874373e-02
1.414999999999999858e+01 4.150518431084299076e-01 1.812421715375462511e-02
1.619999999999999929e+01 3.964817687440579386e-01 1.596010470428458478e-02
1.860000000000000142e+01 4.619944169947924340e-01 1.906769703331584118e-02
2.135000000000000142e+01 5.118468616570387431e-01 3.270397286405328507e-02
2.445000000000000284e+01 5.218638724274531349e-01 2.520310372542122063e-02
2.805000000000000071e+01 5.861093164029735902e-01 2.818891211752042394e-02
3.385000000000000142e+01 6.096098041886788277e-01 3.270230480763958170e-02
4.260000000000000142e+01 6.274654117137148379e-01 2.413103294394859308e-02
5.364999999999999858e+01 6.610792408647776508e-01 2.540381531610945084e-02
6.754999999999999716e+01 6.617094832755492373e-01 2.166638781073625813e-02
8.504999999999999716e+01 7.332271264779451903e-01 3.372839877858297558e-02
1.069000000000000057e+02 7.750916511052833302e-01 3.347192593795574045e-02
1.345000000000000000e+02 7.800807963105788057e-01 3.840723580691586536e-02
