1.075000000000000000e+01 6.311459634345683023e-01 2.853611294673509546e-02
1.234999999999999964e+01 6.909174570972572704e-01 2.980642916957431179e-02
1.414999999999999858e+01 7.415852830359728198e-01 2.877661848368640377e-02
1.619999999999999929e+01 7.463362502248905850e-01 3.297010134305163043e-02
1.860000000000000142e+01 8.124772052623837615e-01 4.051426876628471535e-02
2.135000000000000142e+01 7.476528572330004563e-01 3.203136536964949765e-02
2.445000000000000284e+01 7.993965929375648205e-01 3.912119294499467187e-02
2.805000000000000071e+01 7.673280358177835270e-01 3.797060586184700104e-02
3.385000000000000142e+01 7.322966832334950604e-01 3.336040110667204406e-02
4.260000000000000142e+01 7.737840005923641851e-01 3.216359199955400733e-02
5.364999999999999858e+01 7.810677821854326019e-01 3.772388664371660594e-02
6.754999999999999716e+01 7.331586491194831412e-01 2.589117210819272263e-02
8.504999999999999716e+01 7.614092743052541801e-01 3.421456424987968231e-02
1.069000000000000057e+02 8.221009078754262234e-01 3.527233877760395375e-02
1.345000000000000000e+02 8.078465032796762202e-01 4.778801203630791278e-02
