1.075000000000000000e+01 1.166836342078932498e+00 4.693987883018545942e-02
1.234999999999999964e+01 1.292479110459742175e+00 5.634237638467412546e-02
1.414999999999999858e+01 1.255224127034805237e+00 4.044326605378852774e-02
1.619999999999999929e+01 1.314591090622774905e+00 4.921016064059108297e-02
1.860000000000000142e+01 1.311354220816715266e+00 5.137653878831069387e-02
2.135000000000000142e+01 1.292614482574401702e+00 4.825466377413415581e-02
2.445000000000000284e+01 1.319685418499172203e+00 5.329857130618974315e-02
2.805000000000000071e+01 1.289282966062916813e+00 5.712107792052206756e-02
3.385000000000000142e+01 1.324535016739465387e+00 5.499348320665320422e-02
4.260000000000000142e+01 1.174037208237856067e+00 3.982146343902352031e-02
5.364999999999999858e+01 1.200879431437560818e+00 5.058390635724209494e-02
6.754999999999999716e+01 1.203965603679498564e+00 4.029937010093229133e-02
8.504999999999999716e+01 1.175796575065934491e+00 4.118289729700785884e-02
1.069000000000000057e+02 1.149881146950047395e+00 4.615951382693592869e-02
1.345000000000000000e+02 1.140650896153348359e+00 5.075941093965142398e-02
