1.075000000000000000e+01 9.145064175863493183e-01 3.905728534362844229e-02
1.234999999999999964e+01 9.167548479948420814e-01 3.546946680663527751e-02
1.414999999999999858e+01 9.778261954513777221e-01 3.533182889887055700e-02
1.619999999999999929e+01 9.099038979750658784e-01 3.212780607376157505e-02
1.860000000000000142e+01 9.898418164472142511e-01 3.716260020777775730e-02
2.135000000000000142e+01 9.991914188553446818e-01 4.094467486026301395e-02
2.445000000000000284e+01 9.728368607492121622e-01 4.285712025785221729e-02
2.805000000000000071e+01 9.917368610660554085e-01 4.610424409339271973e-02
3.385000000000000142e+01 9.096974905386323584e-01 3.726949164851411228e-02
4.260000000000000142e+01 9.674387966940746209e-01 3.784943810860656038e-02
5.364999999999999858e+01 8.968103696310584239e-01 3.897956951220138411e-02
6.754999999999999716e+01 8.800960134289396164e-01 2.804191613559374116e-02
8.504999999999999716e+01 9.392344541272010794e-01 4.004886202894183955e-02
1.069000000000000057e+02 8.570130098636364879e-01 3.401742795914571710e-02
1.345000000000000000e+02 8.806345008052572920e-01 3.752548261125848716e-02
