1.075000000000000000e+01 3.560724677349120237e-01 1.828857771820683112e-02
1.234999999999999964e+01 3.676250076323448468e-01 1.444120999745446624e-02
1.414999999999999858e+01 4.047290948845165270e-01 1.559905056121395697e-02
1.619999999999999929e+01 4.356533256561731515e-01 2.173893408636411173e-02
1.860000000000000142e+01 4.850538105992584503e-01 1.997554073707231287e-02
2.135000000000000142e+01 4.615603077494121464e-01 2.021773261669524563e-02
2.445000000000000284e+01 4.940258290060737800e-01 2.496537546632298515e-02
2.805000000000000071e+01 4.865962892937819029e-01 2.270077063140638063e-02
3.385000000000000142e+01 4.982560257403563786e-01 2.169443947750892762e-02
4.260000000000000142e+01 5.482578284778460986e-01 3.139425266986749230e-02
5.364999999999999858e+01 5.850284972916367510e-01 3.034738914765939752e-02
6.754999999999999716e+01 5.546538137561181081e-01 2.049601856508701664e-02
8.504999999999999716e+01 6.148223408201886064e-01 2.565612385090118575e-02
1.069000000000000057e+02 5.934278947975060170e-01 2.604659671505794166e-02
1.345000000000000000e+02 6.086027429224731833e-01 2.736088412814052795e-02
