1.075000000000000000e+01 6.341600837462261220e-01 2.932564887890191582e-02
1.234999999999999964e+01 6.274551976925588637e-01 2.752804598686110077e-02
1.414999999999999858e+01 7.068887103726746446e-01 3.048442896886654346e-02
1.619999999999999929e+01 6.490561510147702107e-01 2.650834872430571712e-02
1.860000000000000142e+01 7.193704818470448847e-01 3.402026647177010948e-02
2.135000000000000142e+01 6.749640648095983630e-01 3.015123823080028201e-02
2.445000000000000284e+01 6.835753836817167750e-01 3.299614115454699292e-02
2.805000000000000071e+01 6.158262939319667506e-01 2.753050764678311932e-02
3.385000000000000142e+01 6.433211332077020117e-01 2.738446883446887456e-02
4.260000000000000142e+01 6.824101399541236956e-01 2.710450684378332489e-02
5.364999999999999858e+01 7.086218609273342572e-01 3.117537247828875216e-02
6.754999999999999716e+01 6.621570659990971830e-01 2.406530359746738082e-02
8.504999999999999716e+01 6.784098080385464469e-01 3.334937953399825378e-02
1.069000000000000057e+02 6.756634635253563337e-01 2.974611250412718261e-02
1.345000000000000000e+02 6.786995832593657463e-01 3.046343513879222129e-02
