1.075000000000000000e+01 4.788529709824097536e-01 1.957134158888757317e-02
1.234999999999999964e+01 5.528989084663821219e-01 2.939305251754710177e-02
1.414999999999999858e+01 5.669490199775936157e-01 2.142074124904494101e-02
1.619999999999999929e+01 6.037611872626266196e-01 2.548894731334688801e-02
1.860000000000000142e+01 6.645886266486693561e-01 2.544976261267897083e-02
2.135000000000000142e+01 6.857477934521176710e-01 3.729455983957350590e-02
2.445000000000000284e+01 7.175095546255649825e-01 3.287924311227825858e-02
2.805000000000000071e+01 7.027248277585890213e-01 3.260916257688289271e-02
3.385000000000000142e+01 7.258950352287597552e-01 3.000896819139390811e-02
4.260000000000000142e+01 8.092107485572073156e-01 3.777842691450956913e-02
5.364999999999999858e+01 8.024088590362462581e-01 3.188840186167278545e-02
6.754999999999999716e+01 8.429528514913640080e-01 3.022611206792897784e-02
8.504999999999999716e+01 8.534055806494295071e-01 3.031573223207661288e-02
1.069000000000000057e+02 9.150452468333954981e-01 3.561033674812353472e-02
1.345000000000000000e+02 8.371391518280737465e-01 3.305854095935174819e-02
