1.075000000000000000e+01 1.036779993440059222e+00 4.503066151580618903e-02
1.234999999999999964e+01 1.045258747012881129e+00 4.015517448625933322e-02
1.414999999999999858e+01 1.080148859457051858e+00 3.752802520899360672e-02
1.619999999999999929e+01 1.052957610000269550e+00 4.067886559617898967e-02
1.860000000000000142e+01 1.103017391553961613e+00 4.119829819173300572e-02
2.135000000000000142e+01 1.008932140820031798e+00 4.007965000385553533e-02
2.445000000000000284e+01 1.025743004603544284e+00 4.496962231408306587e-02
2.805000000000000071e+01 1.074073681608560538e+00 5.641781538589803885e-02
3.385000000000000142e+01 1.026656024570001380e+00 4.298645003642227735e-02
4.260000000000000142e+01 9.837509007122874349e-01 3.689405637040545083e-02
5.364999999999999858e+01 8.896780173869149877e-01 4.181357948168058086e-02
6.754999999999999716e+01 9.485977115024720741e-01 3.424550860719010464e-02
8.504999999999999716e+01 9.044867857717818760e-01 3.541760564300044933e-02
1.069000000000000057e+02 9.130108511893214596e-01 4.211578209684449514e-02
1.345000000000000000e+02 8.416449364527119892e-01 3.800586679220438469e-02
