1.075000000000000000e+01 3.519679727288050897e-01 1.987490258738287829e-02
1.234999999999999964e+01 3.952492278829746741e-01 2.306537594528802401e-02
1.414999999999999858e+01 4.112959056718377138e-01 1.630827964734974170e-02
1.619999999999999929e+01 4.445819212372133511e-01 2.116866443723037713e-02
1.860000000000000142e+01 4.714864619450474525e-01 1.873635992190611499e-02
2.135000000000000142e+01 4.621804781042180843e-01 1.991858383962807899e-02
2.445000000000000284e+01 5.272559960993328243e-01 2.276043448028563371e-02
2.805000000000000071e+01 5.560075146233580679e-01 2.829921087976057514e-02
3.385000000000000142e+01 5.785554378854570468e-01 2.530549367617862880e-02
4.260000000000000142e+01 5.773067804492235666e-01 2.203400784022040843e-02
5.364999999999999858e+01 6.242476751658090350e-01 2.778769618014850784e-02
6.754999999999999716e+01 6.476748237010601095e-01 2.359515580313730279e-02
8.504999999999999716e+01 6.639329036781498328e-01 2.533979309614732556e-02
1.069000000000000057e+02 7.240336118946669730e-01 3.006727395381431425e-02
1.345000000000000000e+02 7.430720342446041071e-01 4.078199561580828081e-02
