1.075000000000000000e+01 4.557243822297223357e-01 2.354513520741077434e-02
1.234999999999999964e+01 4.599058114582575962e-01 2.182732175952774994e-02
1.414999999999999858e+01 5.001185100879077527e-01 2.190921239768281112e-02
1.619999999999999929e+01 4.990098598231451077e-01 2.071770513591917467e-02
1.860000000000000142e+01 5.557274430138091637e-01 2.190289025468392450e-02
2.135000000000000142e+01 5.259227526591889745e-01 2.334341942658004626e-02
2.445000000000000284e+01 6.196352211516665820e-01 2.947789927734066270e-02
2.805000000000000071e+01 5.720141493549015799e-01 2.770707278125199291e-02
3.385000000000000142e+01 6.032352824277315007e-01 2.578006760275105072e-02
4.260000000000000142e+01 6.265168689078989273e-01 2.592847443945172844e-02
5.364999999999999858e+01 6.345221488260534004e-01 2.538529617558720961e-02
6.754999999999999716e+01 6.732081396527905826e-01 2.483335123255829210e-02
8.504999999999999716e+01 6.615952097489250505e-01 2.563149180667342528e-02
1.069000000000000057e+02 7.253424332612267156e-01 3.080852349954919453e-02
1.345000000000000000e+02 7.389995541987052219e-01 3.203542776547466803e-02
