1.075000000000000000e+01 1.109583708599270135e+00 4.652066185055184211e-02
1.234999999999999964e+01 1.085797210008818459e+00 4.436537896964753980e-02
1.414999999999999858e+01 1.170577630948072878e+00 4.022357783504384998e-02
1.619999999999999929e+01 1.172789120354801540e+00 4.447381893107876100e-02
1.860000000000000142e+01 1.209539756021020818e+00 5.060519798410722386e-02
2.135000000000000142e+01 1.125112802556987646e+00 4.391191924340429736e-02
2.445000000000000284e+01 1.252635544613317276e+00 5.660297103085135811e-02
2.805000000000000071e+01 1.138061053354339158e+00 5.336723006533890951e-02
3.385000000000000142e+01 1.154045589721790721e+00 4.689416894823664889e-02
4.260000000000000142e+01 1.056891152346372653e+00 4.455195024927099956e-02
5.364999999999999858e+01 1.058809664916905202e+00 4.248308907873397239e-02
6.754999999999999716e+01 1.072154992262064344e+00 3.769061443431086927e-02
8.504999999999999716e+01 1.011109666118591877e+00 4.202852679445857886e-02
1.069000000000000057e+02 1.106752544474023381e+00 5.914939517601589675e-02
1.345000000000000000e+02 9.877000159081497088e-01 3.868913480135975635e-02
