1.075000000000000000e+01 4.259951670095858955e-01 1.995102744104603615e-02
1.234999999999999964e+01 4.865073189124695108e-01 3.000154465687082314e-02
1.414999999999999858e+01 5.398305804668720453e-01 2.247849544761189311e-02
1.619999999999999929e+01 5.210056628501636977e-01 2.092030146728120557e-02
1.860000000000000142e+01 6.087845131905244012e-01 2.973327463252589328e-02
2.135000000000000142e+01 5.580244758860065657e-01 2.297416742069331025e-02
2.445000000000000284e+01 6.308236963652431584e-01 3.091911478177290784e-02
2.805000000000000071e+01 6.073660693085758400e-01 2.954807524058700868e-02
3.385000000000000142e+01 6.308262770749347714e-01 2.841393843751637005e-02
4.260000000000000142e+01 6.580150794451641305e-01 2.762400203245850283e-02
5.364999999999999858e+01 6.901039749606132645e-01 3.286156044610710064e-02
6.754999999999999716e+01 6.535691638937626280e-01 2.353208483918281871e-02
8.504999999999999716e+01 6.531751382936533679e-01 2.554706151254792362e-02
1.069000000000000057e+02 7.348078276831159217e-01 3.650957657378887944e-02
1.345000000000000000e+02 6.794663287911056893e-01 3.259555594703775205e-02
