1.075000000000000000e+01 4.537125393603143042e-01 2.309100881183525147e-02
1.234999999999999964e+01 4.576911900302883529e-01 2.221483960743157737e-02
1.414999999999999858e+01 4.944266816566278422e-01 1.796385483745269185e-02
1.619999999999999929e+01 5.372239546759899342e-01 2.509539141349227676e-02
1.860000000000000142e+01 6.112220724727378540e-01 2.754452765823945867e-02
2.135000000000000142e+01 5.771951256234522099e-01 3.359504175798826847e-02
2.445000000000000284e+01 6.020657226738599377e-01 2.632045748749175726e-02
2.805000000000000071e+01 6.642367185424470355e-01 3.420279735892577805e-02
3.385000000000000142e+01 6.685837715369425949e-01 3.011181976818919082e-02
4.260000000000000142e+01 6.655491827871788946e-01 2.532244603286259305e-02
5.364999999999999858e+01 7.261426685691576566e-01 3.058429089675346324e-02
6.754999999999999716e+01 7.205052291041278423e-01 2.426837942791614314e-02
8.504999999999999716e+01 7.563660540377123986e-01 2.846259810070402366e-02
1.069000000000000057e+02 8.074751179614362284e-01 3.625736956701210156e-02
1.345000000000000000e+02 7.342203530170814396e-01 3.325032902733090351e-02
