1.000000000000000000e+01 3.980000000000000204e-01 5.783632076818164686e-02
1.150000000000000000e+01 4.279999999999999916e-01 5.805170109479997065e-02
1.319999999999999929e+01 4.550000000000000155e-01 5.727128425310541726e-02
1.509999999999999964e+01 4.829999999999999849e-01 5.846366392897386910e-02
1.730000000000000071e+01 5.290000000000000258e-01 5.894064811316550301e-02
1.989999999999999858e+01 5.570000000000000506e-01 6.072890580275591005e-02
2.280000000000000071e+01 5.889999999999999680e-01 6.229767250869008149e-02
2.610000000000000142e+01 5.929999999999999716e-01 6.040695324215582945e-02
3.000000000000000000e+01 6.800000000000000488e-01 5.920304046246274016e-02
3.770000000000000284e+01 7.189999999999999725e-01 6.264183905346329406e-02
4.750000000000000000e+01 7.530000000000000027e-01 7.227724399837061331e-02
5.979999999999999716e+01 7.730000000000000204e-01 7.839005038906404765e-02
7.529999999999999716e+01 8.139999999999999458e-01 9.152595260361948148e-02
9.479999999999999716e+01 8.840000000000000080e-01 1.189285499785480427e-01
