1.075000000000000000e+01 4.167747325277195714e-01 2.363819662331170454e-02
1.234999999999999964e+01 4.386427404245912820e-01 2.115606387916992709e-02
1.414999999999999858e+01 4.569839348253482147e-01 1.632290821780021245e-02
1.619999999999999929e+01 4.999051098531249737e-01 1.736204943394759406e-02
1.860000000000000142e+01 6.013841674062762044e-01 2.523477108202663854e-02
2.135000000000000142e+01 5.982195212647468674e-01 3.323119571663206429e-02
2.445000000000000284e+01 7.045855607406698029e-01 3.171514383148207883e-02
2.805000000000000071e+01 7.284213129287739896e-01 3.263474589510356044e-02
3.385000000000000142e+01 7.370311711091800388e-01 2.764495551679684374e-02
4.260000000000000142e+01 8.258587331000996068e-01 3.085488761975395053e-02
5.364999999999999858e+01 8.126858928050141317e-01 2.784189079666161276e-02
6.754999999999999716e+01 9.032278694696678212e-01 2.969460568046685539e-02
8.504999999999999716e+01 8.992547034620831381e-01 3.147426032223499259e-02
1.069000000000000057e+02 9.218074854661710837e-01 3.467208488761359259e-02
1.345000000000000000e+02 9.312726946948441942e-01 3.847892712770666773e-02
