1.075000000000000000e+01 8.046356378307280011e-01 3.447118514363424480e-02
1.234999999999999964e+01 8.542584853717075655e-01 3.906815954270442814e-02
1.414999999999999858e+01 9.374965672594417487e-01 3.447268684859743776e-02
1.619999999999999929e+01 8.715583854102187944e-01 3.376973902070076056e-02
1.860000000000000142e+01 9.195476124207362378e-01 3.934963570993469523e-02
2.135000000000000142e+01 8.708089433548473757e-01 3.525189828757684801e-02
2.445000000000000284e+01 9.809567820942848293e-01 4.354593557190042374e-02
2.805000000000000071e+01 9.593917347568285958e-01 4.492550554855932743e-02
3.385000000000000142e+01 9.288431920275040943e-01 3.837690143835643941e-02
4.260000000000000142e+01 8.823571668835304971e-01 3.241817741428407174e-02
5.364999999999999858e+01 8.968136054701240090e-01 3.603880566878805980e-02
6.754999999999999716e+01 8.526354804323962311e-01 2.887294876088145751e-02
8.504999999999999716e+01 8.907705207054327223e-01 4.205874741700768582e-02
1.069000000000000057e+02 8.710627535243788966e-01 3.475968701882917178e-02
1.345000000000000000e+02 8.485079724472804896e-01 4.006628818515268337e-02
