1.075000000000000000e+01 2.921834312758339047e-01 1.569846234949494670e-02
1.234999999999999964e+01 3.434571946981803126e-01 2.229926561303408050e-02
1.414999999999999858e+01 3.419330543741668227e-01 1.335009661128698337e-02
1.619999999999999929e+01 3.736937095993198010e-01 1.447577870964629823e-02
1.860000000000000142e+01 4.389641764946355940e-01 2.209083368599715214e-02
2.135000000000000142e+01 4.580547981984090522e-01 2.227682768109535624e-02
2.445000000000000284e+01 4.536893055524239271e-01 2.001813863485786202e-02
2.805000000000000071e+01 5.272151160894200661e-01 2.697082723579883809e-02
3.385000000000000142e+01 4.843433481089519099e-01 1.839073496602407903e-02
4.260000000000000142e+01 5.395850423524222172e-01 2.063919428907493026e-02
5.364999999999999858e+01 5.504941959912937888e-01 1.824437265890107435e-02
6.754999999999999716e+01 6.122504176054075486e-01 2.440676655117571953e-02
8.504999999999999716e+01 6.415266463827925536e-01 2.479542553171415822e-02
1.069000000000000057e+02 7.024359040733698656e-01 3.004658917908918994e-02
1.345000000000000000e+02 7.585819566601642583e-01 4.002258709567476508e-02
