1.075000000000000000e+01 9.769381617426716735e-01 4.033950896467550229e-02
1.234999999999999964e+01 9.546072315209599424e-01 4.239435206474310297e-02
1.414999999999999858e+01 9.756038247325070634e-01 3.569208665811350600e-02
1.619999999999999929e+01 1.028294649738762612e+00 4.153933199412266492e-02
1.860000000000000142e+01 1.088065127459362458e+00 5.201197424538245295e-02
2.135000000000000142e+01 9.978099536015327953e-01 4.104016349933695129e-02
2.445000000000000284e+01 9.992218224116803382e-01 4.471614385739549474e-02
2.805000000000000071e+01 9.824286681881111427e-01 4.842253352547186418e-02
3.385000000000000142e+01 9.198599070626369834e-01 4.080773560600847033e-02
4.260000000000000142e+01 9.364541951197921099e-01 3.593584410853799954e-02
5.364999999999999858e+01 9.263995422523497725e-01 4.110027107851488282e-02
6.754999999999999716e+01 8.499709102492420953e-01 2.854439651029391095e-02
8.504999999999999716e+01 8.905696135938716562e-01 3.406687541219154125e-02
1.069000000000000057e+02 9.537998411734247561e-01 5.224041613326884520e-02
1.345000000000000000e+02 8.510177888512360234e-01 3.589289819997734665e-02
