1.075000000000000000e+01 7.393440114837842581e-01 3.008865424631550906e-02
1.234999999999999964e+01 8.236749283147243306e-01 3.554294987365720637e-02
1.414999999999999858e+01 9.158182419154976550e-01 3.101020955909178714e-02
1.619999999999999929e+01 8.956522621781901616e-01 2.999053335956698360e-02
1.860000000000000142e+01 1.045091216476327078e+00 4.383397687032751511e-02
2.135000000000000142e+01 1.050166784267897890e+00 4.680827533985389144e-02
2.445000000000000284e+01 1.022175567411142350e+00 4.256184039817039605e-02
2.805000000000000071e+01 1.080284329271232080e+00 4.649933708129197485e-02
3.385000000000000142e+01 1.055630578698787847e+00 4.018921073094589014e-02
4.260000000000000142e+01 1.131925221620113886e+00 4.690859286867746919e-02
5.364999999999999858e+01 1.102658689754797638e+00 4.734131849653378660e-02
6.754999999999999716e+01 1.122443286619031921e+00 5.271290817566504777e-02
8.504999999999999716e+01 1.043514069068336880e+00 3.612503790965278933e-02
1.069000000000000057e+02 1.080667285634220320e+00 4.119032838765690485e-02
1.345000000000000000e+02 1.115069203177830648e+00 4.757430090003045287e-02
