1.075000000000000000e+01 3.736236979031233862e-01 1.717210523216203613e-02
1.234999999999999964e+01 4.149872864043221421e-01 1.950682939241839969e-02
1.414999999999999858e+01 4.552222024869818640e-01 1.577705330335526027e-02
1.619999999999999929e+01 5.153381669259938791e-01 2.114886372878912665e-02
1.860000000000000142e+01 5.975905938478808244e-01 2.810851421450519597e-02
2.135000000000000142e+01 5.561410120917581468e-01 2.230793651669304642e-02
2.445000000000000284e+01 6.354879280390747232e-01 2.570032219931715767e-02
2.805000000000000071e+01 6.893272676620150197e-01 3.308184283697304662e-02
3.385000000000000142e+01 7.038773925213809290e-01 2.531749950270666127e-02
4.260000000000000142e+01 7.692882717237905510e-01 2.695847048714614461e-02
5.364999999999999858e+01 8.688219837694514114e-01 3.442337097513329530e-02
6.754999999999999716e+01 8.952063949644443186e-01 3.009295511424673816e-02
8.504999999999999716e+01 9.357699923034505929e-01 3.752081819892723324e-02
1.069000000000000057e+02 9.289154441034013221e-01 3.703562229066268557e-02
1.345000000000000000e+02 9.412527647060684455e-01 3.790892452258000367e-02
