1.075000000000000000e+01 1.246441032611278033e+00 4.969812320961661950e-02
1.234999999999999964e+01 1.297945758381338521e+00 5.492400568309808301e-02
1.414999999999999858e+01 1.338349533566392635e+00 4.653413109745822840e-02
1.619999999999999929e+01 1.273556937974881009e+00 4.692758879007821737e-02
1.860000000000000142e+01 1.351558524662440419e+00 4.979988797841560649e-02
2.135000000000000142e+01 1.323474048693871197e+00 5.006599558264061139e-02
2.445000000000000284e+01 1.168089313776404348e+00 4.699309920881934027e-02
2.805000000000000071e+01 1.266055140555493175e+00 5.861343068115525134e-02
3.385000000000000142e+01 1.207296975295779395e+00 5.531998092416432616e-02
4.260000000000000142e+01 1.217872646674299952e+00 4.878183254964199578e-02
5.364999999999999858e+01 1.109649935657955000e+00 4.483312413631495436e-02
6.754999999999999716e+01 1.128483587261342791e+00 3.891172278633463211e-02
8.504999999999999716e+01 1.078318000440710467e+00 4.241033011100183575e-02
1.069000000000000057e+02 1.038203353407345819e+00 3.931925539898137312e-02
1.345000000000000000e+02 1.061743001794900332e+00 5.151543917863973115e-02
