1.075000000000000000e+01 4.429769711156967826e-01 2.202856754731696842e-02
1.234999999999999964e+01 4.338160902343978220e-01 1.670773866726844858e-02
1.414999999999999858e+01 4.844524318153850539e-01 1.825808467495009316e-02
1.619999999999999929e+01 5.226336988907172021e-01 2.215261548039049178e-02
1.860000000000000142e+01 6.085990280114053075e-01 2.863740629392325099e-02
2.135000000000000142e+01 5.928798381755682190e-01 2.393575495698133451e-02
2.445000000000000284e+01 6.301599426424745465e-01 2.683073416658213542e-02
2.805000000000000071e+01 6.423157859878265707e-01 2.757238509318116204e-02
3.385000000000000142e+01 6.509337401691082103e-01 2.515181213717494757e-02
4.260000000000000142e+01 7.380039734916559180e-01 2.722070036479441041e-02
5.364999999999999858e+01 7.549445449779892403e-01 2.966961565084583891e-02
6.754999999999999716e+01 7.779678779046983461e-01 2.499113442392058432e-02
8.504999999999999716e+01 7.809575646177632224e-01 2.752606900345804311e-02
1.069000000000000057e+02 7.981805693232999488e-01 3.135121069902137986e-02
1.345000000000000000e+02 7.881329065917827004e-01 3.137337765514208038e-02
