1.075000000000000000e+01 3.104986580918563388e-01 1.753130998557510950e-02
1.234999999999999964e+01 3.141503668162158869e-01 2.085040670455588080e-02
1.414999999999999858e+01 3.662964159335012071e-01 1.655605209815580806e-02
1.619999999999999929e+01 3.632039933888425720e-01 1.649425355184205161e-02
1.860000000000000142e+01 4.534646127325589471e-01 2.529053465502391004e-02
2.135000000000000142e+01 4.352182317650411525e-01 1.928442377375419112e-02
2.445000000000000284e+01 4.801502483998700832e-01 2.180446077393042789e-02
2.805000000000000071e+01 5.000283282418395148e-01 2.187625644779133544e-02
3.385000000000000142e+01 5.587034236022637712e-01 2.319597315080234104e-02
4.260000000000000142e+01 6.304911290170367444e-01 2.552565707229957626e-02
5.364999999999999858e+01 6.897782340232766485e-01 3.390621969396291624e-02
6.754999999999999716e+01 7.386623963976473028e-01 2.700711262889729514e-02
8.504999999999999716e+01 7.293476403342847858e-01 2.742483263645477051e-02
1.069000000000000057e+02 7.919720251428583602e-01 3.467769849719389702e-02
1.345000000000000000e+02 8.214387150259939707e-01 3.905741986504571162e-02
