1.075000000000000000e+01 5.432640264274815056e-01 2.132412806029287955e-02
1.234999999999999964e+01 6.184930062249376359e-01 2.549607075680513160e-02
1.414999999999999858e+01 6.750597774994521183e-01 2.341708522997961936e-02
1.619999999999999929e+01 7.758497709100220519e-01 2.947527709417977274e-02
1.860000000000000142e+01 7.858659517405438555e-01 3.271490356140949185e-02
2.135000000000000142e+01 8.150128683507850136e-01 3.206587418207082485e-02
2.445000000000000284e+01 8.284866573039620929e-01 3.401906784235132070e-02
2.805000000000000071e+01 8.860769917418370722e-01 3.977468440736494498e-02
3.385000000000000142e+01 8.554237507867968882e-01 3.288246618612078453e-02
4.260000000000000142e+01 9.272197201679528433e-01 3.264665358601057804e-02
5.364999999999999858e+01 9.100234203575673364e-01 3.019615346575160730e-02
6.754999999999999716e+01 1.004038998773545632e+00 3.307387304714478476e-02
8.504999999999999716e+01 1.043632096922724628e+00 4.107390890362900421e-02
1.069000000000000057e+02 1.035270765446291374e+00 4.073820591134486718e-02
1.345000000000000000e+02 1.017759864950593673e+00 4.590596969566610591e-02
