1.075000000000000000e+01 3.598434942177210494e-01 1.489488345020314325e-02
1.234999999999999964e+01 4.160391195013381505e-01 1.735700041823885417e-02
1.414999999999999858e+01 4.636082878535244256e-01 1.882069449138162875e-02
1.619999999999999929e+01 4.510851537490853658e-01 1.849793120689462167e-02
1.860000000000000142e+01 5.402824959520089454e-01 2.717357019524642772e-02
2.135000000000000142e+01 5.290899660640104862e-01 2.234219408061055220e-02
2.445000000000000284e+01 5.175121137029592422e-01 2.126817973123049793e-02
2.805000000000000071e+01 6.018669070587965297e-01 2.757948852567731687e-02
3.385000000000000142e+01 5.896610072747582310e-01 2.303802170759206708e-02
4.260000000000000142e+01 6.533113353477324470e-01 2.282941620042081357e-02
5.364999999999999858e+01 6.348377146462511611e-01 2.413124912706987937e-02
6.754999999999999716e+01 6.907372047836631834e-01 2.328528222829894315e-02
8.504999999999999716e+01 6.834717734013977530e-01 2.561183022293367709e-02
1.069000000000000057e+02 7.777763932613289688e-01 3.671028523271641086e-02
1.345000000000000000e+02 7.572219972653824183e-01 3.443560112142961260e-02
