1.075000000000000000e+01 7.632555134529599439e-01 3.268738597528413753e-02
1.234999999999999964e+01 7.741190333357800268e-01 3.448850874872538136e-02
1.414999999999999858e+01 8.060876636453950805e-01 3.016823515566747008e-02
1.619999999999999929e+01 7.920977343574988616e-01 3.246287588140298053e-02
1.860000000000000142e+01 8.534984810100755270e-01 3.495352515219874584e-02
2.135000000000000142e+01 8.307540191901149340e-01 3.574181591038307765e-02
2.445000000000000284e+01 7.823083435897706384e-01 3.661477678465717422e-02
2.805000000000000071e+01 8.563041740458607887e-01 4.412076166291659107e-02
3.385000000000000142e+01 7.643937545453689530e-01 3.327773786688235924e-02
4.260000000000000142e+01 8.413373501749367156e-01 4.259592480044422508e-02
5.364999999999999858e+01 7.565971342116271092e-01 2.880058263811354977e-02
6.754999999999999716e+01 7.654161089322312206e-01 2.768432960259184158e-02
8.504999999999999716e+01 7.406941580271663161e-01 2.820651546092185075e-02
1.069000000000000057e+02 7.894066990909656134e-01 3.466543912791833493e-02
1.345000000000000000e+02 7.336376217615503403e-01 3.107187587099986825e-02
