1.075000000000000000e+01 3.090746410206705597e-01 1.178630763993153419e-02
1.234999999999999964e+01 3.535653919259989508e-01 1.386422974602802977e-02
1.414999999999999858e+01 4.235168127808739413e-01 1.732631148134759075e-02
1.619999999999999929e+01 4.505964266211536784e-01 1.987299898295264225e-02
1.860000000000000142e+01 4.606320084199964637e-01 1.846492868245658281e-02
2.135000000000000142e+01 4.823775953066437583e-01 2.144710771176205899e-02
2.445000000000000284e+01 5.034880324317488887e-01 2.248330498447573267e-02
2.805000000000000071e+01 5.589547756703429071e-01 3.280126017124227605e-02
3.385000000000000142e+01 5.492657346634877147e-01 2.428387159908742751e-02
4.260000000000000142e+01 6.084388214551863516e-01 2.549347945245981559e-02
5.364999999999999858e+01 5.971234869454759009e-01 1.978712021149102787e-02
6.754999999999999716e+01 6.601617020895288457e-01 2.279505050041175790e-02
8.504999999999999716e+01 6.921111874333746306e-01 2.783852903336477003e-02
1.069000000000000057e+02 6.634028387283957828e-01 2.780409933002573816e-02
1.345000000000000000e+02 6.596364859423385907e-01 3.146025193348536003e-02
