1.075000000000000000e+01 5.176179721762121932e-01 2.241381123279840779e-02
1.234999999999999964e+01 5.616323788260021432e-01 2.538628895051871226e-02
1.414999999999999858e+01 5.944133969819501706e-01 2.270971783048740186e-02
1.619999999999999929e+01 6.017335058034108952e-01 2.426371625240316549e-02
1.860000000000000142e+01 6.098554834583354012e-01 2.661723434577575875e-02
2.135000000000000142e+01 6.376609223828048068e-01 3.592280198151714954e-02
2.445000000000000284e+01 6.384070233675144257e-01 2.809016494601683164e-02
2.805000000000000071e+01 6.653150440812496402e-01 3.962912558712194944e-02
3.385000000000000142e+01 6.446494503605648685e-01 2.413112892023398098e-02
4.260000000000000142e+01 7.474916577565593467e-01 4.437509971212241083e-02
5.364999999999999858e+01 6.929414893022455280e-01 3.055186937790721827e-02
6.754999999999999716e+01 7.002454279502691170e-01 2.498110223427127755e-02
8.504999999999999716e+01 7.188994397844501449e-01 2.944668968318600241e-02
1.069000000000000057e+02 7.724592287071039287e-01 3.769408209634078633e-02
1.345000000000000000e+02 7.042832657523020456e-01 3.484799999532499359e-02
