1.075000000000000000e+01 7.138526346511001597e-01 3.283509140437364249e-02
1.234999999999999964e+01 7.516154544465695198e-01 3.372848935037016382e-02
1.414999999999999858e+01 8.122631304896996696e-01 3.034180598544054461e-02
1.619999999999999929e+01 8.377898747754792819e-01 3.569032618959875475e-02
1.860000000000000142e+01 8.848557242089524211e-01 3.750675701874171819e-02
2.135000000000000142e+01 8.072821031119224999e-01 3.306578148272327350e-02
2.445000000000000284e+01 8.854577504215521699e-01 3.850933142912201651e-02
2.805000000000000071e+01 8.919254849603337476e-01 4.407892048992748807e-02
3.385000000000000142e+01 9.167129505723495830e-01 4.081098914907100444e-02
4.260000000000000142e+01 9.164153127653827946e-01 3.495617063760304150e-02
5.364999999999999858e+01 9.755210436544207164e-01 4.196964483480986052e-02
6.754999999999999716e+01 9.961913093790530915e-01 3.875784977392167374e-02
8.504999999999999716e+01 9.784327683361344619e-01 4.251484056413370322e-02
1.069000000000000057e+02 9.716027279100670766e-01 3.856173959096163145e-02
1.345000000000000000e+02 1.028358970374750436e+00 5.645109492428428133e-02
