1.075000000000000000e+01 6.530404454979175100e-01 2.623864511188079424e-02
1.234999999999999964e+01 6.618419379209259379e-01 2.431318844038189361e-02
1.414999999999999858e+01 7.742855073110969100e-01 2.803573631046241826e-02
1.619999999999999929e+01 7.769070580548298466e-01 2.775610226978425174e-02
1.860000000000000142e+01 8.960363723406157277e-01 3.399129575103475992e-02
2.135000000000000142e+01 8.656938923787785845e-01 3.417460095962005645e-02
2.445000000000000284e+01 9.129949859943403689e-01 3.866563621344141360e-02
2.805000000000000071e+01 8.981901533813340111e-01 3.781233288986962648e-02
3.385000000000000142e+01 9.550080291638031182e-01 3.585190602344980743e-02
4.260000000000000142e+01 9.198843727083120259e-01 3.160483968059926013e-02
5.364999999999999858e+01 9.074361913058305307e-01 3.044535592133869664e-02
6.754999999999999716e+01 1.004967619834125525e+00 3.361446905899813375e-02
8.504999999999999716e+01 9.822410415483705526e-01 4.067382704610567057e-02
1.069000000000000057e+02 9.481621274365338303e-01 3.574749331736415403e-02
1.345000000000000000e+02 9.757918458143666207e-01 4.275983212356294222e-02
