1.075000000000000000e+01 5.858161871512104213e-01 2.591899347034195070e-02
1.234999999999999964e+01 6.307300911262173626e-01 2.840027109795551646e-02
1.414999999999999858e+01 6.876843661363517546e-01 2.323177037849527213e-02
1.619999999999999929e+01 6.636974248574331048e-01 2.489948414374448804e-02
1.860000000000000142e+01 7.088625287273830899e-01 2.658022535638908390e-02
2.135000000000000142e+01 7.293537316504590251e-01 2.990605770687727524e-02
2.445000000000000284e+01 7.785955638253611033e-01 3.324380576178133373e-02
2.805000000000000071e+01 7.684507176301300646e-01 3.331631834249676460e-02
3.385000000000000142e+01 8.178235558695053919e-01 3.615690211561891493e-02
4.260000000000000142e+01 8.291535556502956927e-01 3.843890122413175237e-02
5.364999999999999858e+01 8.463418055224660730e-01 3.497145470247808863e-02
6.754999999999999716e+01 7.602200788788852082e-01 2.524505491947675109e-02
8.504999999999999716e+01 8.409953096296758357e-01 3.665980844048252751e-02
1.069000000000000057e+02 8.384459975884291927e-01 3.800448425621262560e-02
1.345000000000000000e+02 8.074276616131743634e-01 3.324780299734560879e-02
