1.075000000000000000e+01 6.852399255892805963e-01 3.165969156887213365e-02
1.234999999999999964e+01 6.839022374482971456e-01 2.780100933961552126e-02
1.414999999999999858e+01 7.842711255517050839e-01 2.841527850534222854e-02
1.619999999999999929e+01 7.573867475987740017e-01 2.732793569604137149e-02
1.860000000000000142e+01 8.142528168970598612e-01 2.913665470545126132e-02
2.135000000000000142e+01 8.274715552703574284e-01 3.389314232471963423e-02
2.445000000000000284e+01 8.639992183714748641e-01 3.550767680487005445e-02
2.805000000000000071e+01 8.715874815410562526e-01 3.774567461953712982e-02
3.385000000000000142e+01 8.819356031682770158e-01 3.505432315151628397e-02
4.260000000000000142e+01 9.231824667687871244e-01 3.389916511440618785e-02
5.364999999999999858e+01 8.891687281919230523e-01 3.292333171673952202e-02
6.754999999999999716e+01 9.567092830374460677e-01 3.388747677549114323e-02
8.504999999999999716e+01 9.538491142259573063e-01 3.468789737098677134e-02
1.069000000000000057e+02 9.799462695208938090e-01 4.224843510007768310e-02
1.345000000000000000e+02 9.955932330087526871e-01 4.571926780097334414e-02
