1.075000000000000000e+01 9.290288185155011202e-01 3.825226309126983359e-02
1.234999999999999964e+01 9.764102890492855069e-01 4.113842199689343032e-02
1.414999999999999858e+01 1.052225982521544978e+00 3.829000464772118473e-02
1.619999999999999929e+01 1.004729615827339773e+00 3.822966602548993204e-02
1.860000000000000142e+01 1.032804808637881822e+00 3.652714599258281153e-02
2.135000000000000142e+01 9.895992914626705605e-01 3.864733091412222293e-02
2.445000000000000284e+01 9.973868843646146454e-01 4.302016794358083651e-02
2.805000000000000071e+01 1.015404943718909214e+00 4.897651116201848231e-02
3.385000000000000142e+01 1.017006187050925048e+00 4.156442339563700544e-02
4.260000000000000142e+01 9.954358869130452980e-01 3.575653834015889848e-02
5.364999999999999858e+01 9.382365530258927055e-01 3.528349023517637906e-02
6.754999999999999716e+01 9.525850928040185961e-01 3.057777146712103294e-02
8.504999999999999716e+01 9.963355337599967276e-01 4.230037602852099871e-02
1.069000000000000057e+02 9.903725403173992969e-01 5.054708275576810794e-02
1.345000000000000000e+02 1.041734023049520230e+00 5.052045825118193362e-02
