1.075000000000000000e+01 2.992864549281313291e-01 1.461990056095538795e-02
1.234999999999999964e+01 3.437581338319016799e-01 1.825295053041210355e-02
1.414999999999999858e+01 4.044582672688018521e-01 1.774445395776221013e-02
1.619999999999999929e+01 4.117576817381524146e-01 2.008367201123026011e-02
1.860000000000000142e+01 4.319733887759891755e-01 1.641061350848265279e-02
2.135000000000000142e+01 4.768335906798202295e-01 2.186631919687012648e-02
2.445000000000000284e+01 4.928413108698663780e-01 2.067152114196451826e-02
2.805000000000000071e+01 4.910201102290598363e-01 2.025670830055964836e-02
3.385000000000000142e+01 5.677904693858889518e-01 2.570659186988805481e-02
4.260000000000000142e+01 6.295682972374011532e-01 2.547353242259530609e-02
5.364999999999999858e+01 6.416453546990993351e-01 2.732485342108886481e-02
6.754999999999999716e+01 6.926026034934824605e-01 2.440414107529050719e-02
8.504999999999999716e+01 6.961294252724865572e-01 3.303061669881874468e-02
1.069000000000000057e+02 7.824406664524096167e-01 3.629120298156678776e-02
1.345000000000000000e+02 7.753694357534676174e-01 3.820306692820660960e-02
