1.075000000000000000e+01 4.382522748430626169e-01 2.185608194490310657e-02
1.234999999999999964e+01 4.641416286860141627e-01 1.818343853806024188e-02
1.414999999999999858e+01 5.319160115419341306e-01 1.976472747235589328e-02
1.619999999999999929e+01 5.305738389876886174e-01 2.058837328968124089e-02
1.860000000000000142e+01 6.495599705932851853e-01 2.723673908771221189e-02
2.135000000000000142e+01 6.432544165170455130e-01 2.622737488244521881e-02
2.445000000000000284e+01 6.964966067972726549e-01 3.243685493787112212e-02
2.805000000000000071e+01 6.743844500298867839e-01 2.666563237686444404e-02
3.385000000000000142e+01 7.413261317516146587e-01 3.109656706213980576e-02
4.260000000000000142e+01 8.273006139410296056e-01 3.117904284930884604e-02
5.364999999999999858e+01 8.454114609446324868e-01 2.981909807365192705e-02
6.754999999999999716e+01 8.970465937326406181e-01 3.129579219950711505e-02
8.504999999999999716e+01 9.437235743790207687e-01 3.455069763089594487e-02
1.069000000000000057e+02 9.502072289363157065e-01 4.085594029490362267e-02
1.345000000000000000e+02 8.937184162351198280e-01 3.425028049651752948e-02
