1.075000000000000000e+01 4.009803558645885779e-01 2.164206604597244954e-02
1.234999999999999964e+01 4.115878643699862338e-01 2.069370482370176331e-02
1.414999999999999858e+01 4.492348117245748562e-01 1.672303550960887661e-02
1.619999999999999929e+01 4.620586809787041171e-01 2.045317574129409954e-02
1.860000000000000142e+01 5.141290043105499752e-01 1.955628284261998542e-02
2.135000000000000142e+01 5.054287252917327722e-01 2.137619120275131498e-02
2.445000000000000284e+01 5.487090337712630106e-01 2.822508933672667614e-02
2.805000000000000071e+01 5.707154269941046021e-01 2.691065693479977733e-02
3.385000000000000142e+01 5.994181512072973561e-01 2.810435607012554127e-02
4.260000000000000142e+01 5.854251858876542425e-01 2.090671335196091912e-02
5.364999999999999858e+01 6.202856464350909871e-01 2.449211054820850039e-02
6.754999999999999716e+01 6.844768410852858365e-01 2.694718546559919312e-02
8.504999999999999716e+01 6.737786625001532803e-01 2.684354037491126430e-02
1.069000000000000057e+02 7.007410400673080852e-01 2.866617494250852521e-02
1.345000000000000000e+02 7.869985574860145494e-01 7.311872058830387600e-02
