1.075000000000000000e+01 4.331450991965779540e-01 2.089398886617438444e-02
1.234999999999999964e+01 4.832056358193911327e-01 2.731588528982565114e-02
1.414999999999999858e+01 5.303875802202930867e-01 2.213804835167888438e-02
1.619999999999999929e+01 5.338594948541700580e-01 2.056348141158031301e-02
1.860000000000000142e+01 6.585096361080070571e-01 3.527787273743297758e-02
2.135000000000000142e+01 6.279472968901581575e-01 2.739568994783592171e-02
2.445000000000000284e+01 6.539503100801573598e-01 2.840303676684740805e-02
2.805000000000000071e+01 7.228808719043262609e-01 3.425295400904451032e-02
3.385000000000000142e+01 7.254819954750488797e-01 2.952261000911493918e-02
4.260000000000000142e+01 8.240293742654157816e-01 3.870616839131817838e-02
5.364999999999999858e+01 7.973485618444499101e-01 3.084212445590399018e-02
6.754999999999999716e+01 8.416390543859220141e-01 2.822824787479223316e-02
8.504999999999999716e+01 8.524159162260388500e-01 3.116479907724213280e-02
1.069000000000000057e+02 9.397188063743110442e-01 4.038046836159176617e-02
1.345000000000000000e+02 9.148688846686784393e-01 3.578771341408292644e-02
