1.075000000000000000e+01 5.052244171420847696e-01 2.545754158493813285e-02
1.234999999999999964e+01 5.010271618149892969e-01 2.008622438808677427e-02
1.414999999999999858e+01 5.266967858022525428e-01 2.035473207593863423e-02
1.619999999999999929e+01 5.956273663179381117e-01 2.603909275738721871e-02
1.860000000000000142e+01 6.301143981853402076e-01 3.040625011282200099e-02
2.135000000000000142e+01 6.320313271687513224e-01 3.637050604381393548e-02
2.445000000000000284e+01 6.074511759108721654e-01 2.872104898859244304e-02
2.805000000000000071e+01 6.670061887365975606e-01 3.703641101383801926e-02
3.385000000000000142e+01 6.002511738624815019e-01 2.390731002271949401e-02
4.260000000000000142e+01 6.124394260912683352e-01 2.425837107777278207e-02
5.364999999999999858e+01 6.449116000647756586e-01 2.128902902099446756e-02
6.754999999999999716e+01 6.763501617520587539e-01 2.379046526734142353e-02
8.504999999999999716e+01 6.632982860341085640e-01 2.681326850951157997e-02
1.069000000000000057e+02 6.759920177433504929e-01 2.701286455019752744e-02
1.345000000000000000e+02 6.905345919320002857e-01 3.475097860210438899e-02
