1.075000000000000000e+01 7.179948793884680658e-01 3.010357046593184482e-02
1.234999999999999964e+01 7.445782749452849458e-01 2.771808472228669620e-02
1.414999999999999858e+01 8.776340744932947802e-01 3.138213097314804245e-02
1.619999999999999929e+01 8.546676846360851121e-01 3.175000631633463632e-02
1.860000000000000142e+01 9.790241175424173603e-01 4.175977809179581834e-02
2.135000000000000142e+01 9.271046136821274875e-01 3.767290008586203498e-02
2.445000000000000284e+01 9.901472561369420999e-01 4.177830896790597076e-02
2.805000000000000071e+01 1.063793390428569019e+00 4.948121742217116009e-02
3.385000000000000142e+01 1.010194664336087511e+00 4.042132500204154849e-02
4.260000000000000142e+01 1.085760808411234901e+00 4.057999285893438418e-02
5.364999999999999858e+01 1.008813585236780330e+00 3.611561051498329844e-02
6.754999999999999716e+01 1.026912046840999571e+00 3.151725917507490482e-02
8.504999999999999716e+01 1.088618734314095393e+00 5.135703424442271403e-02
1.069000000000000057e+02 1.059589131162088860e+00 4.001814709069200643e-02
1.345000000000000000e+02 1.117445826192625669e+00 4.883796259862028394e-02
