1.075000000000000000e+01 5.385887734849372777e-01 2.417089688891142091e-02
1.234999999999999964e+01 6.137108903357476608e-01 3.572111242458705233e-02
1.414999999999999858e+01 6.471891022119851122e-01 2.829181319928752297e-02
1.619999999999999929e+01 6.447720077244337711e-01 2.911927581116444813e-02
1.860000000000000142e+01 6.197335205136076386e-01 2.398605877243075585e-02
2.135000000000000142e+01 6.363204185236743804e-01 2.731989255963000740e-02
2.445000000000000284e+01 6.445074534127169796e-01 2.940752342353113516e-02
2.805000000000000071e+01 6.798076836445068327e-01 3.516416670028522928e-02
3.385000000000000142e+01 6.810291124599289203e-01 3.023987416801623279e-02
4.260000000000000142e+01 7.619183284224307906e-01 3.206753873103079799e-02
5.364999999999999858e+01 7.511002588873295638e-01 3.444085130603452560e-02
6.754999999999999716e+01 7.962900705272167867e-01 2.981921002513402211e-02
8.504999999999999716e+01 7.617056974299448724e-01 3.561353873525576613e-02
1.069000000000000057e+02 7.582845887727142076e-01 3.497585024972697104e-02
1.345000000000000000e+02 7.954346980312246851e-01 3.774011272932190769e-02
