1.075000000000000000e+01 2.786997908127166745e-01 1.301512280712493509e-02
1.234999999999999964e+01 3.060857383556060407e-01 1.268067873058892174e-02
1.414999999999999858e+01 3.739230680559736952e-01 1.711591312578304019e-02
1.619999999999999929e+01 3.946359259788734808e-01 1.923326993120907241e-02
1.860000000000000142e+01 4.627342620795227290e-01 2.640307092084794027e-02
2.135000000000000142e+01 4.453776069826996253e-01 2.163732032254415266e-02
2.445000000000000284e+01 4.483530421210918382e-01 2.195688978811540307e-02
2.805000000000000071e+01 5.436438878005460662e-01 2.958476470312789222e-02
3.385000000000000142e+01 5.019930738389077884e-01 2.212954844955841022e-02
4.260000000000000142e+01 5.748396432585933802e-01 2.443515340339309089e-02
5.364999999999999858e+01 5.725054335457215871e-01 2.386222121013077332e-02
6.754999999999999716e+01 5.943083291837084614e-01 2.023285981793524965e-02
8.504999999999999716e+01 6.258277341389287818e-01 2.365136766655645886e-02
1.069000000000000057e+02 6.788856465148513930e-01 2.928407116760740544e-02
1.345000000000000000e+02 6.815934482521892601e-01 2.992031241990835561e-02
