1.075000000000000000e+01 8.945186465395038589e-01 3.573255439416978679e-02
1.234999999999999964e+01 9.784204861126193364e-01 3.999678592587021381e-02
1.414999999999999858e+01 1.126531151153708610e+00 3.962146993255492161e-02
1.619999999999999929e+01 1.036351771685469547e+00 4.108134283557048766e-02
1.860000000000000142e+01 1.045784323491591783e+00 3.858196023400983776e-02
2.135000000000000142e+01 1.114439596399677601e+00 4.567048339442783544e-02
2.445000000000000284e+01 9.880179900397519921e-01 4.109982332441794450e-02
2.805000000000000071e+01 1.070424475462769198e+00 4.871121236356255185e-02
3.385000000000000142e+01 1.035422779231688128e+00 4.196896524377192322e-02
4.260000000000000142e+01 1.055964602567967869e+00 4.713488310033620704e-02
5.364999999999999858e+01 1.000004786760796627e+00 3.951128802184557254e-02
6.754999999999999716e+01 9.625516881025945048e-01 3.417766891397280848e-02
8.504999999999999716e+01 9.161163326827854725e-01 3.265457562467312391e-02
1.069000000000000057e+02 9.971360706325149703e-01 5.006217845617970397e-02
1.345000000000000000e+02 9.156580938493784627e-01 4.351603004535261471e-02
