1.075000000000000000e+01 4.176925449008913604e-01 1.984470138804264941e-02
1.234999999999999964e+01 4.619983980895122078e-01 2.451532272997373682e-02
1.414999999999999858e+01 4.826029536391946984e-01 1.924697748371754710e-02
1.619999999999999929e+01 5.023081397441326867e-01 2.018472447310194415e-02
1.860000000000000142e+01 5.363863300714926119e-01 2.349868510984937098e-02
2.135000000000000142e+01 5.806593082225753877e-01 2.574636718184486472e-02
2.445000000000000284e+01 5.716764859286392886e-01 2.599215664508912685e-02
2.805000000000000071e+01 6.562186596379762094e-01 3.699440170854398358e-02
3.385000000000000142e+01 5.958106153539188821e-01 2.917377882818260673e-02
4.260000000000000142e+01 6.641561888661438040e-01 2.664898645028700511e-02
5.364999999999999858e+01 6.530620687549736347e-01 2.847539592558278460e-02
6.754999999999999716e+01 6.841051503887441987e-01 2.476471297520695808e-02
8.504999999999999716e+01 6.598850606018836773e-01 3.144416958785074823e-02
1.069000000000000057e+02 7.451889859195645061e-01 3.950212750369107295e-02
1.345000000000000000e+02 7.400074587764023937e-01 3.517534249458095091e-02
