1.075000000000000000e+01 1.114303252312230041e+00 5.127371289331938975e-02
1.234999999999999964e+01 9.912955530400989757e-01 4.303920925568224809e-02
1.414999999999999858e+01 1.038999853129521034e+00 3.811015792440487771e-02
1.619999999999999929e+01 1.017355252372175611e+00 4.047118853850181081e-02
1.860000000000000142e+01 1.093474816653496884e+00 4.521420371135937560e-02
2.135000000000000142e+01 1.060920291943359794e+00 5.010607333848973027e-02
2.445000000000000284e+01 1.026437560120203152e+00 4.489742808062142931e-02
2.805000000000000071e+01 1.038144960856331123e+00 5.096166459369230045e-02
3.385000000000000142e+01 9.910336841035819466e-01 4.319470486589765262e-02
4.260000000000000142e+01 1.019322612267092643e+00 4.595689417601824672e-02
5.364999999999999858e+01 9.202354377231751759e-01 3.216448368931246887e-02
6.754999999999999716e+01 8.848584576294428183e-01 2.999167995562952369e-02
8.504999999999999716e+01 9.496000844389188567e-01 3.598728349311513391e-02
1.069000000000000057e+02 9.569729825816417623e-01 3.969078840489219384e-02
1.345000000000000000e+02 9.432177019550540553e-01 4.499901794407702021e-02
