1.075000000000000000e+01 7.440056638737809758e-01 2.954985217686722024e-02
1.234999999999999964e+01 8.196350609336983117e-01 3.853872925465461063e-02
1.414999999999999858e+01 8.186131685027390192e-01 3.065598738526022216e-02
1.619999999999999929e+01 8.545823908777121503e-01 3.293280016798160598e-02
1.860000000000000142e+01 8.823642129769356801e-01 3.196147368174120929e-02
2.135000000000000142e+01 9.326149989678054197e-01 4.529554605759676666e-02
2.445000000000000284e+01 9.055081181638452437e-01 3.882731889491441296e-02
2.805000000000000071e+01 8.677700476434035970e-01 4.170564870419733033e-02
3.385000000000000142e+01 8.820970939262776644e-01 3.563064328036594924e-02
4.260000000000000142e+01 8.786316925995135696e-01 3.892807087830787993e-02
5.364999999999999858e+01 8.924973506443995008e-01 3.374530700469666883e-02
6.754999999999999716e+01 9.095729755936187155e-01 3.030777782239774815e-02
8.504999999999999716e+01 8.556560169321295595e-01 2.975400018173544187e-02
1.069000000000000057e+02 9.238646028377980324e-01 3.496550813626202875e-02
1.345000000000000000e+02 8.933244079441102770e-01 3.681933569723403604e-02
