1.075000000000000000e+01 5.522454019464143604e-01 2.445713231663220258e-02
1.234999999999999964e+01 5.935224771744701533e-01 3.008841349954724867e-02
1.414999999999999858e+01 6.632363899765341131e-01 2.381850128483774254e-02
1.619999999999999929e+01 6.711033556511677434e-01 2.506760093199086534e-02
1.860000000000000142e+01 7.835774033005563632e-01 3.221540172767902582e-02
2.135000000000000142e+01 7.309761580806577452e-01 2.906350010283876781e-02
2.445000000000000284e+01 7.492030564278469029e-01 3.268591688755749514e-02
2.805000000000000071e+01 7.726432568825566394e-01 3.443626785603300794e-02
3.385000000000000142e+01 7.845421064398351296e-01 3.298421509055638606e-02
4.260000000000000142e+01 8.112545311902732426e-01 2.991290877885292507e-02
5.364999999999999858e+01 8.025508034198237661e-01 2.864600884586508689e-02
6.754999999999999716e+01 8.043666726592640925e-01 2.502720943621995070e-02
8.504999999999999716e+01 8.422068105984833464e-01 3.075679088324390076e-02
1.069000000000000057e+02 8.986668023888499945e-01 4.693611084415267448e-02
1.345000000000000000e+02 8.399960912095282284e-01 4.320067556963003846e-02
