1.075000000000000000e+01 6.736806899286972294e-01 2.801082838814911852e-02
1.234999999999999964e+01 7.513933904391164598e-01 3.470635320693291059e-02
1.414999999999999858e+01 7.575067325344687630e-01 2.775673498891622140e-02
1.619999999999999929e+01 7.949504914884339968e-01 3.371899038771962454e-02
1.860000000000000142e+01 7.497852625377857683e-01 3.009147259921453321e-02
2.135000000000000142e+01 8.012184662735395424e-01 3.363954624515438918e-02
2.445000000000000284e+01 7.968418242503781945e-01 3.664019816325185530e-02
2.805000000000000071e+01 7.928608083391155414e-01 3.646542183316132252e-02
3.385000000000000142e+01 7.232668889473774509e-01 2.914224674197219214e-02
4.260000000000000142e+01 8.083606517517738510e-01 3.202538235233711589e-02
5.364999999999999858e+01 8.316319708110659903e-01 4.235333257236328225e-02
6.754999999999999716e+01 7.907944163962428163e-01 2.984751840805189432e-02
8.504999999999999716e+01 7.345081095542314031e-01 2.688328526491806300e-02
1.069000000000000057e+02 7.500025432036185880e-01 3.088363519871431540e-02
1.345000000000000000e+02 8.154416738273090326e-01 3.817133157764783513e-02
