1.075000000000000000e+01 5.849162373121133962e-01 2.317908075922608946e-02
1.234999999999999964e+01 6.465604128471991174e-01 3.173397763845728359e-02
1.414999999999999858e+01 6.858992489370747681e-01 2.371877634101391547e-02
1.619999999999999929e+01 7.195388522212257110e-01 3.108099032016091098e-02
1.860000000000000142e+01 8.111303907219781228e-01 3.599377821068621558e-02
2.135000000000000142e+01 7.250135520957968760e-01 2.723429628336202987e-02
2.445000000000000284e+01 8.120205191724709781e-01 3.533763233878148280e-02
2.805000000000000071e+01 8.402555007106037310e-01 3.619735064451422984e-02
3.385000000000000142e+01 8.372586245030085861e-01 3.324703493423247086e-02
4.260000000000000142e+01 8.919476185945562907e-01 3.369404288836030242e-02
5.364999999999999858e+01 8.712807107545711416e-01 2.743105595548219269e-02
6.754999999999999716e+01 9.290448704011275982e-01 3.099239255769493592e-02
8.504999999999999716e+01 8.825529810901029393e-01 3.162884642255200940e-02
1.069000000000000057e+02 9.256551882572495726e-01 3.794036486311426482e-02
1.345000000000000000e+02 9.737264356610029203e-01 4.943684093789585399e-02
