1.075000000000000000e+01 6.755931090239822856e-01 3.071566760132650106e-02
1.234999999999999964e+01 6.750505220993864297e-01 2.825012962276048784e-02
1.414999999999999858e+01 8.109842811940630725e-01 3.085256092612784218e-02
1.619999999999999929e+01 7.749211900166899092e-01 3.137302658720265286e-02
1.860000000000000142e+01 9.261504985289156222e-01 4.227629383284173953e-02
2.135000000000000142e+01 7.767838395883051028e-01 3.170758487180932311e-02
2.445000000000000284e+01 8.805513548970019810e-01 4.155802880233263469e-02
2.805000000000000071e+01 9.114108854932566617e-01 4.349184592477457756e-02
3.385000000000000142e+01 8.756022331000092862e-01 3.786668916925053224e-02
4.260000000000000142e+01 9.122360252635699496e-01 3.442632251068267202e-02
5.364999999999999858e+01 8.877949017424200395e-01 3.115254678308424299e-02
6.754999999999999716e+01 9.165299201259516915e-01 3.162391531492459579e-02
8.504999999999999716e+01 9.182715228581194156e-01 3.214206177392123220e-02
1.069000000000000057e+02 9.464900760510156497e-01 3.729701385363878158e-02
1.345000000000000000e+02 8.847399050636003404e-01 3.528964206530044168e-02
