1.075000000000000000e+01 3.814423153036547443e-01 1.702824729389305555e-02
1.234999999999999964e+01 4.428114011516134929e-01 2.186529698257111062e-02
1.414999999999999858e+01 4.652559486590477356e-01 1.886641279560620152e-02
1.619999999999999929e+01 4.955560226061478946e-01 2.594795681855062777e-02
1.860000000000000142e+01 5.167827566825730079e-01 2.663693986491112373e-02
2.135000000000000142e+01 5.253930390529891747e-01 2.325337743514297936e-02
2.445000000000000284e+01 5.252067304409823167e-01 2.647936947217834416e-02
2.805000000000000071e+01 6.240398098995632026e-01 3.447954470101012581e-02
3.385000000000000142e+01 5.994123826592960835e-01 2.805444139722753152e-02
4.260000000000000142e+01 6.481749617586142209e-01 2.468133517818871941e-02
5.364999999999999858e+01 6.429022532164003767e-01 2.128643139690632180e-02
6.754999999999999716e+01 6.696500287360850345e-01 2.461463385048868330e-02
8.504999999999999716e+01 6.819971886496546398e-01 2.649132111727555555e-02
1.069000000000000057e+02 7.583201839076140205e-01 3.206883426457050879e-02
1.345000000000000000e+02 7.792590930642153690e-01 3.703960686303780364e-02
