1.075000000000000000e+01 5.614006254572349031e-01 2.656004644951549115e-02
1.234999999999999964e+01 5.782521742511819163e-01 2.619099927352022683e-02
1.414999999999999858e+01 6.093225292696355933e-01 2.419685827324731878e-02
1.619999999999999929e+01 6.076765460289411669e-01 2.457759918207587380e-02
1.860000000000000142e+01 6.612326078335957202e-01 2.595654204899676062e-02
2.135000000000000142e+01 6.617953622650585288e-01 2.943942317376622986e-02
2.445000000000000284e+01 6.751227848453081881e-01 3.298034549877221916e-02
2.805000000000000071e+01 7.067561533240100946e-01 3.575118381967502812e-02
3.385000000000000142e+01 6.443645820515618849e-01 2.914482226484667315e-02
4.260000000000000142e+01 6.842741402310930088e-01 2.630753105237452691e-02
5.364999999999999858e+01 6.849447021997772111e-01 2.741176480736607149e-02
6.754999999999999716e+01 7.159261587140400840e-01 2.692505326251576001e-02
8.504999999999999716e+01 7.212115895858497439e-01 2.810471106029099192e-02
1.069000000000000057e+02 6.945434261467664516e-01 2.989044555579817991e-02
1.345000000000000000e+02 6.979214166612103254e-01 2.945545573051655541e-02
