1.075000000000000000e+01 3.396728118853340472e-01 1.764786739122729473e-02
1.234999999999999964e+01 3.982683635546824252e-01 2.551385391715220094e-02
1.414999999999999858e+01 4.335582972441967553e-01 1.930563217678978039e-02
1.619999999999999929e+01 4.375008466616374658e-01 1.856846055083697863e-02
1.860000000000000142e+01 5.012711806195766506e-01 2.431866331766971770e-02
2.135000000000000142e+01 4.857779442580035245e-01 2.207111559590837352e-02
2.445000000000000284e+01 5.503426435427689611e-01 2.675359601387421182e-02
2.805000000000000071e+01 5.534838692191864640e-01 2.813729475552363343e-02
3.385000000000000142e+01 5.195090626105191012e-01 2.107488839919790038e-02
4.260000000000000142e+01 5.498586603995069266e-01 2.075061470832171434e-02
5.364999999999999858e+01 5.932545442940888591e-01 2.408416795867642998e-02
6.754999999999999716e+01 5.775389564038139190e-01 1.932332226155783483e-02
8.504999999999999716e+01 5.861088423421492166e-01 2.133553421189497354e-02
1.069000000000000057e+02 6.772493500968985725e-01 3.736873522414697196e-02
1.345000000000000000e+02 6.573597306291963926e-01 2.746179948171817431e-02
