1.075000000000000000e+01 4.417809015568796016e-01 1.942994759662423909e-02
1.234999999999999964e+01 4.583082821305592414e-01 1.782411718830816116e-02
1.414999999999999858e+01 5.181796139304251092e-01 2.016696267624912969e-02
1.619999999999999929e+01 5.614752042638737617e-01 2.526305252719724878e-02
1.860000000000000142e+01 6.341377851089443629e-01 2.694886993194976071e-02
2.135000000000000142e+01 6.226425322817514818e-01 2.795018479270016190e-02
2.445000000000000284e+01 6.857839767337731152e-01 3.222707070885669906e-02
2.805000000000000071e+01 6.949637763767390064e-01 3.225835392903066839e-02
3.385000000000000142e+01 6.965558385093518767e-01 2.826614166012225704e-02
4.260000000000000142e+01 7.506359645575999551e-01 3.385358421536918683e-02
5.364999999999999858e+01 7.576453490784019751e-01 2.781090031231909718e-02
6.754999999999999716e+01 8.438849894402025154e-01 2.951220540615310736e-02
8.504999999999999716e+01 8.832884118389331407e-01 3.536643659466928713e-02
1.069000000000000057e+02 8.947978713178997845e-01 3.481182654081034500e-02
1.345000000000000000e+02 8.291880476836043234e-01 3.306442599500283158e-02
