1.075000000000000000e+01 8.669281491834450737e-01 3.726256950840280135e-02
1.234999999999999964e+01 9.112538335483992835e-01 4.006770962072784409e-02
1.414999999999999858e+01 9.642685931058327942e-01 3.262433384648438101e-02
1.619999999999999929e+01 1.008005318224324043e+00 4.130015854636509554e-02
1.860000000000000142e+01 1.076421802451388743e+00 4.335798763409165479e-02
2.135000000000000142e+01 1.012039628938938618e+00 4.009637006491963140e-02
2.445000000000000284e+01 1.050479262038154227e+00 4.339409360648219943e-02
2.805000000000000071e+01 1.044586672759192369e+00 4.932908331888165993e-02
3.385000000000000142e+01 1.015407750718677393e+00 3.941033473241193491e-02
4.260000000000000142e+01 1.104306725266977152e+00 4.668500062011171625e-02
5.364999999999999858e+01 1.050884232733909407e+00 4.701657884371209656e-02
6.754999999999999716e+01 1.051973891539699224e+00 3.529545897572620300e-02
8.504999999999999716e+01 9.813418040430346156e-01 3.192482944747689760e-02
1.069000000000000057e+02 1.058295438288961998e+00 4.072073623546982463e-02
1.345000000000000000e+02 1.123529829714758232e+00 4.859292127964697644e-02
