1.075000000000000000e+01 5.783197731994330626e-01 2.366010834990948247e-02
1.234999999999999964e+01 6.403295468961556214e-01 2.974472712542374983e-02
1.414999999999999858e+01 7.440755164060023352e-01 3.011630239143589863e-02
1.619999999999999929e+01 7.316739418781513793e-01 3.327018166061925658e-02
1.860000000000000142e+01 7.491241098555542210e-01 3.048746924441612591e-02
2.135000000000000142e+01 7.444132298766734657e-01 3.210984540464739689e-02
2.445000000000000284e+01 7.218971035837822292e-01 3.186007824333706578e-02
2.805000000000000071e+01 7.360333964177694366e-01 3.469637416737347824e-02
3.385000000000000142e+01 7.908891127662566189e-01 3.673520176568572521e-02
4.260000000000000142e+01 7.864985447001391350e-01 2.920635409779987618e-02
5.364999999999999858e+01 8.015594890086630286e-01 2.914079966620413201e-02
6.754999999999999716e+01 8.129989739335197196e-01 4.997039431271475124e-02
8.504999999999999716e+01 7.782235476910517313e-01 2.924565606454050323e-02
1.069000000000000057e+02 8.146178491226165885e-01 3.441079690728486573e-02
1.345000000000000000e+02 8.513823894065841724e-01 3.606306022059620198e-02
