1.075000000000000000e+01 3.471599430254663221e-01 1.808864188628651198e-02
1.234999999999999964e+01 3.628333811857559765e-01 1.842224134398417340e-02
1.414999999999999858e+01 4.008145965684388190e-01 1.513606871420112958e-02
1.619999999999999929e+01 4.228924659465242986e-01 1.808392791255403545e-02
1.860000000000000142e+01 4.814911412767332033e-01 1.938713727962870434e-02
2.135000000000000142e+01 4.685913381654130960e-01 2.003665529605314077e-02
2.445000000000000284e+01 5.255987906904390217e-01 2.493783381486550099e-02
2.805000000000000071e+01 5.676134239488979105e-01 3.073028603198310615e-02
3.385000000000000142e+01 5.485098361910839548e-01 2.323702141902788190e-02
4.260000000000000142e+01 6.074267960503905162e-01 2.387841071897583642e-02
5.364999999999999858e+01 6.074923993906585773e-01 2.380511325063559142e-02
6.754999999999999716e+01 6.728589395834965181e-01 2.411308916143687156e-02
8.504999999999999716e+01 6.858757300834931181e-01 2.720303766026936632e-02
1.069000000000000057e+02 7.190927982641843741e-01 2.913684772805130024e-02
1.345000000000000000e+02 6.915526980175074057e-01 2.872528720312149744e-02
