5.250000000000000000e+00 4.086568509337826368e-05 1.675050560160637549e-06
5.750000000000000000e+00 2.016169508498284280e-05 1.010838917862461394e-06
6.250000000000000000e+00 1.049107745564301943e-05 5.869033580874359814e-07
6.750000000000000000e+00 6.500970414115592606e-06 4.756559124931389352e-07
7.250000000000000000e+00 3.346949400616603706e-06 2.627578938297074029e-07
7.750000000000000000e+00 2.122368128163492398e-06 1.874892934105112320e-07
8.250000000000000000e+00 1.427259095250065338e-06 1.639103319689204586e-07
8.750000000000000000e+00 8.558644922460630494e-07 6.171262300430610412e-08
9.250000000000000000e+00 5.428583728776843191e-07 4.666778987040758274e-08
9.750000000000000000e+00 3.619400439823947622e-07 2.861129881615499273e-08
1.100000000000000000e+01 1.434702533143973399e-07 6.792199424455187414e-09
1.300000000000000000e+01 3.047835963143218713e-08 1.135537286797247362e-09
1.500000000000000000e+01 9.678756937441538430e-09 3.859480059711693386e-10
1.700000000000000000e+01 3.303347473872238284e-09 1.654557134279934757e-10
1.900000000000000000e+01 1.165638949139301611e-09 4.786737972563777301e-11
