5.250000000000000000e+00 3.975537120857399218e-05 1.538073149338824662e-06
5.750000000000000000e+00 2.097412939345496497e-05 1.030608879436109999e-06
6.250000000000000000e+00 1.075368914928039880e-05 6.196776497134456830e-07
6.750000000000000000e+00 5.678402291330430594e-06 3.302981091834452166e-07
7.250000000000000000e+00 3.203167593359519070e-06 2.175146498957892190e-07
7.750000000000000000e+00 2.145131736653221581e-06 1.895898645809699214e-07
8.250000000000000000e+00 1.051619627285360278e-06 7.224470419760072399e-08
8.750000000000000000e+00 6.907766578056104342e-07 3.951205177934693131e-08
9.250000000000000000e+00 4.496249062911578687e-07 2.668253427750515102e-08
9.750000000000000000e+00 3.082746506231489841e-07 2.218736420164388486e-08
1.100000000000000000e+01 1.210598202377074441e-07 5.149178499280609432e-09
1.300000000000000000e+01 3.333773596295968500e-08 1.377501493514381542e-09
1.500000000000000000e+01 9.433201507304220411e-09 3.707799758928301927e-10
1.700000000000000000e+01 2.969108499775447589e-09 1.100495593813769671e-10
1.900000000000000000e+01 1.159178279123189701e-09 5.878182444422056760e-11
