5.250000000000000000e+00 4.199776658742823834e-05 1.756558622722303830e-06
5.750000000000000000e+00 2.119030065515611468e-05 1.029242206117524371e-06
6.250000000000000000e+00 1.147125158336801040e-05 6.792837491138783114e-07
6.750000000000000000e+00 6.509755423747227578e-06 5.010268936913225491e-07
7.250000000000000000e+00 3.341690878224361097e-06 2.229920844384868574e-07
7.750000000000000000e+00 2.200404465115980973e-06 1.928261850912099818e-07
8.250000000000000000e+00 1.273126322090400985e-06 8.663438762202059797e-08
8.750000000000000000e+00 7.364004005430668344e-07 5.404597307706166889e-08
9.250000000000000000e+00 4.972069113120426576e-07 3.451087165444737303e-08
9.750000000000000000e+00 2.990008184510949333e-07 1.928812166451886301e-08
1.100000000000000000e+01 1.368720328493386966e-07 7.408100203442692364e-09
1.300000000000000000e+01 3.245888457482463162e-08 1.354003390720809408e-09
1.500000000000000000e+01 9.113952610990098168e-09 2.687175121033837104e-10
1.700000000000000000e+01 3.102626481654238080e-09 1.647371857906666000e-10
1.900000000000000000e+01 1.056371740136544812e-09 5.088346546055793146e-11
