5.250000000000000000e+00 1.474034066999168348e-05 6.280797627898470334e-07
5.750000000000000000e+00 7.884700543317699228e-06 4.137842011268632835e-07
6.250000000000000000e+00 4.416347111078518127e-06 2.907706196615402736e-07
6.750000000000000000e+00 2.665150709112889736e-06 2.224581535008196832e-07
7.250000000000000000e+00 1.577813247596058823e-06 9.493579876199746244e-08
7.750000000000000000e+00 8.604217919298781790e-07 4.625281080257741858e-08
8.250000000000000000e+00 5.859970393352600201e-07 4.211353992999186140e-08
8.750000000000000000e+00 4.092626789202374256e-07 3.160895923063265098e-08
9.250000000000000000e+00 2.561042899878526687e-07 2.088370480249855078e-08
9.750000000000000000e+00 1.754886190609647050e-07 1.489419883035276035e-08
1.100000000000000000e+01 7.191200412952497315e-08 3.293503676294379443e-09
1.300000000000000000e+01 1.920646723163614135e-08 5.499933895152788667e-10
1.500000000000000000e+01 5.899831121128605549e-09 1.977088426198955086e-10
1.700000000000000000e+01 2.090853540332624341e-09 7.318520268689184448e-11
1.900000000000000000e+01 7.415828751165033473e-10 3.500546661848471832e-11
