5.250000000000000000e+00 1.747464832576444153e-05 7.182293273399361729e-07
5.750000000000000000e+00 8.496089136513597834e-06 3.744544920348063412e-07
6.250000000000000000e+00 4.733232089974926975e-06 2.396027717538726056e-07
6.750000000000000000e+00 2.620211158298375350e-06 1.069396816174729475e-07
7.250000000000000000e+00 1.917108737029921508e-06 1.672020632068217362e-07
7.750000000000000000e+00 9.331461608049711521e-07 4.181908355474461017e-08
8.250000000000000000e+00 6.518244669781937462e-07 4.274105541818064883e-08
8.750000000000000000e+00 4.041725609000243020e-07 2.114809795432784781e-08
9.250000000000000000e+00 2.884351380096703098e-07 1.871950096199338148e-08
9.750000000000000000e+00 1.812255320388154509e-07 7.507286830331652046e-09
1.100000000000000000e+01 8.302715729511914977e-08 3.073523591840231622e-09
1.300000000000000000e+01 2.193018183963448830e-08 7.121546156574368947e-10
1.500000000000000000e+01 6.970718109761901182e-09 2.024293298368794987e-10
1.700000000000000000e+01 2.271460716493106410e-09 5.850344325537639653e-11
1.900000000000000000e+01 9.255530627704495117e-10 3.166211476395093558e-11
