5.250000000000000000e+00 1.213149418575746874e-05 5.233682254617179514e-07
5.750000000000000000e+00 6.150185490814454884e-06 3.034841139777600477e-07
6.250000000000000000e+00 3.753652433406880624e-06 1.960029168605557203e-07
6.750000000000000000e+00 1.959435911948601269e-06 8.718151187862634217e-08
7.250000000000000000e+00 1.265168768388767764e-06 7.101355359556214934e-08
7.750000000000000000e+00 7.088213177168562949e-07 3.057987677965542034e-08
8.250000000000000000e+00 5.397661061283742801e-07 3.847083891036725722e-08
8.750000000000000000e+00 3.399167314633584047e-07 2.486576685647770605e-08
9.250000000000000000e+00 2.496656251165427834e-07 1.894276206733778906e-08
9.750000000000000000e+00 1.635180046643521440e-07 1.450372229979965639e-08
1.100000000000000000e+01 6.420011233555341408e-08 2.601390422658788505e-09
1.300000000000000000e+01 1.705097073492608063e-08 4.315926782269175760e-10
1.500000000000000000e+01 5.056616496630546341e-09 1.359707172823572914e-10
1.700000000000000000e+01 1.713268650537849174e-09 4.493317483213798711e-11
1.900000000000000000e+01 6.904055341020481517e-10 2.689019672107369674e-11
