5.250000000000000000e+00 1.353704243463340756e-05 5.831343692997295179e-07
5.750000000000000000e+00 7.106001956091833749e-06 3.182581581195943098e-07
6.250000000000000000e+00 3.999298690917630699e-06 1.992668564840833137e-07
6.750000000000000000e+00 2.244713364962218908e-06 1.546877701914544878e-07
7.250000000000000000e+00 1.394745237799748444e-06 6.979898867866418295e-08
7.750000000000000000e+00 8.249989066708549558e-07 4.624321350139234957e-08
8.250000000000000000e+00 5.470117200182312906e-07 3.880253832455835398e-08
8.750000000000000000e+00 3.289137240140989770e-07 1.689590642603724470e-08
9.250000000000000000e+00 2.392470157108594305e-07 1.798300968523541278e-08
9.750000000000000000e+00 1.478613553451289150e-07 5.969772024979821319e-09
1.100000000000000000e+01 6.853116900042491702e-08 1.831261972960312145e-09
1.300000000000000000e+01 1.770055862993224422e-08 4.642023226404227657e-10
1.500000000000000000e+01 6.032716700759503187e-09 4.816113253317336120e-10
1.700000000000000000e+01 1.909675778668116569e-09 9.183296297401802979e-11
1.900000000000000000e+01 6.951248694451780711e-10 2.383537065320315031e-11
