5.250000000000000000e+00 1.761248205983255267e-05 6.266516478252852790e-07
5.750000000000000000e+00 1.024998815657016661e-05 4.891958449538369976e-07
6.250000000000000000e+00 5.395241439422746205e-06 2.505759762701427609e-07
6.750000000000000000e+00 2.897988505247319381e-06 1.092658586483211303e-07
7.250000000000000000e+00 2.005030753899504024e-06 1.340043498962894571e-07
7.750000000000000000e+00 1.018832558450738881e-06 4.021265017897578380e-08
8.250000000000000000e+00 7.110680803690064068e-07 3.676621516056218129e-08
8.750000000000000000e+00 5.720402177528558790e-07 4.844471003703311580e-08
9.250000000000000000e+00 2.943541377441751000e-07 1.423744302874325339e-08
9.750000000000000000e+00 2.250782096905772427e-07 9.620329783680102414e-09
1.100000000000000000e+01 8.848097169038987114e-08 2.132443479260703112e-09
1.300000000000000000e+01 2.246790379964300757e-08 4.886916090350094753e-10
1.500000000000000000e+01 7.300345427665449434e-09 2.249303555479570310e-10
1.700000000000000000e+01 2.356655982053484027e-09 6.388971786059728435e-11
1.900000000000000000e+01 9.281982212657622074e-10 2.552847261336324664e-11
