5.250000000000000000e+00 5.063405722756779436e-05 1.651133194134533483e-06
5.750000000000000000e+00 2.600268459970524621e-05 9.642595483888294502e-07
6.250000000000000000e+00 1.346270724792909139e-05 6.103379089919196065e-07
6.750000000000000000e+00 7.750317016892602513e-06 4.116112340077421929e-07
7.250000000000000000e+00 4.598468482745580332e-06 3.420828352681231612e-07
7.750000000000000000e+00 2.574139642569698762e-06 1.221254257964444834e-07
8.250000000000000000e+00 1.568321411029861657e-06 8.021244613496220022e-08
8.750000000000000000e+00 1.068287825630750910e-06 1.253378621378121905e-07
9.250000000000000000e+00 6.617537500807303965e-07 4.520394699399372772e-08
9.750000000000000000e+00 4.209677972316133172e-07 3.279878156773823353e-08
1.100000000000000000e+01 1.622311680472919861e-07 5.076925971622134062e-09
1.300000000000000000e+01 3.949423114291890337e-08 1.067080463035718295e-09
1.500000000000000000e+01 1.193441553037566653e-08 3.731284794247529431e-10
1.700000000000000000e+01 4.033378246539789599e-09 1.322426267151760965e-10
1.900000000000000000e+01 1.491135575468106800e-09 6.358408775055870663e-11
