5.250000000000000000e+00 1.103190930645747389e-05 5.095459128335643298e-07
5.750000000000000000e+00 5.657045024552877951e-06 2.730950608709989543e-07
6.250000000000000000e+00 3.400559662892198964e-06 2.185459099989183867e-07
6.750000000000000000e+00 1.928280088227945044e-06 1.416095391743326989e-07
7.250000000000000000e+00 1.143729280919518500e-06 6.340547211997710424e-08
7.750000000000000000e+00 7.379769279952904123e-07 4.821473563855941506e-08
8.250000000000000000e+00 4.926155744558224279e-07 3.012600914654910175e-08
8.750000000000000000e+00 3.082302980020594782e-07 2.025562523066365065e-08
9.250000000000000000e+00 1.969186321425383667e-07 1.231694226337733460e-08
9.750000000000000000e+00 1.227111149864715998e-07 5.161648540320567194e-09
1.100000000000000000e+01 5.734989324169513038e-08 1.524945568743740027e-09
1.300000000000000000e+01 1.637668983929999152e-08 5.512186245184724827e-10
1.500000000000000000e+01 4.954311070016592867e-09 1.375309532077708545e-10
1.700000000000000000e+01 1.721180603645345907e-09 5.244295010141727267e-11
1.900000000000000000e+01 6.705136974472229545e-10 3.025355012550501208e-11
