5.250000000000000000e+00 1.590357132904497337e-05 5.881172844947294411e-07
5.750000000000000000e+00 9.033341716963883366e-06 4.156923114046804237e-07
6.250000000000000000e+00 4.279816734742722549e-06 2.002876152524478794e-07
6.750000000000000000e+00 2.726122758169137876e-06 1.946472181783345343e-07
7.250000000000000000e+00 1.550164963978350645e-06 7.659508063988634591e-08
7.750000000000000000e+00 9.050326579076264037e-07 4.485520736188080116e-08
8.250000000000000000e+00 5.416477912277227600e-07 2.127830738640337989e-08
8.750000000000000000e+00 4.151934566208503124e-07 2.650489448635915565e-08
9.250000000000000000e+00 3.017524571845593516e-07 2.943764236008667309e-08
9.750000000000000000e+00 1.801511016397610787e-07 1.251921254969944415e-08
1.100000000000000000e+01 7.802191130899749031e-08 2.265481049505268075e-09
1.300000000000000000e+01 2.144580433613154471e-08 2.007833955548572971e-09
1.500000000000000000e+01 6.917155599550674633e-09 3.945615044144450630e-10
1.700000000000000000e+01 2.292440684812590287e-09 7.712161491128945086e-11
1.900000000000000000e+01 7.608933124204286031e-10 2.385967295828079761e-11
