5.250000000000000000e+00 1.977046369178436645e-05 7.523108521591888955e-07
5.750000000000000000e+00 9.619909273240555739e-06 3.614329643160217785e-07
6.250000000000000000e+00 5.542818563329242765e-06 2.894020611945595464e-07
6.750000000000000000e+00 3.056458967150888966e-06 1.283728207066701544e-07
7.250000000000000000e+00 1.824940696042772959e-06 8.540614606095148914e-08
7.750000000000000000e+00 1.118027227667094469e-06 4.863080645996475617e-08
8.250000000000000000e+00 7.120427308497735410e-07 3.509799635739645946e-08
8.750000000000000000e+00 4.594046163318249056e-07 1.666691549885254579e-08
9.250000000000000000e+00 2.894981646832651640e-07 1.089348548662039288e-08
9.750000000000000000e+00 2.110940202325695358e-07 1.365927378642018715e-08
1.100000000000000000e+01 8.693304438487790348e-08 3.077112484035753639e-09
1.300000000000000000e+01 2.481865871920092748e-08 8.664504759032014967e-10
1.500000000000000000e+01 7.515431240054677581e-09 2.292493438254158732e-10
1.700000000000000000e+01 2.533509765532717094e-09 1.049211975539664468e-10
1.900000000000000000e+01 9.345838332064934663e-10 2.949341437596915572e-11
