5.250000000000000000e+00 1.441402032997085892e-05 6.108644592945441473e-07
5.750000000000000000e+00 7.871299199483851140e-06 3.753167112717365163e-07
6.250000000000000000e+00 4.012183926040651466e-06 1.513849688409233168e-07
6.750000000000000000e+00 2.571701162189062055e-06 1.192790057831271805e-07
7.250000000000000000e+00 1.465885523391119493e-06 7.645853509683455745e-08
7.750000000000000000e+00 9.399887191376088141e-07 4.551861491639821722e-08
8.250000000000000000e+00 6.549754626038298914e-07 4.656721968249189010e-08
8.750000000000000000e+00 3.570036415353518283e-07 1.481115189645101784e-08
9.250000000000000000e+00 2.292156906783133475e-07 8.465683664575974976e-09
9.750000000000000000e+00 1.833641587078231526e-07 8.070220222980752804e-09
1.100000000000000000e+01 7.457310338311030729e-08 1.707658898066700171e-09
1.300000000000000000e+01 1.940018563071980839e-08 3.890753004190146109e-10
1.500000000000000000e+01 6.212582910683324808e-09 1.591252904323760489e-10
1.700000000000000000e+01 2.259251140504268059e-09 5.904070061270300720e-11
1.900000000000000000e+01 8.679074957439251549e-10 2.671376197861582152e-11
