5.250000000000000000e+00 1.435520276384290723e-05 5.820242599383144165e-07
5.750000000000000000e+00 7.575037863364760469e-06 3.517499913807076703e-07
6.250000000000000000e+00 4.532352487766794494e-06 2.693032179318127719e-07
6.750000000000000000e+00 2.260520700773557835e-06 8.384892676781452985e-08
7.250000000000000000e+00 1.529016031842488316e-06 1.265115743434727913e-07
7.750000000000000000e+00 8.771082655095055147e-07 4.297784821210190782e-08
8.250000000000000000e+00 5.825408220045048300e-07 3.110302555742906924e-08
8.750000000000000000e+00 3.945346131032902461e-07 2.175843228646374432e-08
9.250000000000000000e+00 2.380743645195323054e-07 9.520117681896010467e-09
9.750000000000000000e+00 1.571132887864235820e-07 6.540370140881963989e-09
1.100000000000000000e+01 7.438999153222198235e-08 2.672493121294295691e-09
1.300000000000000000e+01 1.852912195955857657e-08 4.034190046747299411e-10
1.500000000000000000e+01 6.111380596756627122e-09 1.794186408079887583e-10
1.700000000000000000e+01 2.130043847951691739e-09 7.131366871581481308e-11
1.900000000000000000e+01 7.944948510898098458e-10 2.968028010153518712e-11
