5.250000000000000000e+00 1.822208141889925393e-05 6.853462562447062338e-07
5.750000000000000000e+00 9.384643982342690463e-06 3.931387844657912740e-07
6.250000000000000000e+00 5.513059229345270122e-06 2.973782173382064625e-07
6.750000000000000000e+00 3.144437649771171412e-06 1.548471116701591693e-07
7.250000000000000000e+00 1.724761950549333715e-06 7.396666857371811623e-08
7.750000000000000000e+00 1.182659496147635886e-06 6.311854239941493579e-08
8.250000000000000000e+00 6.722900220119108918e-07 3.751519893703963340e-08
8.750000000000000000e+00 4.320465622987504562e-07 1.370153141963208667e-08
9.250000000000000000e+00 3.338420229158773562e-07 1.760964586305643779e-08
9.750000000000000000e+00 2.047053246636559156e-07 7.033782321026893526e-09
1.100000000000000000e+01 9.309407613972476570e-08 3.497798226859545766e-09
1.300000000000000000e+01 2.357768202560164591e-08 5.798041277134142897e-10
1.500000000000000000e+01 7.411363269984212249e-09 2.020643159157987344e-10
1.700000000000000000e+01 2.703515200707702135e-09 9.644676338054838224e-11
1.900000000000000000e+01 9.664246827538098058e-10 3.780507817841811351e-11
