5.250000000000000000e+00 1.445342980847467144e-05 6.026624270639392754e-07
5.750000000000000000e+00 7.673189695197315545e-06 3.876740059819844063e-07
6.250000000000000000e+00 4.746806786463639439e-06 2.900707032499156535e-07
6.750000000000000000e+00 2.414293330894544783e-06 1.222144480931568115e-07
7.250000000000000000e+00 1.507987656993092886e-06 8.611780265764985372e-08
7.750000000000000000e+00 8.561958841308186821e-07 4.676252646600681042e-08
8.250000000000000000e+00 5.658291896218361634e-07 3.477006026932884833e-08
8.750000000000000000e+00 3.831054986688622352e-07 1.624687454744645577e-08
9.250000000000000000e+00 2.785164967175933195e-07 2.511349780018623920e-08
9.750000000000000000e+00 1.867900248438057531e-07 1.474110280070235157e-08
1.100000000000000000e+01 7.879428802666745244e-08 3.604576650385833581e-09
1.300000000000000000e+01 2.116008309061225170e-08 7.402669919660607684e-10
1.500000000000000000e+01 6.599263273286869275e-09 2.424167671488156111e-10
1.700000000000000000e+01 2.195508309672884519e-09 6.899380420705747057e-11
1.900000000000000000e+01 8.720846647272812917e-10 3.714181565472003482e-11
