5.250000000000000000e+00 1.751276992976628523e-05 6.245774324908355821e-07
5.750000000000000000e+00 9.797379154749166736e-06 4.247237924359341869e-07
6.250000000000000000e+00 5.692101078565675696e-06 2.592419593560853418e-07
6.750000000000000000e+00 3.151146618870661048e-06 1.648681391671170518e-07
7.250000000000000000e+00 1.839527405144007796e-06 7.485959080047341721e-08
7.750000000000000000e+00 1.177708829531736701e-06 1.083330409905401222e-07
8.250000000000000000e+00 7.242976848200862453e-07 3.126880305931279426e-08
8.750000000000000000e+00 4.705924208037971276e-07 2.641183775862949450e-08
9.250000000000000000e+00 3.269776892382879588e-07 1.532331005104133241e-08
9.750000000000000000e+00 2.241393112616048910e-07 2.348003502843698092e-08
1.100000000000000000e+01 9.045776337455672750e-08 3.437881797626027084e-09
1.300000000000000000e+01 2.349967042024282630e-08 6.385989132030167825e-10
1.500000000000000000e+01 7.554648756197502032e-09 2.203583547262629189e-10
1.700000000000000000e+01 2.638131860865632808e-09 1.067011204856097210e-10
1.900000000000000000e+01 9.492979932013756651e-10 2.769753142742100037e-11
