5.250000000000000000e+00 1.498225705104029575e-05 5.761791280352070056e-07
5.750000000000000000e+00 8.108589131771737040e-06 3.574964515479625628e-07
6.250000000000000000e+00 4.202424090986968428e-06 1.666593608106145730e-07
6.750000000000000000e+00 2.537115046669604929e-06 1.038237732482617578e-07
7.250000000000000000e+00 1.588192344018601547e-06 1.219272787051691757e-07
7.750000000000000000e+00 9.175690637287599560e-07 4.677460320048446929e-08
8.250000000000000000e+00 6.530860140909735886e-07 3.557994107908952036e-08
8.750000000000000000e+00 3.660539779451707662e-07 1.880715137786866315e-08
9.250000000000000000e+00 2.536075727340390559e-07 1.576400568925584192e-08
9.750000000000000000e+00 1.647660383670661085e-07 6.137972848075600422e-09
1.100000000000000000e+01 6.983449658329576713e-08 1.452518607055619876e-09
1.300000000000000000e+01 1.996854159542289316e-08 5.644135849189765870e-10
1.500000000000000000e+01 6.346088866511484140e-09 1.727183937706005237e-10
1.700000000000000000e+01 2.206990478966327514e-09 6.993551785102239729e-11
1.900000000000000000e+01 7.758578364717548176e-10 2.310701593898670680e-11
