5.250000000000000000e+00 3.395400000000000051e-05 2.993422119264170819e-06
5.750000000000000000e+00 1.612100000000000032e-05 1.424831438065569888e-06
6.250000000000000000e+00 8.369399999999999862e-06 7.425873799762557139e-07
6.750000000000000000e+00 4.443899999999999923e-06 3.968547614228661333e-07
7.250000000000000000e+00 2.396899999999999870e-06 2.164680210215818436e-07
7.750000000000000000e+00 1.491600000000000042e-06 1.361764562066439058e-07
8.250000000000000000e+00 8.663499999999999723e-07 7.040785822619517749e-08
8.750000000000000000e+00 5.577799999999999561e-07 4.669471495790503080e-08
9.250000000000000000e+00 3.434099999999999761e-07 3.030414314908112117e-08
9.750000000000000000e+00 2.377400000000000099e-07 2.296031012421217181e-08
1.100000000000000000e+01 8.341200000000000602e-08 9.789070895646838224e-09
1.300000000000000000e+01 2.352300000000000159e-08 4.536118836626747586e-09
1.500000000000000000e+01 4.544400000000000148e-09 2.801446792284301085e-09
1.700000000000000000e+01 2.232799999999999982e-09 9.767192662172689055e-10
1.900000000000000000e+01 1.517299999999999920e-09 9.174551774337534075e-10
