5.186057363121143737e+00 5.308777913946650847e-05 1.286227029774144246e-05
5.732654027547843256e+00 1.943615521059209158e-05 9.579712332800878757e-07
6.232626033592588044e+00 9.652975593210084108e-06 5.941903784670553405e-07
6.727280033111331825e+00 5.158184970320613319e-06 3.380045191462904420e-07
7.223291347246578731e+00 3.054614477556023179e-06 1.716725226422840847e-07
7.744762031556382098e+00 1.853688018760874537e-06 1.080981727868407162e-07
8.229069113571775063e+00 1.132361175664417763e-06 6.523116039458413926e-08
8.725016540758719685e+00 8.763100762906317224e-07 8.513000255628518493e-08
9.229150245533340069e+00 5.254195523549751684e-07 4.423020379644364792e-08
9.891019193012379418e+00 2.842701433554350686e-07 1.109528491463946490e-08
1.105536922007075873e+01 1.141105970494438831e-07 3.910377692735460376e-09
1.280591052854987488e+01 3.442781675177249515e-08 1.007439351539129576e-09
1.484786550126094795e+01 1.055774129633057509e-08 3.145062094602936576e-10
1.680778964569448419e+01 3.544572953109779725e-09 1.570076916493312240e-10
1.886832452639584901e+01 1.318405308241834840e-09 4.079101399428401977e-11
