5.669399146046377957e+00 5.075732668699358556e-06 9.429192376829939134e-07
7.565646384086209153e+00 4.252435942893347310e-07 2.914690265429204741e-08
9.493754172044683415e+00 8.981836673385246591e-08 8.320323300137869383e-09
1.141148669052511977e+01 2.177319036911909479e-08 1.661661357464136061e-09
1.327335251725498111e+01 6.366323907681304630e-09 3.386685705299333825e-10
1.521974381853079628e+01 2.298767514689323894e-09 2.189030808779654784e-10
1.706888563135348846e+01 7.744790654352113280e-10 3.535200424912866665e-11
1.891240849136254454e+01 2.823968145674286438e-10 1.494180088742647798e-11
2.083608809806314710e+01 1.249955185323366252e-10 8.302749348686626581e-12
2.270805670455924030e+01 5.807610312626332439e-11 4.723907731838234786e-12
2.457775905734511568e+01 2.453880779817266116e-11 2.022179589665621384e-12
2.651271306671640460e+01 1.046045502755690130e-11 6.235539779935109760e-13
2.825977605154956507e+01 4.719048489222546784e-12 3.247220992620402922e-13
3.016860207861193999e+01 2.308390012241187413e-12 1.901189800750780593e-13
3.206032578855146653e+01 1.438472451720165734e-12 1.618729126112216490e-13
3.391115373276185352e+01 7.719070572034336041e-13 1.367635782345960396e-13
3.587854102193687567e+01 2.694750040668484463e-13 1.888729549255850457e-14
3.773179040604703260e+01 1.390029687810091106e-13 1.176069315615364205e-14
3.962885709124282840e+01 6.505738005557153453e-14 7.192185975062554066e-15
4.148036340035717728e+01 4.398905856477943961e-14 5.526079019309018820e-15
4.333922185863703191e+01 2.126329449856472992e-14 2.157305765752005242e-15
4.520892990886696339e+01 1.013399913733849962e-14 1.162066368205490368e-15
4.715810181401676715e+01 5.553932075469263697e-15 9.469186500970336962e-16
4.897750013478415809e+01 1.884807434772121377e-15 2.297097871047327416e-16
