5.594148700314000244e+00 2.826369842236095770e-05 5.077077432211499402e-06
7.543075736458576763e+00 1.403038266976258046e-06 9.860709481171786827e-08
9.485122489850336791e+00 2.497398524214805810e-07 1.628381731813679364e-08
1.135473034908072698e+01 5.490863958645808372e-08 2.813338344112807533e-09
1.329638438581786986e+01 1.737921657406894911e-08 1.170540998113120870e-09
1.514001508265260121e+01 5.381375226838593796e-09 3.355948500357029469e-10
1.706398671635334807e+01 2.090239826166947900e-09 1.399377291270719101e-10
1.891976254161399496e+01 6.757139855884981688e-10 3.018642788723380237e-11
2.078497530709902463e+01 3.006639744551060411e-10 1.659009404639559477e-11
2.271128962317788691e+01 1.310585642740455662e-10 9.293564903180670040e-12
2.459404219213181264e+01 5.002568311398832848e-11 2.848326234864082441e-12
2.644781694886589207e+01 2.698441779927283169e-11 1.798752766021171516e-12
2.824206269613783604e+01 1.346541956133029708e-11 1.396748494994819196e-12
3.021461044257935313e+01 4.693264387782731631e-12 2.821723825606390641e-13
3.205837413013632187e+01 2.516018815538559262e-12 1.937226723402732507e-13
3.401201106209251890e+01 1.349313930523865154e-12 1.475759423788757304e-13
3.588446847969567699e+01 6.405129506653454829e-13 5.176491051971205745e-14
3.767745916598789080e+01 3.177373796195825538e-13 2.944335393326721492e-14
3.962007516592706935e+01 1.456071378395996326e-13 9.672990275371695654e-15
4.134564890251487412e+01 9.910566746749881145e-14 2.121241033315222372e-14
4.334634749189872593e+01 4.267379645692073271e-14 3.543562043105786370e-15
4.518208267142411927e+01 2.032267688415399923e-14 4.016096108729193824e-15
4.705446982082105478e+01 9.429151968841291354e-15 1.039779030767626232e-15
4.899168436878692034e+01 4.743950051454820531e-15 4.167338442531410245e-16
