5.579343683692124856e+00 1.604900062014879755e-05 8.747306475892400210e-07
7.548983098077004961e+00 1.264411398670537718e-06 1.696781889562495999e-07
9.386326529762612836e+00 1.368303501274052836e-07 2.081100767397192592e-08
1.136765514548036471e+01 2.538811437743691386e-08 1.925644975498694695e-09
1.323790306056739574e+01 6.244451060790395112e-09 3.748831055873997499e-10
1.513236422460535202e+01 2.408054006392257599e-09 1.699262281568730925e-10
1.703293224662494154e+01 6.287043251557972388e-10 3.267079084014367575e-11
1.899044660260939565e+01 3.299938163411121675e-10 4.881693304586746162e-11
2.075234038024385086e+01 1.191959579460111547e-10 1.042240419308640152e-11
2.262395640299822475e+01 5.992891078302649759e-11 7.154561509001452751e-12
2.452604630837467781e+01 2.293100109295401876e-11 2.625573617675476186e-12
2.639729122144078133e+01 9.614332494316420724e-12 7.257234635666686264e-13
2.837206921914139102e+01 3.934946648594097895e-12 3.029666956757633344e-13
3.020770123132472662e+01 3.026526161812936266e-12 8.480235727475587165e-13
3.206740915465789499e+01 1.120270844935154649e-12 1.124040954746826804e-13
3.386855693411374801e+01 6.048364085568081335e-13 6.724806755940105088e-14
3.620801016622791479e+01 1.008279973541192882e-12 6.722088503006900107e-13
3.779079537651677612e+01 1.049892053409890647e-13 1.027392349643057211e-14
3.973623599156023545e+01 5.617964387389289249e-14 7.636026462609744555e-15
4.154252584332328979e+01 2.588891531680490851e-14 2.542310467025900121e-15
4.334700251641366009e+01 1.509609448303507874e-14 2.019740362031526957e-15
4.533963759365259705e+01 9.085616780407731531e-15 1.191920649223133657e-15
4.708064716960622320e+01 3.584081618036135665e-15 4.383061458860823129e-16
4.899588603228139050e+01 2.170514593739923488e-15 2.714688918641648513e-16
