5.619639231095117538e+00 5.331237150083980951e-05 1.640836214397652639e-06
7.487636501126639033e+00 4.840466120774374878e-06 3.664498819289941788e-07
9.382549548486341706e+00 5.494948028062944554e-07 7.103565923449348333e-08
1.135507966786684264e+01 8.213332888076657403e-08 6.957368877177248134e-09
1.332655825183352860e+01 2.355077670961726192e-08 1.833849642324967383e-09
1.511932282999919508e+01 6.900254033629934872e-09 3.961007201869674882e-10
1.700156314428482673e+01 2.571820965166092050e-09 2.171599361892993702e-10
1.896733375513083075e+01 8.156077758644946815e-10 3.766725579538115593e-11
2.083475356578695781e+01 3.451951910148012375e-10 1.970266455684505102e-11
2.265911124313067759e+01 1.724975907913365149e-10 1.338846476629411794e-11
2.460754060591164816e+01 6.753623523582265088e-11 5.732917179277765908e-12
2.642610182739257496e+01 3.021965867068858373e-11 2.410835992225437634e-12
2.841950500040150018e+01 1.164119136320029924e-11 1.038570229971898738e-12
3.015649538228873183e+01 7.278527075348498315e-12 9.489857900853873055e-13
3.229039201271892523e+01 3.878497525339591436e-12 7.732683111844344965e-13
3.403230746585990119e+01 1.809171551089041983e-12 2.618127756560312273e-13
3.577326242854601190e+01 6.212465897847850872e-13 4.093032564429431286e-14
3.773983687897617756e+01 3.602644389552793480e-13 3.218711232753626797e-14
3.958757779860128068e+01 1.500119197262903495e-13 1.156404595383118717e-14
4.151600725386550295e+01 8.391318890073399020e-14 7.859383223680423983e-15
4.350063212007611924e+01 4.983974355789442387e-14 6.633054901561838767e-15
4.506724143209271460e+01 2.344691956034303741e-14 4.308727654236973237e-15
4.705394856858126929e+01 8.101092966127818187e-15 6.899395329194904048e-16
4.897352077639533263e+01 5.687867850890919252e-15 5.819537078970612474e-16
