5.536683702325362333e+00 1.455769563834484324e-05 2.939648317801940326e-06
7.574463833162923265e+00 9.005863725749316742e-07 4.796473375862925405e-08
9.497931341277515926e+00 1.718741915673372937e-07 9.719681512593288549e-09
1.137621719017248623e+01 4.036295204107542689e-08 1.999857160571147868e-09
1.326417288822871754e+01 5.051781121810700561e-08 3.413480272642906502e-08
1.515819060977229071e+01 3.387251762697150109e-08 2.965608252971340210e-08
1.706314593142506908e+01 1.485962686307818429e-09 7.769560950925765283e-11
1.894516330436132989e+01 5.693013152477257601e-10 2.896703066530506234e-11
2.084156701512927157e+01 2.301069251808591599e-10 1.165566839011308055e-11
2.268895974385878844e+01 9.852640773503369550e-11 5.410144098228144950e-12
2.461349389550497335e+01 4.045741176576479138e-11 2.351575066469443405e-12
2.651279546894904016e+01 2.107012734047996429e-11 1.404671826629919568e-12
2.832003594344007880e+01 1.054060239881952795e-11 1.095097329790960960e-12
3.022830841358633691e+01 3.766049741226627932e-12 2.009575080175956657e-13
3.207114910693018572e+01 2.120869307020294409e-12 1.806614303980545853e-13
3.410275097581352810e+01 1.156368398446791427e-12 1.454057596404055838e-13
3.567803240007690135e+01 6.173268714773110774e-13 1.023817415969379484e-13
3.770852134651193666e+01 2.548543057644050264e-13 2.312901758754266370e-14
3.965955967684437411e+01 1.214599849281870165e-13 7.907755345485569707e-15
4.147278104501405238e+01 7.162686692832068634e-14 7.615844961171611691e-15
4.332712986910324560e+01 3.238759993249331437e-14 3.887010318877035960e-15
4.517690969528850786e+01 1.653621912667678981e-14 1.207926166846942078e-15
4.708819010248018344e+01 8.746929044253474593e-15 9.013331550540229883e-16
4.893837742980040417e+01 3.745404599447143045e-15 3.091196454231448384e-16
