5.324833767779964866e+00 1.617147899508917586e-05 5.057918691407823951e-06
7.539974501194353529e+00 5.724881978123000279e-07 3.293072048362387936e-08
9.481647851026663076e+00 9.747711115200580526e-08 4.355849455323673457e-09
1.142717777169064419e+01 2.552744471923098842e-08 1.417234052296773392e-09
1.331578677500788466e+01 7.778684574439212568e-09 4.112371221194676272e-10
1.519733720656608078e+01 2.626986141941801539e-09 1.187316736922129540e-10
1.704263001030537694e+01 8.867564510178220160e-10 4.154449834635492523e-11
1.894553430835071950e+01 4.104234598554619980e-10 2.555127543471210239e-11
2.080939355234219335e+01 1.787460599780435281e-10 1.775152960984789959e-11
2.262930554835632080e+01 7.688791636053596720e-11 7.139212950739328535e-12
2.452268937537895610e+01 4.089078413532949538e-11 5.649546014034703991e-12
2.648191798524557328e+01 1.346999414793588348e-11 8.280354514899928770e-13
2.825772737574114757e+01 5.857949156115154023e-12 4.508508617971196177e-13
3.017753864327748659e+01 3.872862168164549147e-12 8.422192610417767058e-13
3.217050974835671440e+01 1.456247334633356370e-12 1.567828136341418623e-13
3.395158044704780309e+01 7.039594698786025799e-13 6.345492507794101027e-14
3.579995371315176556e+01 3.363894028581559492e-13 2.406906527814806670e-14
3.769477795877121906e+01 1.814508194589966952e-13 2.452541122819810764e-14
3.961511988929758132e+01 9.415132374556735092e-14 1.015354584801507948e-14
4.153192052918920041e+01 4.646222299411171079e-14 6.715640160501540776e-15
4.335234864819728529e+01 1.844311049137073885e-14 1.504759779112175963e-15
4.549679925485278886e+01 1.406734012866831080e-14 4.001226330463059387e-15
4.704435162100359236e+01 5.568372452650986548e-15 6.348505114758619786e-16
4.884945964788776962e+01 2.815572483375463300e-15 3.589510975010736344e-16
