5.590200949983416656e+00 4.787610638665697129e-05 9.689292494309080427e-06
7.164049189326901157e+00 3.279062568214334309e-06 2.579687725152000373e-06
9.347212975524284317e+00 8.697408963655392909e-08 1.637479438125479694e-08
1.133310549450118820e+01 1.871895025962585307e-08 1.716145898178606038e-09
1.333673918946424131e+01 4.755356016115409358e-09 3.711074693771795520e-10
1.495884706711232859e+01 1.156575093705509821e-08 9.926896825807600356e-09
1.709546372528141944e+01 6.852861029128352731e-10 6.478662893571365780e-11
1.893994895622822128e+01 2.425270211370447451e-10 1.872493812870967009e-11
2.088159747251799558e+01 1.278685683126004141e-10 1.815810663320808104e-11
2.264065700107557078e+01 6.158321997875382053e-11 1.442899293347730554e-11
2.460557275122691578e+01 2.053133666803185247e-11 2.042400304138716641e-12
2.625042944488378538e+01 1.202615753594430260e-11 2.662782944051722582e-12
2.827236049647465421e+01 6.321642578537571563e-12 1.299491474491812213e-12
3.021762902254530303e+01 2.119503678497362551e-12 2.376820295294849390e-13
3.197868247125123986e+01 1.001014713928895829e-12 1.514702258277838207e-13
3.405956007198544455e+01 3.960339452390415606e-13 3.534308890610488093e-14
3.577642104222071850e+01 2.481818311980449954e-13 2.943085594209086744e-14
3.776338891239056750e+01 1.069944870943000163e-13 1.117181789148940780e-14
3.949170667351915398e+01 7.620102914953164281e-14 2.164205138557855577e-14
4.133381713768912391e+01 3.111146511076013606e-14 5.015732198989609946e-15
4.340773014938517349e+01 1.707587035663248874e-14 4.314670309671943813e-15
4.518680374683974321e+01 7.877319189196635221e-15 1.350247834232152176e-15
4.711760552346452613e+01 3.240914930823190101e-15 3.906259484073665871e-16
4.891929873028419706e+01 1.379755298113956262e-15 1.348774583540448012e-16
