5.536744242541115746e+00 7.216963096159424796e-06 8.026958479631254078e-07
7.601948057209690468e+00 7.715699391738826922e-07 3.934968221879730843e-08
9.513491843268562675e+00 1.522468102541158918e-07 4.890368729456062435e-09
1.139667563535565442e+01 3.810439119602877924e-08 1.377393691698147032e-09
1.329713836841173880e+01 1.155607126166178725e-08 4.012708465071347511e-10
1.515572876903181943e+01 4.073688695145064214e-09 2.038981403092332267e-10
1.704497792105345866e+01 1.537580707747179638e-09 7.762696775421433364e-11
1.894983421820798952e+01 6.066541347626600486e-10 2.279716494996308202e-11
2.080207738007316820e+01 2.386166324122066076e-10 1.120757910962811664e-11
2.270488346024622928e+01 1.078217970311338819e-10 5.845228104414096099e-12
2.461039800143634793e+01 5.221277867237029149e-11 5.136851694516297046e-12
2.637140989197004970e+01 2.402427374447701675e-11 2.246645782250138618e-12
2.832772597023562966e+01 9.892293618551535134e-12 5.028355479818197221e-13
3.022616706330924430e+01 4.935679496768819211e-12 2.911356417417177752e-13
3.205486762357014641e+01 2.400110935586562914e-12 1.787170106573560661e-13
3.398214186493870415e+01 1.356084740091887774e-12 1.535448408049177028e-13
3.583932751395641247e+01 5.115454053360701839e-13 3.062612469168599762e-14
3.773070108155462066e+01 2.457365782096007905e-13 1.330699765171390909e-14
3.961444685320375214e+01 1.382456377218571433e-13 9.155770756629541232e-15
4.153497945830897464e+01 7.458291239114388345e-14 5.182655019415717349e-15
4.336015155547545419e+01 3.159777487265500032e-14 2.102829619752821443e-15
4.534750985952540248e+01 4.022863308440474303e-14 1.493359561805921159e-14
4.711581561594021395e+01 1.197449206854981084e-14 3.081956044492797555e-15
4.886050359594937476e+01 4.792365502524729835e-15 6.964405697245982336e-16
