5.568027993637175932e+00 8.340095339911722676e-06 3.335798229779330908e-07
7.490090320323810502e+00 7.151568013113832301e-07 6.875362674416119418e-08
9.357554969750928819e+00 8.784846845036233306e-08 1.110245652220899445e-08
1.125901502030524703e+01 2.036742559008080381e-08 2.304537505881737244e-09
1.330609524989711190e+01 5.745479898302967282e-09 9.730397561409412067e-10
1.516515134410263066e+01 1.425134550226811706e-09 7.286034257179408946e-11
1.703175323313282874e+01 5.288554582040754075e-10 4.222716513938081617e-11
1.889264279983117945e+01 2.407402685479456990e-10 2.284253062261232859e-11
2.079065347710688272e+01 1.117094760692730054e-10 1.176312281845596140e-11
2.267559346702381617e+01 4.100141499208962327e-11 4.495606915771382900e-12
2.462042819644171132e+01 1.751279612140376811e-11 2.136994588460689894e-12
2.645549176170717587e+01 7.544522621157623015e-12 6.656234500455797697e-13
2.820997926974567349e+01 4.405810792603020012e-12 9.390148839174945486e-13
3.016913785936216996e+01 1.923244787734886305e-12 2.674262376704784219e-13
3.201520890037786415e+01 7.465789776732331186e-13 7.346333242246847799e-14
3.399479651477334130e+01 3.704830014996660486e-13 3.584693341868460271e-14
3.578140266592937735e+01 1.989005603094119122e-13 1.950903108416418334e-14
3.776746928153744420e+01 1.128065665043570593e-13 2.390385066123147378e-14
3.951445748862222018e+01 4.088203983762136705e-14 4.109624108497019565e-15
4.124933486585821640e+01 2.188000684208384166e-14 4.607506780871626996e-15
4.335816307243422330e+01 1.236179089833856416e-14 1.750559840532793520e-15
4.514064525645769521e+01 5.727194469920731970e-15 1.051094538327225438e-15
4.709441843243664039e+01 3.069086227818470474e-15 3.965054825784341056e-16
4.887741799497316464e+01 1.351000076228384471e-15 2.236788518365217588e-16
