-7.972000000000000197e-01 -3.548000000000000043e-01 2.237999999999999989e-01 1.410849999999999937e+00 1.375000000000000111e-01
1.985999999999999988e+00 1.314000000000000057e+00 5.450000000000000400e-01 3.069949999999999957e+00 3.643000000000000127e-01
7.092000000000000526e-01 1.985999999999999988e+00 3.337999999999999856e-01 1.880849999999999911e+00 2.977000000000000202e-01
1.044000000000000067e-01 1.212000000000000022e-01 4.270800000000000152e-01 3.253249999999999975e+00 2.011000000000000010e-01
-3.827999999999999736e-01 7.036000000000000032e-01 1.630800000000000027e-01 2.628150000000000208e+00 3.919000000000000261e-01
1.308400000000000007e+00 6.755999999999999783e-01 5.238800000000000123e-01 1.204050000000000065e+00 2.197000000000000064e-01
1.056400000000000006e+00 -7.468000000000000194e-01 3.091599999999999904e-01 3.427150000000000141e+00 3.318999999999999728e-01
1.582799999999999985e+00 -5.228000000000000425e-01 5.722800000000000109e-01 2.703349999999999920e+00 1.633000000000000007e-01
-7.187999999999999945e-01 1.532399999999999984e+00 4.930800000000000183e-01 2.933650000000000091e+00 1.074999999999999983e-01
9.108000000000000540e-01 3.452000000000000068e-01 2.695600000000000218e-01 2.487150000000000194e+00 1.224999999999999978e-01
-1.083999999999999964e-01 -1.700000000000000122e-01 5.291599999999999637e-01 1.829150000000000054e+00 3.474999999999999756e-01
1.364400000000000057e+00 1.129199999999999982e+00 1.894800000000000095e-01 3.384850000000000136e+00 1.489000000000000046e-01
1.918800000000000061e+00 1.660000000000000087e-01 2.537200000000000011e-01 1.486050000000000093e+00 3.378999999999999782e-01
-6.964000000000000190e-01 5.412000000000000144e-01 3.769199999999999773e-01 1.706949999999999967e+00 2.550999999999999934e-01
1.868400000000000061e+00 1.806799999999999962e+00 4.464400000000000035e-01 3.483550000000000146e+00 2.437000000000000000e-01
1.480000000000000066e-02 1.588400000000000034e+00 3.082799999999999985e-01 1.326249999999999929e+00 3.991000000000000103e-01
1.476399999999999935e+00 -3.603999999999999981e-01 3.566799999999999971e-01 2.336749999999999883e+00 3.865000000000000102e-01
-4.388000000000000234e-01 1.235600000000000032e+00 5.652399999999999647e-01 2.322649999999999881e+00 1.932999999999999996e-01
3.731999999999999762e-01 1.392400000000000082e+00 1.789199999999999957e-01 2.153449999999999864e+00 2.424999999999999933e-01
-3.099999999999999978e-01 1.868400000000000061e+00 2.194000000000000117e-01 2.971249999999999947e+00 2.635000000000000120e-01
5.692000000000000393e-01 4.292000000000000259e-01 5.942800000000000304e-01 1.518950000000000022e+00 1.345000000000000084e-01
1.756399999999999961e+00 8.828000000000000291e-01 2.123599999999999932e-01 1.965449999999999919e+00 2.725000000000000200e-01
-6.236000000000000432e-01 -6.907999999999999696e-01 5.441200000000000481e-01 2.473050000000000193e+00 3.043000000000000149e-01
2.220000000000000029e-01 -1.363999999999999935e-01 3.250000000000000111e-01 1.175850000000000062e+00 2.646999999999999909e-01
3.227999999999999758e-01 1.907599999999999962e+00 5.714000000000000190e-01 2.082949999999999857e+00 3.876999999999999891e-01
1.515600000000000058e+00 -4.680000000000000132e-02 2.466800000000000104e-01 3.008849999999999802e+00 2.335000000000000131e-01
9.444000000000000172e-01 5.355999999999999650e-01 5.177199999999999580e-01 2.830249999999999932e+00 3.996999999999999997e-01
-5.844000000000000306e-01 1.941200000000000037e+00 2.977199999999999847e-01 3.276749999999999829e+00 1.297000000000000097e-01
4.279999999999999777e-02 1.711600000000000010e+00 5.582000000000000295e-01 3.398950000000000138e+00 2.917000000000000148e-01
1.946800000000000086e+00 8.548000000000000043e-01 3.804400000000000004e-01 1.359150000000000080e+00 1.183000000000000024e-01
-2.932000000000000162e-01 3.160000000000000309e-02 3.689999999999999947e-01 3.497650000000000148e+00 3.120999999999999885e-01
6.139999999999999902e-01 -5.899999999999999689e-01 2.097199999999999898e-01 2.567050000000000054e+00 1.776999999999999968e-01
1.767600000000000060e+00 1.594000000000000083e+00 3.584399999999999809e-01 2.651650000000000063e+00 1.453000000000000125e-01
9.612000000000000544e-01 1.543600000000000083e+00 1.727599999999999969e-01 1.180549999999999988e+00 1.693000000000000060e-01
-9.719999999999999474e-02 9.724000000000000421e-01 4.622800000000000242e-01 2.228650000000000020e+00 1.129000000000000004e-01
1.784399999999999986e+00 -5.116000000000000547e-01 4.173999999999999932e-01 1.396749999999999936e+00 2.934999999999999831e-01
-6.919999999999999762e-02 1.123599999999999932e+00 2.730799999999999894e-01 1.537749999999999950e+00 2.827000000000000068e-01
1.980399999999999938e+00 -7.748000000000000442e-01 4.649199999999999999e-01 1.805649999999999977e+00 1.663000000000000034e-01
-6.403999999999999693e-01 8.100000000000000533e-01 5.027599999999999847e-01 1.302750000000000075e+00 3.361000000000000099e-01
8.771999999999999797e-01 -2.651999999999999913e-01 4.851599999999999802e-01 3.206249999999999822e+00 1.381000000000000005e-01
-3.603999999999999981e-01 -4.835999999999999743e-01 2.449199999999999988e-01 2.101750000000000007e+00 2.076999999999999957e-01
3.619999999999999885e-01 1.767600000000000060e+00 3.936399999999999899e-01 3.027649999999999952e+00 1.885000000000000009e-01
8.379999999999999671e-01 -6.852000000000000313e-01 2.519600000000000173e-01 1.735149999999999970e+00 3.948999999999999733e-01
-6.852000000000000313e-01 9.052000000000000046e-01 5.863599999999999923e-01 3.215650000000000119e+00 1.723000000000000087e-01
1.050799999999999956e+00 1.162800000000000056e+00 4.402800000000000047e-01 2.458950000000000191e+00 3.145000000000000018e-01
1.291600000000000081e+00 1.106800000000000006e+00 5.819600000000000328e-01 1.627050000000000107e+00 3.547000000000000153e-01
9.836000000000000298e-01 1.155999999999999944e-01 5.854800000000000004e-01 2.599950000000000205e+00 2.586999999999999855e-01
-2.316000000000000003e-01 7.371999999999999664e-01 3.012400000000000078e-01 1.669349999999999890e+00 1.567000000000000060e-01
1.660000000000000087e-01 9.612000000000000544e-01 1.718800000000000050e-01 2.881949999999999790e+00 3.013000000000000123e-01
1.622000000000000108e+00 1.778799999999999937e+00 3.161999999999999811e-01 1.838549999999999907e+00 1.152999999999999997e-01
-5.452000000000000179e-01 8.267999999999999794e-01 3.426000000000000156e-01 2.773849999999999927e+00 2.767000000000000015e-01
7.147999999999999909e-01 -5.675999999999999934e-01 4.878000000000000114e-01 1.612950000000000106e+00 2.419000000000000039e-01
1.207600000000000007e+00 1.969200000000000061e+00 2.510800000000000254e-01 1.363850000000000007e+00 2.503000000000000225e-01
5.355999999999999650e-01 1.672400000000000109e+00 3.707599999999999785e-01 2.181649999999999867e+00 3.331000000000000072e-01
1.722800000000000109e+00 5.243999999999999773e-01 4.129999999999999782e-01 3.436549999999999994e+00 1.338999999999999913e-01
4.908000000000000140e-01 1.034000000000000030e+00 4.508400000000000185e-01 1.208749999999999991e+00 3.684999999999999942e-01
1.409200000000000008e+00 -6.403999999999999693e-01 3.232400000000000273e-01 1.467249999999999943e+00 1.716999999999999915e-01
1.818000000000000060e+00 -2.707999999999999852e-01 5.546799999999999509e-01 2.393149999999999888e+00 2.149000000000000077e-01
2.444000000000000061e-01 1.603999999999999870e-01 5.555600000000000538e-01 2.947750000000000092e+00 3.763000000000000234e-01
1.403599999999999959e+00 1.425999999999999934e+00 2.827600000000000113e-01 2.618749999999999911e+00 3.660999999999999810e-01
