5.498192669988583248e+00 8.178977860710680660e-06 3.499752670657072659e-06
7.059051479668618789e+00 2.940970750045301305e-06 2.615196213391937066e-06
9.475427695955565000e+00 6.166698276991109351e-08 7.462551554605255806e-09
1.152851561662266633e+01 1.616742484010707629e-06 1.601230609293814750e-06
1.329212519452549124e+01 4.277387287315939922e-09 2.905552558644777053e-10
1.518692787045810455e+01 1.457373880598508414e-09 7.129508927572003334e-11
1.632840391344987196e+01 9.659980526250603753e-09 9.093727110522563842e-09
1.892213749247999033e+01 2.643823376843232839e-10 2.307308509758925459e-11
2.081961499747408340e+01 1.268336242396001681e-10 1.856166441346598299e-11
2.271713149013693922e+01 4.226677302009688104e-11 4.227830648599509049e-12
2.451520195298751048e+01 1.992840606292173574e-11 2.198389492253986303e-12
2.644892165097250114e+01 7.788519636710283449e-12 5.762973522099236369e-13
2.829524168378634741e+01 4.039928655078370116e-12 4.247622732348611965e-13
3.014705210802219426e+01 2.846277682190024062e-12 8.283990605330262473e-13
3.225135947467025233e+01 9.941099146019509991e-13 1.494487185402362326e-13
3.383813649098777177e+01 4.466723979572370131e-13 1.237381229165101947e-13
3.586053057935156829e+01 3.138279560420528002e-13 1.178178791746900605e-13
3.772572179662031289e+01 9.339507718094534995e-14 7.829595402486219884e-15
3.964792352170969991e+01 4.368698414483740690e-14 3.917378868480447976e-15
4.140478775314361570e+01 2.533293794054086097e-14 6.128084130082672644e-15
4.342988146402912975e+01 1.277865147528757058e-14 1.337975382857568307e-15
4.517490808902469013e+01 5.609876649521062988e-15 5.373288383707486202e-16
4.690958783329758575e+01 3.595060677903387142e-15 8.610231756364858708e-16
4.896685102619245100e+01 1.671456838874807187e-15 2.856986008597915737e-16
