5.603489043258519153e+00 1.102479787182991981e-05 1.141374741601014506e-06
7.561566827183157535e+00 1.141571013373452161e-06 5.178641443809603245e-08
9.515823500838502369e+00 2.160887742998450023e-07 9.973321891940639740e-09
1.135848876823238385e+01 5.305845405530173243e-08 2.124113798801150171e-09
1.329297432914402499e+01 1.602442265991081321e-08 6.212480151803349360e-10
1.519694853563817816e+01 5.125009001556796056e-09 1.522491006743345812e-10
1.706525679952687113e+01 2.077795090002573201e-09 9.118832679868540404e-11
1.891672176796443949e+01 7.276429750113451947e-10 3.260786112164592136e-11
2.085361764408970586e+01 3.068390978460186551e-10 1.454847224685913159e-11
2.273380700862824355e+01 1.380308277619660353e-10 8.137410528201601812e-12
2.463082422047503073e+01 5.749735472435687905e-11 3.072804507749705481e-12
2.644082717994104215e+01 2.872252138378636524e-11 1.969692679454044673e-12
2.829113930417560141e+01 1.326095835217142053e-11 7.308186827568035494e-13
3.013165789088414925e+01 7.623538362599350845e-12 9.047797043166053087e-13
3.209390861962587849e+01 3.083213064772206474e-12 2.616456253339288851e-13
3.402668889833386601e+01 1.278135648770306513e-12 8.041686566196591622e-14
3.550461891933655068e+01 1.519553829384739539e-12 6.780871166455111016e-13
3.769692371279607102e+01 3.667523214158276241e-13 3.627462401868810244e-14
3.957890388091034595e+01 1.943689967370873080e-13 2.515861731569766608e-14
4.141652793582882452e+01 9.262214459977375420e-14 7.886386169311179914e-15
4.330267839351345316e+01 4.169515933851182237e-14 3.053662656800021551e-15
4.520912543314481269e+01 2.156643438613007842e-14 1.716191398743830843e-15
4.705577626908169719e+01 1.253566506977200237e-14 1.159705698893003768e-15
4.902718525227538748e+01 6.215817617736304992e-15 5.628866950968101593e-16
