5.542898290745829293e+00 1.802753812754236251e-05 3.572264931710968149e-06
7.604009023012175739e+00 1.423618186686289516e-06 6.097384459285362340e-08
9.499156186645732802e+00 2.659740994945479535e-07 1.061135647330493049e-08
1.141092065069764949e+01 6.763031159332523892e-08 2.755371204493512410e-09
1.331008308088224545e+01 1.955408317909973432e-08 7.287563848793907590e-10
1.517396599975344706e+01 6.546835115046041660e-09 2.863387539489097143e-10
1.699554210474462224e+01 2.636936565883427753e-09 2.079779218134758298e-10
1.892322311568996085e+01 9.547611552722327863e-10 3.969517022611661841e-11
2.085370930219545826e+01 3.652758830657598111e-10 1.755239386094125437e-11
2.274368144169823580e+01 1.619031615886445105e-10 1.075338253979167947e-11
2.458576132692357064e+01 7.335929055439425325e-11 4.765611241893405270e-12
2.649536526013299920e+01 3.214325619880423038e-11 2.056030234977701554e-12
2.838185543404214783e+01 1.447718928753901120e-11 1.094563222037252482e-12
3.019374269841899761e+01 6.761507385013110610e-12 3.842456708526531084e-13
3.210853928010749314e+01 3.157328623502667636e-12 1.578340099664756254e-13
3.391377615163867176e+01 1.600004958802625734e-12 9.823650890719838761e-14
3.577044286376134608e+01 9.450545430830305947e-13 1.278084578909451675e-13
3.764911206070667760e+01 4.247493673312683433e-13 4.285792796701423622e-14
3.959764720267682492e+01 1.961825602654474251e-13 1.260364518801147383e-14
4.136531516990743995e+01 9.578330785598125617e-14 7.897161852366672234e-15
4.339016774649386576e+01 5.321076783879620008e-14 6.343741247926205953e-15
4.522100087364808729e+01 2.751016759554921436e-14 2.096233690663391663e-15
4.713272794428796431e+01 1.174186241055925487e-14 1.082754907796223774e-15
4.908372870371466945e+01 6.376532109123920182e-15 8.706035493933416455e-16
