5.493705581403020233e+00 1.924844172210876978e-05 3.927878854600069337e-06
7.522351137627110162e+00 1.811474332212357511e-06 3.345716920413210275e-07
9.467554159684922865e+00 2.549003113481593431e-07 1.321591736869155213e-08
1.141542395042422875e+01 5.982452255203031864e-08 1.848520400862431809e-09
1.328349796444961939e+01 1.720263201197128910e-08 5.322882587788715527e-10
1.517133280466152101e+01 5.781914649393452627e-09 2.000933516354723093e-10
1.707929923576089948e+01 2.014632750365919627e-09 6.939234605152737063e-11
1.892132316916278967e+01 8.064807726461928706e-10 3.590862437031740186e-11
2.083221981900198827e+01 3.341626001885616766e-10 1.806674537517873048e-11
2.265841091236805838e+01 1.402350265448553487e-10 6.957686671539195175e-12
2.432839156534508263e+01 9.388424315490693074e-11 2.909025765511956131e-11
2.654559734634266732e+01 2.780625251094953882e-11 1.772973896160302213e-12
2.830327222754274885e+01 1.347228407898337140e-11 1.114932771804879339e-12
3.027039170287838843e+01 6.428333563941285043e-12 7.042849443388942637e-13
3.200902660139557554e+01 3.712279359004468468e-12 6.323425680878333148e-13
3.392846973685156087e+01 1.427925991048587926e-12 1.231066995645234922e-13
3.582292967823180874e+01 8.644595614829826323e-13 1.070371184642491161e-13
3.771806172509567290e+01 3.461562711250310026e-13 1.991599923576888412e-14
3.960368848403325615e+01 2.037623703613196982e-13 2.097916309921834468e-14
4.145007706939418313e+01 9.372122267716769072e-14 7.448137710261654109e-15
4.333343837054857772e+01 4.178608695189556679e-14 2.842931883998593033e-15
4.519529423354511266e+01 2.360301158789838051e-14 1.972847985714408280e-15
4.707247255207919778e+01 1.198527271087822179e-14 1.118367867293169207e-15
4.886874763768968677e+01 6.193111600483945534e-15 7.718102796520738457e-16
