5.535426389830291782e+00 3.711821325451051927e-05 8.437894609306773692e-06
7.491324472446192040e+00 1.173396322148817400e-06 4.071501744904478380e-07
9.469527268688965549e+00 1.443034386759046500e-07 9.099632324169005521e-09
1.140610640093206563e+01 3.358455069028499533e-08 1.313103774703042479e-09
1.328676674415911130e+01 1.012690632727665313e-08 4.587382548597497610e-10
1.518302903319165686e+01 3.231316215261699015e-09 1.497193001640879320e-10
1.707970093889971608e+01 1.291320343891811482e-09 6.031192212169856725e-11
1.895785449696768410e+01 4.530136888588139421e-10 2.169390302557829135e-11
2.079193941552496838e+01 2.710553966908655358e-10 2.212806687781364360e-11
2.272793943279079443e+01 9.078289406667729626e-11 7.073022599591529058e-12
2.452648864414875973e+01 3.835680631946860559e-11 3.300299697670606294e-12
2.640580904260834316e+01 1.855783673457708031e-11 1.567501338136839911e-12
2.825241720080205354e+01 1.098663245474397634e-11 1.381247842625852827e-12
3.021771491757105110e+01 4.488789470836150108e-12 3.184678801031947528e-13
3.203767022172876722e+01 2.008198194652443782e-12 1.788785236512950600e-13
3.398455257357336023e+01 1.024621729002714379e-12 8.344397832921727704e-14
3.660721241885185151e+01 2.205413590779994525e-12 1.726213057390657346e-12
3.766796523342338077e+01 2.636321273186173709e-13 1.897296763494815602e-14
3.965849482052479402e+01 1.350117250908804451e-13 1.322073767886052273e-14
4.150141587070817906e+01 5.401796590682975890e-14 5.307273959276317970e-15
4.330970380913009876e+01 2.754413368743392766e-14 2.424678160615548286e-15
4.516700381563194355e+01 1.382421326666037793e-14 1.287424582005288451e-15
4.703774860671693858e+01 6.989954509470736547e-15 6.235767962774631598e-16
4.899280110617434758e+01 2.879833731850622144e-15 1.955807833768036584e-16
