2.168262926397508672e-02 2.163666276079813031e-02 2.203361426407979620e-02 2.224896095713663896e-02 2.140198552071071597e-02 2.081314442063671513e-02 2.708632891994984873e-02 3.026797385340794511e-02 2.388241004909778809e-02
2.878334954827751341e-02 3.029910538583342056e-02 3.164885188814559047e-02 3.189127448540789167e-02 2.862544286018177397e-02 2.595752809031126596e-02 2.980493328518418403e-02 2.994420663880854178e-02 2.722217676015829466e-02
1.191556591623597755e-01 8.419427474774880682e-02 5.512585713986946356e-02 3.652105290865987480e-02 2.776529796313302254e-02 3.059575459083486992e-02 3.184662708901880857e-02 3.103327373154780855e-02 3.529188243906480893e-02
2.338810919908892311e-02 2.653267621009395422e-02 3.070275559101430865e-02 3.224440711571260193e-02 2.589840235725106993e-02 2.390259962495217341e-02 3.125194159512103415e-02 3.080688763918349588e-02 2.465811156225662312e-02
1.619627807075454951e-02 1.815142214062044970e-02 1.962229172129458660e-02 2.001445953292945931e-02 1.747135012016987413e-02 1.312061497990405119e-02 9.933045157451022428e-03 1.133053273269672007e-02 1.955831998599652857e-02
7.286693054669562616e-03 7.068682138376952001e-03 8.625300802125599256e-03 1.174715793759703586e-02 1.837014747014669228e-02 2.892593592690619400e-03 8.729769374498073942e-02 1.522499482870789782e-02 1.574053939561477142e-02
1.631141982743092300e-02 1.627420074447243417e-02 1.600945036680072667e-02 1.437120730013569103e-02 1.015522819361455026e-02 3.731703614460071122e-02 1.992730217209320517e-02 1.626600711572151470e-02 1.746643300984683511e-02
6.397737854151568093e-02 6.747318346187358706e-02 7.057383006244723200e-02 7.030880476314298189e-02 5.837670572466537033e-02 4.772090516694948992e-02 5.203394440319096537e-02 5.727340247334510720e-02 5.153299283987231721e-02
3.336185108076333145e-02 3.169928471906769546e-02 2.997313876812004313e-02 2.798200475848090091e-02 2.579827024428628379e-02 3.932706317031728349e-02 1.287399117333398735e-02 1.430377409478309284e-02 1.917741131440161770e-02
1.021102243395303338e-01 1.096667796996970978e-01 1.124054945599313321e-01 1.058116642355906717e-01 7.161810375125345074e-02 7.938205696951709800e-02 5.913922642687749476e-02 7.536882523422350211e-02 4.923398905869188352e-02
3.171035481140324630e-02 3.364499990677583680e-02 3.562815234422142541e-02 3.613933428999210190e-02 3.224027673687288043e-02 3.191990870427521138e-02 2.642404505312720420e-02 3.633927810283239801e-02 3.183778351421916869e-02
3.353529699320727253e-02 3.587199231685310463e-02 4.003630434475227706e-02 4.280749574543792763e-02 4.133865568995614970e-02 3.854471193497723686e-02 3.800188674454210713e-02 7.360215699052002902e-02 3.977562503029186819e-02
3.743748386461264593e-02 3.338520021085535777e-02 3.273318167991706718e-02 3.268483369058693827e-02 3.215666561581197874e-02 4.777016918386783884e-02 3.487394998269100627e-02 3.446450817356540297e-02 3.576647007019969488e-02
2.404089370836418743e-02 3.337443308809221604e-02 4.103820141434186275e-02 4.136604697221846899e-02 2.159805972628213791e-02 3.847747504454404610e-02 2.161473512545750500e-02 1.951939768942106274e-02 2.246473453099755851e-02
5.033280652405749261e-02 5.400481801571440504e-02 5.479899541384240791e-02 5.101115749422186624e-02 3.163221279729119123e-02 1.569570537004262231e-02 2.190630631952796004e-02 1.184832354932832676e-02 3.943214854812842479e-02
1.212920935738757422e-01 7.495727085701643644e-02 3.994371138504720226e-02 1.933213247508053581e-02 1.415977062209473718e-02 2.268724898276670496e-02 2.071915310984284372e-02 2.418780995666273970e-02 2.052923681715067283e-02
1.718253034911276789e-02 1.968234279049829033e-02 2.234014372431413625e-02 2.397523097571256645e-02 2.267022596776000279e-02 1.488633792869648205e-02 2.559393217612402488e-02 1.497245219820312820e-02 1.391244181400872956e-02
1.155853443590382224e-01 7.623122993834199890e-02 4.814888241101600991e-02 3.037778926364527454e-02 1.683322413201602391e-02 1.461736345642853513e-02 2.451494402611624837e-02 1.013156481599112452e-02 1.197491432271731784e-02
6.698410031590971286e-03 8.309050347810608556e-03 1.164900306331639532e-02 1.406093023247193333e-02 1.387830383253636779e-02 1.427238937496634434e-02 1.596991432178678297e-02 1.878844774638985249e-02 2.066429278862097138e-02
9.071440259549692561e-03 1.021598051011129819e-02 1.419962019660432617e-02 1.756221173003156416e-02 1.900835162676918835e-02 1.876714816595070889e-02 1.722436456851874492e-02 1.633534660122559073e-02 2.269791672060134449e-02
4.381297318396577822e-02 4.573796805567548890e-02 4.961514058611146694e-02 5.025960245197159254e-02 4.018041191820975050e-02 4.844759166217177393e-02 4.344659185966866233e-02 5.127931418072082664e-02 2.947410875927597776e-02
1.028645125038917391e-01 1.082981750160713907e-01 1.116933170361546768e-01 1.095393385076094683e-01 9.093147852937165376e-02 8.025221859389468360e-02 5.238879968769897394e-02 7.638211655891542773e-02 3.705188846547605164e-02
5.363740772394128692e-02 4.869926125264531502e-02 4.318242297393845575e-02 3.718739248988291168e-02 2.426831497354952141e-02 1.618850063728331096e-02 1.352882012779127452e-02 2.238672967552934878e-02 1.608948483332876475e-02
1.804524483786661138e-02 1.934961364829234504e-02 1.970861385543748803e-02 1.815072717902208727e-02 1.005796866198268961e-02 7.136499963175624468e-03 9.350775513021814672e-03 1.073874671494582170e-02 1.006335571369681645e-02
