7.559453141533559739e-01 7.094020948817185701e-01 6.706711655361852209e-01 6.541115472222478466e-01 6.938527322445827705e-01 7.679527981033820172e-01 7.408392030204966616e-01 8.391468451296990594e-01 7.126412514231597051e-01
7.185664422405518836e-01 6.832040119418120172e-01 6.641060919935833917e-01 6.731071505157172341e-01 7.664915237895220113e-01 7.968895141570950802e-01 7.894762442753326948e-01 8.420002497903424921e-01 8.668530883553057231e-01
8.934749540081807773e-01 8.821536804050894576e-01 8.836979201720838173e-01 9.064979573948672709e-01 9.991865412011742276e-01 9.350750048440319429e-01 8.312055746419249047e-01 9.344255917152493041e-01 9.377073481991117232e-01
7.289124553464059186e-01 7.066372541816805519e-01 6.913129896888656756e-01 6.872941702377342033e-01 7.206537122717581179e-01 8.180084709158510492e-01 7.506169518989758149e-01 7.320757045702070975e-01 9.557634408584662067e-01
1.928577640155736128e-01 1.714383736152750581e-01 1.619102006651100822e-01 1.719904572196721548e-01 2.370709953574530737e-01 2.241672368772504031e-01 1.630865363092782738e-01 1.884852057877250964e-01 1.774281080847099623e-01
4.420700322176649988e-01 4.239850915139586895e-01 4.151601768118496349e-01 4.188792211258836051e-01 4.635345312779979854e-01 5.281959355034270276e-01 4.996082828064169479e-01 5.484467633945048215e-01 4.984331438367561873e-01
5.747456571511107004e-01 5.381041357917146772e-01 5.182249007736132729e-01 5.222411236115698241e-01 5.922418093138416273e-01 6.217476825182013389e-01 6.312438858452564805e-01 6.606092730075583397e-01 6.199643766658964328e-01
1.083367527269498920e+00 1.048083123444878861e+00 1.024980960178651923e+00 1.025485580107901029e+00 1.094691173553004271e+00 1.154059032353986769e+00 1.006878587093588129e+00 1.120696732014906605e+00 1.094809039419512242e+00
6.668030391566732717e-01 6.351818661581460912e-01 6.176412995326603372e-01 6.040855798447766212e-01 5.806330846563013681e-01 5.985220852358803523e-01 5.187069646145696655e-01 5.374721038332641587e-01 4.597776848417782225e-01
1.325118882279791688e+00 1.273717866282989108e+00 1.234800883503734292e+00 1.200665595997685076e+00 1.134770014979194830e+00 1.075613964046851612e+00 9.170261824467127454e-01 1.131729124117850427e+00 9.484754407279136768e-01
8.327568010015550248e-01 8.027916592242740901e-01 7.845273642130603520e-01 7.880434571963645940e-01 8.587441602184655576e-01 8.904902832008123603e-01 8.205676067557410303e-01 9.053910949298356048e-01 8.968105082267581185e-01
9.504906805677746373e-01 9.714202199208439303e-01 9.798239297173035878e-01 9.718491690037062147e-01 9.276133433717701493e-01 9.982918213302426347e-01 9.000619760126092883e-01 9.799793793548706722e-01 9.529500028809223533e-01
8.583447099008243431e-01 8.305671976666050282e-01 8.296761742520861738e-01 8.627389356977318569e-01 9.979362729607265114e-01 9.309582851308484397e-01 8.864207054270443198e-01 9.024141361246549309e-01 8.984483906326414804e-01
5.643495277479289030e-01 5.381068568757824133e-01 5.280537688782469541e-01 5.402798571615052836e-01 6.232699848434367640e-01 6.563485337223921023e-01 6.159363280151183284e-01 6.617973658113890378e-01 6.113829118204537894e-01
8.455270692783967146e-01 7.079312801230228658e-01 5.938670819909571685e-01 5.339372316540972330e-01 5.730992321028961500e-01 6.017471204355195891e-01 5.220018334808501637e-01 6.430260353502560422e-01 5.806365265929133157e-01
7.083428076368386561e-01 7.023519812641791926e-01 6.996358569287624007e-01 6.946232356311523581e-01 6.808684614322686457e-01 7.612204682606613648e-01 7.710002167481304625e-01 7.505371936734647198e-01 6.943638522956203651e-01
5.435384754752075054e-01 5.377347350153025562e-01 5.368479051482767384e-01 5.391096774095666122e-01 5.585725379309184335e-01 6.465128700694086072e-01 5.769617004863498710e-01 6.148745714668950590e-01 5.672548125319963885e-01
4.907573697331718554e-01 4.573581518631383847e-01 4.381558734717179160e-01 4.322034789515746267e-01 4.506419084490291826e-01 4.799829155425582861e-01 4.772429932141724063e-01 4.679573281769372484e-01 5.862447861194147736e-01
5.475771313799913109e-01 5.176121094506873632e-01 4.989245851478553151e-01 5.038293215020646088e-01 5.807455600697815079e-01 5.994511324631435212e-01 6.125129760751151231e-01 7.714116626777507424e-01 6.544592210502104823e-01
6.406477447449949736e-01 6.200860697361718632e-01 6.063077972587780362e-01 6.000354810065985367e-01 6.113520144174610094e-01 6.655456721019398225e-01 6.147556268967697690e-01 6.633520792717139125e-01 6.448968688112898251e-01
8.817080490575157636e-01 8.228216681155121615e-01 7.827600250832428275e-01 7.684240462942192318e-01 8.137508971253765155e-01 9.024191224618509644e-01 7.850888763630375911e-01 8.920384955065804311e-01 8.266904938107714207e-01
1.388481823199712029e+00 1.312878296647966625e+00 1.234555640412293487e+00 1.164290160298856680e+00 1.040732691895156270e+00 8.992384323028251858e-01 1.059350549381671502e+00 9.178723890029700794e-01 1.072081602276267143e+00
6.085520219751113791e-01 5.748368675903680058e-01 5.446465110479890015e-01 5.247291391218501522e-01 5.230886744550429235e-01 5.887725702589126087e-01 5.639148025478138981e-01 5.126693013883452110e-01 5.330417617687250864e-01
3.591204089754920226e-01 3.493252998878922932e-01 3.509592444417481971e-01 3.695393586074854908e-01 4.460012338905403606e-01 4.078031146363270132e-01 3.899217028710929012e-01 4.301432829207434971e-01 4.732351152356065738e-01
