5.829268558619845469e-02 5.290199437950558053e-02 4.743959995178120143e-02 4.187879912555458189e-02 3.257493164132005403e-02 4.726356363358339557e-02 3.862748585594464462e-02 4.579615478552924446e-02 4.202895437390712086e-02
4.781839673772441540e-02 4.616776544605414451e-02 4.545034935903057710e-02 4.452238039976579714e-02 4.169366018075621599e-02 4.822311421516208008e-02 4.811516384239249849e-02 4.653502478619613719e-02 6.087334340013828005e-02
4.853611181572031058e-02 5.535407604923923974e-02 6.185218489909698886e-02 6.530870789680881527e-02 6.105978690719680857e-02 4.582456085273801938e-02 4.460837739912355826e-02 4.643131959018545474e-02 5.537771536255583354e-02
6.139482920137387389e-02 6.164229348795015329e-02 6.395322000418025843e-02 6.524767610262835471e-02 6.337498020757940942e-02 8.643900509603279214e-02 8.516508340201404959e-02 6.342953904327829073e-02 1.476682915251896488e-01
3.755283268201405067e-02 2.583836124392798264e-02 2.051633400551784725e-02 2.565847937024669234e-02 5.947369458376987328e-02 4.835395271624290392e-02 1.132680342083145983e-02 1.331813904031243709e-02 1.258154858806179166e-02
2.203655288160538683e-02 2.228775448935065712e-02 2.438879428239129621e-02 2.545936205281999765e-02 2.255673773727201112e-02 2.692149104724256975e-02 2.805612190319524760e-02 3.234427140742494877e-02 3.019081012223955029e-02
2.684849333952624845e-02 2.656874028724648742e-02 2.877792844944787945e-02 3.041066268962532015e-02 2.890074632350001990e-02 3.033128710111934051e-02 3.470011468928658332e-02 3.293654843652961406e-02 4.038871147407281648e-02
6.112117953103861356e-02 6.262445806931492276e-02 6.676843943946200732e-02 7.204790016747784909e-02 8.269049890496600608e-02 7.643281114618662164e-02 5.338601674932504093e-02 5.529140647913790424e-02 5.829526501685471790e-02
5.250525424200526425e-02 5.349891333406305016e-02 6.065666778884616639e-02 6.842391761435222264e-02 7.594144448248452139e-02 4.229886137456107670e-02 3.353871963159377190e-02 3.966493823298555127e-02 2.928110967454879143e-02
8.394258576434876495e-02 8.892179596763616356e-02 9.480420661805781524e-02 9.374645496906298947e-02 6.841642961956284630e-02 5.325330896121757002e-02 4.573380698249960435e-02 8.020808451374067394e-02 4.759724672960010533e-02
5.015004768035474791e-02 4.858033937514159850e-02 4.799688499057326585e-02 4.721558451660294586e-02 4.368122747207189849e-02 4.202865144800975450e-02 4.037522179556456148e-02 4.348986009427806970e-02 6.016609348192591966e-02
5.419344941898343593e-02 6.279966088757837905e-02 6.876929042193470620e-02 6.830893912576399551e-02 5.000783844269293676e-02 4.702705457272421397e-02 4.283084561656295974e-02 4.618092240411493521e-02 4.975317271707650757e-02
4.204887441242922269e-02 4.310930763681596056e-02 5.145103543262302681e-02 6.323461777277231133e-02 8.566078724071074513e-02 5.216141478789983882e-02 5.454716690625718151e-02 4.945051496538471064e-02 4.638325087369513100e-02
3.659735534097906251e-02 3.444000322800232911e-02 3.480432051129781629e-02 3.546818435823449051e-02 3.461794016605149876e-02 3.293043139590849655e-02 3.097921606846752718e-02 3.648139910749124276e-02 3.192812399650145350e-02
8.088513103318281661e-02 6.139880311415581854e-02 4.477888394738004096e-02 3.409846583809506004e-02 3.016176460295484293e-02 3.334952794264381404e-02 2.678497551768553933e-02 4.064049569565197223e-02 3.249308276408446883e-02
3.914224966098726194e-02 4.517596712515844354e-02 5.161396024109769082e-02 5.267888574468739676e-02 3.767892656741660823e-02 5.585687536959919874e-02 5.556417060386160955e-02 3.682863181713653261e-02 3.793416650659277300e-02
3.708682388369165250e-02 4.655134537277815648e-02 5.418583751341093935e-02 5.419197987030863889e-02 3.397723562931483782e-02 4.511951957358289328e-02 3.307478482959658878e-02 3.649411686504479280e-02 3.035593635137187954e-02
4.076275252453488707e-02 3.503948819271135440e-02 3.266826257805986039e-02 3.100898102371011517e-02 2.650510019601781328e-02 2.715546644821222391e-02 3.096505733508808644e-02 2.087373792991766702e-02 1.285318985954828630e-01
3.068610997536447282e-02 3.149861648970620626e-02 3.266611363352451419e-02 3.342876937709171603e-02 3.251575251775425113e-02 2.647461442561438102e-02 3.468231886081142579e-02 6.959921167274941978e-02 3.581762913414874433e-02
4.047968169611326078e-02 4.038780650176387182e-02 4.245298128808013688e-02 4.259747504426605880e-02 3.345349975340811827e-02 3.318566516712391501e-02 3.796842358173129622e-02 3.698292732617867312e-02 3.793259189723947877e-02
4.204755154166391062e-02 4.207735098967508441e-02 4.485579379402256095e-02 4.582634696223107651e-02 4.122637246196141775e-02 5.870132342970089956e-02 3.738574520187665229e-02 7.907062385989852005e-02 4.950706578345902970e-02
1.043340035289976458e-01 1.066707480233237415e-01 1.060593613061229512e-01 9.893260283808380517e-02 6.373876117627780280e-02 3.583546737214095279e-02 1.028762704421647134e-01 4.717436626044688858e-02 8.758774775480734909e-02
4.930793887024677996e-02 4.599709009700410356e-02 4.253046926378600823e-02 3.840663657974963119e-02 3.011436939921293549e-02 4.549710014157770654e-02 4.100599378077706553e-02 2.636629806574136703e-02 4.818386206888407991e-02
2.026661416610733499e-02 2.023549859814154778e-02 2.203842658510624802e-02 2.549388102933559247e-02 3.448843704298323182e-02 2.396844539197094323e-02 2.802888947803601483e-02 3.007872534320784469e-02 4.480598809038400382e-02
