2.168262926397508672e-02 2.163666276079813031e-02 2.203361426407979620e-02 2.224896095713663896e-02 2.140198552071071597e-02 2.081314442063671513e-02 2.708632891994984873e-02 3.026797385340794511e-02 2.388241004909778809e-02 5.829268558619845469e-02 5.290199437950558053e-02 4.743959995178120143e-02 4.187879912555458189e-02 3.257493164132005403e-02 4.726356363358339557e-02 3.862748585594464462e-02 4.579615478552924446e-02 4.202895437390712086e-02
2.878334954827751341e-02 3.029910538583342056e-02 3.164885188814559047e-02 3.189127448540789167e-02 2.862544286018177397e-02 2.595752809031126596e-02 2.980493328518418403e-02 2.994420663880854178e-02 2.722217676015829466e-02 4.781839673772441540e-02 4.616776544605414451e-02 4.545034935903057710e-02 4.452238039976579714e-02 4.169366018075621599e-02 4.822311421516208008e-02 4.811516384239249849e-02 4.653502478619613719e-02 6.087334340013828005e-02
1.191556591623597755e-01 8.419427474774880682e-02 5.512585713986946356e-02 3.652105290865987480e-02 2.776529796313302254e-02 3.059575459083486992e-02 3.184662708901880857e-02 3.103327373154780855e-02 3.529188243906480893e-02 4.853611181572031058e-02 5.535407604923923974e-02 6.185218489909698886e-02 6.530870789680881527e-02 6.105978690719680857e-02 4.582456085273801938e-02 4.460837739912355826e-02 4.643131959018545474e-02 5.537771536255583354e-02
2.338810919908892311e-02 2.653267621009395422e-02 3.070275559101430865e-02 3.224440711571260193e-02 2.589840235725106993e-02 2.390259962495217341e-02 3.125194159512103415e-02 3.080688763918349588e-02 2.465811156225662312e-02 6.139482920137387389e-02 6.164229348795015329e-02 6.395322000418025843e-02 6.524767610262835471e-02 6.337498020757940942e-02 8.643900509603279214e-02 8.516508340201404959e-02 6.342953904327829073e-02 1.476682915251896488e-01
1.619627807075454951e-02 1.815142214062044970e-02 1.962229172129458660e-02 2.001445953292945931e-02 1.747135012016987413e-02 1.312061497990405119e-02 9.933045157451022428e-03 1.133053273269672007e-02 1.955831998599652857e-02 3.755283268201405067e-02 2.583836124392798264e-02 2.051633400551784725e-02 2.565847937024669234e-02 5.947369458376987328e-02 4.835395271624290392e-02 1.132680342083145983e-02 1.331813904031243709e-02 1.258154858806179166e-02
7.286693054669562616e-03 7.068682138376952001e-03 8.625300802125599256e-03 1.174715793759703586e-02 1.837014747014669228e-02 2.892593592690619400e-03 8.729769374498073942e-02 1.522499482870789782e-02 1.574053939561477142e-02 2.203655288160538683e-02 2.228775448935065712e-02 2.438879428239129621e-02 2.545936205281999765e-02 2.255673773727201112e-02 2.692149104724256975e-02 2.805612190319524760e-02 3.234427140742494877e-02 3.019081012223955029e-02
1.631141982743092300e-02 1.627420074447243417e-02 1.600945036680072667e-02 1.437120730013569103e-02 1.015522819361455026e-02 3.731703614460071122e-02 1.992730217209320517e-02 1.626600711572151470e-02 1.746643300984683511e-02 2.684849333952624845e-02 2.656874028724648742e-02 2.877792844944787945e-02 3.041066268962532015e-02 2.890074632350001990e-02 3.033128710111934051e-02 3.470011468928658332e-02 3.293654843652961406e-02 4.038871147407281648e-02
6.397737854151568093e-02 6.747318346187358706e-02 7.057383006244723200e-02 7.030880476314298189e-02 5.837670572466537033e-02 4.772090516694948992e-02 5.203394440319096537e-02 5.727340247334510720e-02 5.153299283987231721e-02 6.112117953103861356e-02 6.262445806931492276e-02 6.676843943946200732e-02 7.204790016747784909e-02 8.269049890496600608e-02 7.643281114618662164e-02 5.338601674932504093e-02 5.529140647913790424e-02 5.829526501685471790e-02
3.336185108076333145e-02 3.169928471906769546e-02 2.997313876812004313e-02 2.798200475848090091e-02 2.579827024428628379e-02 3.932706317031728349e-02 1.287399117333398735e-02 1.430377409478309284e-02 1.917741131440161770e-02 5.250525424200526425e-02 5.349891333406305016e-02 6.065666778884616639e-02 6.842391761435222264e-02 7.594144448248452139e-02 4.229886137456107670e-02 3.353871963159377190e-02 3.966493823298555127e-02 2.928110967454879143e-02
1.021102243395303338e-01 1.096667796996970978e-01 1.124054945599313321e-01 1.058116642355906717e-01 7.161810375125345074e-02 7.938205696951709800e-02 5.913922642687749476e-02 7.536882523422350211e-02 4.923398905869188352e-02 8.394258576434876495e-02 8.892179596763616356e-02 9.480420661805781524e-02 9.374645496906298947e-02 6.841642961956284630e-02 5.325330896121757002e-02 4.573380698249960435e-02 8.020808451374067394e-02 4.759724672960010533e-02
3.171035481140324630e-02 3.364499990677583680e-02 3.562815234422142541e-02 3.613933428999210190e-02 3.224027673687288043e-02 3.191990870427521138e-02 2.642404505312720420e-02 3.633927810283239801e-02 3.183778351421916869e-02 5.015004768035474791e-02 4.858033937514159850e-02 4.799688499057326585e-02 4.721558451660294586e-02 4.368122747207189849e-02 4.202865144800975450e-02 4.037522179556456148e-02 4.348986009427806970e-02 6.016609348192591966e-02
3.353529699320727253e-02 3.587199231685310463e-02 4.003630434475227706e-02 4.280749574543792763e-02 4.133865568995614970e-02 3.854471193497723686e-02 3.800188674454210713e-02 7.360215699052002902e-02 3.977562503029186819e-02 5.419344941898343593e-02 6.279966088757837905e-02 6.876929042193470620e-02 6.830893912576399551e-02 5.000783844269293676e-02 4.702705457272421397e-02 4.283084561656295974e-02 4.618092240411493521e-02 4.975317271707650757e-02
3.743748386461264593e-02 3.338520021085535777e-02 3.273318167991706718e-02 3.268483369058693827e-02 3.215666561581197874e-02 4.777016918386783884e-02 3.487394998269100627e-02 3.446450817356540297e-02 3.576647007019969488e-02 4.204887441242922269e-02 4.310930763681596056e-02 5.145103543262302681e-02 6.323461777277231133e-02 8.566078724071074513e-02 5.216141478789983882e-02 5.454716690625718151e-02 4.945051496538471064e-02 4.638325087369513100e-02
2.404089370836418743e-02 3.337443308809221604e-02 4.103820141434186275e-02 4.136604697221846899e-02 2.159805972628213791e-02 3.847747504454404610e-02 2.161473512545750500e-02 1.951939768942106274e-02 2.246473453099755851e-02 3.659735534097906251e-02 3.444000322800232911e-02 3.480432051129781629e-02 3.546818435823449051e-02 3.461794016605149876e-02 3.293043139590849655e-02 3.097921606846752718e-02 3.648139910749124276e-02 3.192812399650145350e-02
5.033280652405749261e-02 5.400481801571440504e-02 5.479899541384240791e-02 5.101115749422186624e-02 3.163221279729119123e-02 1.569570537004262231e-02 2.190630631952796004e-02 1.184832354932832676e-02 3.943214854812842479e-02 8.088513103318281661e-02 6.139880311415581854e-02 4.477888394738004096e-02 3.409846583809506004e-02 3.016176460295484293e-02 3.334952794264381404e-02 2.678497551768553933e-02 4.064049569565197223e-02 3.249308276408446883e-02
1.212920935738757422e-01 7.495727085701643644e-02 3.994371138504720226e-02 1.933213247508053581e-02 1.415977062209473718e-02 2.268724898276670496e-02 2.071915310984284372e-02 2.418780995666273970e-02 2.052923681715067283e-02 3.914224966098726194e-02 4.517596712515844354e-02 5.161396024109769082e-02 5.267888574468739676e-02 3.767892656741660823e-02 5.585687536959919874e-02 5.556417060386160955e-02 3.682863181713653261e-02 3.793416650659277300e-02
1.718253034911276789e-02 1.968234279049829033e-02 2.234014372431413625e-02 2.397523097571256645e-02 2.267022596776000279e-02 1.488633792869648205e-02 2.559393217612402488e-02 1.497245219820312820e-02 1.391244181400872956e-02 3.708682388369165250e-02 4.655134537277815648e-02 5.418583751341093935e-02 5.419197987030863889e-02 3.397723562931483782e-02 4.511951957358289328e-02 3.307478482959658878e-02 3.649411686504479280e-02 3.035593635137187954e-02
1.155853443590382224e-01 7.623122993834199890e-02 4.814888241101600991e-02 3.037778926364527454e-02 1.683322413201602391e-02 1.461736345642853513e-02 2.451494402611624837e-02 1.013156481599112452e-02 1.197491432271731784e-02 4.076275252453488707e-02 3.503948819271135440e-02 3.266826257805986039e-02 3.100898102371011517e-02 2.650510019601781328e-02 2.715546644821222391e-02 3.096505733508808644e-02 2.087373792991766702e-02 1.285318985954828630e-01
6.698410031590971286e-03 8.309050347810608556e-03 1.164900306331639532e-02 1.406093023247193333e-02 1.387830383253636779e-02 1.427238937496634434e-02 1.596991432178678297e-02 1.878844774638985249e-02 2.066429278862097138e-02 3.068610997536447282e-02 3.149861648970620626e-02 3.266611363352451419e-02 3.342876937709171603e-02 3.251575251775425113e-02 2.647461442561438102e-02 3.468231886081142579e-02 6.959921167274941978e-02 3.581762913414874433e-02
9.071440259549692561e-03 1.021598051011129819e-02 1.419962019660432617e-02 1.756221173003156416e-02 1.900835162676918835e-02 1.876714816595070889e-02 1.722436456851874492e-02 1.633534660122559073e-02 2.269791672060134449e-02 4.047968169611326078e-02 4.038780650176387182e-02 4.245298128808013688e-02 4.259747504426605880e-02 3.345349975340811827e-02 3.318566516712391501e-02 3.796842358173129622e-02 3.698292732617867312e-02 3.793259189723947877e-02
4.381297318396577822e-02 4.573796805567548890e-02 4.961514058611146694e-02 5.025960245197159254e-02 4.018041191820975050e-02 4.844759166217177393e-02 4.344659185966866233e-02 5.127931418072082664e-02 2.947410875927597776e-02 4.204755154166391062e-02 4.207735098967508441e-02 4.485579379402256095e-02 4.582634696223107651e-02 4.122637246196141775e-02 5.870132342970089956e-02 3.738574520187665229e-02 7.907062385989852005e-02 4.950706578345902970e-02
1.028645125038917391e-01 1.082981750160713907e-01 1.116933170361546768e-01 1.095393385076094683e-01 9.093147852937165376e-02 8.025221859389468360e-02 5.238879968769897394e-02 7.638211655891542773e-02 3.705188846547605164e-02 1.043340035289976458e-01 1.066707480233237415e-01 1.060593613061229512e-01 9.893260283808380517e-02 6.373876117627780280e-02 3.583546737214095279e-02 1.028762704421647134e-01 4.717436626044688858e-02 8.758774775480734909e-02
5.363740772394128692e-02 4.869926125264531502e-02 4.318242297393845575e-02 3.718739248988291168e-02 2.426831497354952141e-02 1.618850063728331096e-02 1.352882012779127452e-02 2.238672967552934878e-02 1.608948483332876475e-02 4.930793887024677996e-02 4.599709009700410356e-02 4.253046926378600823e-02 3.840663657974963119e-02 3.011436939921293549e-02 4.549710014157770654e-02 4.100599378077706553e-02 2.636629806574136703e-02 4.818386206888407991e-02
1.804524483786661138e-02 1.934961364829234504e-02 1.970861385543748803e-02 1.815072717902208727e-02 1.005796866198268961e-02 7.136499963175624468e-03 9.350775513021814672e-03 1.073874671494582170e-02 1.006335571369681645e-02 2.026661416610733499e-02 2.023549859814154778e-02 2.203842658510624802e-02 2.549388102933559247e-02 3.448843704298323182e-02 2.396844539197094323e-02 2.802888947803601483e-02 3.007872534320784469e-02 4.480598809038400382e-02
