3.355895650677898773e-02 6.443638004483487336e-02 3.186911723194370272e-02 3.577504639021186761e-02 1.913072917191640382e-02 1.464845976636871931e-02 2.131880073813140555e-02 1.811198769293842492e-02 1.887584234825554277e-02
3.400796648783620257e-02 3.339248956606881424e-02 4.011374416906506729e-02 5.173826461359885831e-02 2.121960537744416869e-02 1.256428959895245813e-02 1.333647029335401600e-02 1.281250396098789629e-02 1.876499380660064456e-02
2.934199610399723310e-02 3.638375489026105664e-02 3.449711884590768440e-02 8.344742266464851010e-02 2.826197937599357266e-02 1.838022811749896734e-02 2.115775865102573552e-02 2.878788331536728112e-02 2.022943663067939407e-02
2.669026952083748683e-02 1.860441281921699011e-02 2.298330599323625961e-02 2.696644793158238518e-02 1.661943263354437317e-02 1.671567001769080560e-02 1.794755322551148946e-02 1.951883803912562651e-02 1.982732521782026164e-02
3.803394745527247794e-02 2.939621033601896513e-02 4.022051776778730325e-02 2.801084660767763287e-02 2.535420099458618459e-02 2.002869759062398877e-02 1.945755083063080426e-02 1.673752280627047520e-02 2.249084608438573635e-02
2.033237353672119260e-02 3.600803163109153604e-02 6.134084220369683677e-02 4.502594945935601417e-02 1.945811065955888042e-02 5.365093045483771556e-02 3.426334138552217246e-02 2.119705811935152992e-02 1.719264964595372189e-02
3.224608962031250831e-02 2.481565305347142869e-02 2.575228251970712243e-02 4.928434719002119935e-02 2.554324240154403833e-02 2.418582339950508739e-02 2.177793063643193236e-02 2.825211528233935801e-02 2.122841681532229227e-02
3.431321470298340920e-02 2.354567808252683997e-02 3.811025907297906079e-02 2.233860301423621145e-02 1.601257016689887000e-02 1.343479416028687395e-02 4.100831685902453505e-02 2.446683514468584592e-02 1.692514212420628827e-02
4.514234220879009135e-02 2.042534160726694123e-02 3.183872631213572474e-02 4.731125682888662892e-02 2.457963310897203976e-02 1.790547590349914064e-02 2.006613949951229978e-02 1.909858540364903212e-02 2.278355148598291274e-02
3.112406898007029701e-02 2.337424104638909442e-02 5.255381992402487906e-02 5.276624393288704279e-02 2.903690300354626677e-02 2.065940001330511533e-02 2.219067060027982152e-02 1.912613406043272082e-02 2.565883908487624071e-02
3.720558698731943337e-02 4.228435521067309966e-02 4.398484670759351262e-02 5.319536830595703730e-02 2.652823353745229623e-02 1.571082632698065848e-02 1.840738032682484593e-02 2.002425989561695818e-02 2.394774295446765525e-02
2.834574564110038317e-02 2.326771528877203885e-02 4.672925578317523726e-02 6.005469916166979866e-02 3.177938818591313080e-02 1.553313951617625935e-02 3.300853446661203977e-02 2.666109568660939705e-02 2.044899859502050804e-02
3.392392659693561907e-02 2.116497838431454989e-02 3.885858069121664315e-02 2.689017059837625276e-02 2.879727108792280374e-02 1.696400949450279846e-02 1.974388711599473281e-02 2.633454965038076537e-02 2.636784115007201335e-02
3.127493071061358126e-02 3.278746065994889158e-02 3.610742553016940692e-02 3.055375631795560071e-02 2.413582718333085256e-02 1.812689009223011904e-02 1.772544814694830551e-02 2.577627585210902697e-02 1.956824905026625580e-02
2.407112166016450727e-02 2.772977762050671258e-02 3.538626289374830619e-02 5.172198315653130096e-02 2.430276820672614899e-02 1.440216093853743939e-02 1.902464969749018131e-02 1.852534646400376406e-02 2.061133503639444448e-02
4.117259087323899697e-02 2.140120390941296566e-02 2.011238767860375545e-02 2.992184459318373430e-02 1.553948702433589207e-02 1.188341919797131566e-02 1.582750315507525790e-02 1.684613279412455755e-02 1.931353201729663072e-02
2.160301631827125923e-02 2.747701819917135538e-02 3.312068252373797511e-02 2.145648918496514956e-02 2.662227632259044768e-02 1.538410762354437342e-02 1.630316726095554572e-02 1.771758291908149055e-02 2.263351684024894964e-02
2.905604916926838102e-02 4.514693074710298543e-02 3.956297347942644427e-02 4.242063843663273354e-02 2.948745616001942349e-02 1.751197232712799201e-02 2.930946812544583252e-02 2.400515583616462736e-02 2.198028486880389265e-02
2.827394942296577313e-02 3.003791159480110468e-02 2.216541276432572316e-02 2.439006367767462477e-02 2.213734068335567601e-02 1.208983438427061775e-02 1.719957879015841795e-02 1.961195321109580197e-02 2.082164493233677749e-02
3.226437442545981860e-02 2.620847121535542154e-02 3.403276766472588394e-02 2.319751839478366093e-02 1.361637304331237384e-02 1.615206678246826691e-02 1.688451716919072559e-02 1.936582041718506314e-02 1.680909798207668934e-02
