6.459991153368616068e-02 -1.007396800623652888e+00 1.618857290343669875e-01
1.657091156726733516e-01 -4.954470161590798227e-01 3.616609785978808778e-01
8.640957980573991115e-01 -9.672706334884784152e-02 9.644056599633733518e-01
1.946343439904994477e-01 -5.977998336195180507e-01 4.561188667821070020e-01
-1.103474718186393089e+00 -1.289478770776818772e-01 -5.500169542822131996e-01
-1.059384507093340755e+00 -4.066222580890351823e-01 2.348184889993298885e+00
-5.997598502563542544e-01 -2.803032353500737317e-01 -3.334693039662439129e-01
1.833618341072084545e+00 -9.795514317150988415e-01 1.363927503449087197e+00
-8.547733758870823539e-01 1.118694474772796266e+00 -6.993460191317495411e-01
2.017493877916944456e+00 1.536447693176079099e+00 -5.145704260376076089e-01
5.901855541206957323e-01 -8.482608212863401720e-01 -9.576647696176501245e-01
1.029524845195267879e+00 -1.329635066093893592e+00 -5.346732327769813109e-01
7.077195206302598907e-01 -9.986775519193386019e-01 -4.679305830467726801e-02
-4.390346476866314185e-01 -5.916154845983109256e-01 -8.091080637498644368e-01
-4.444541153327341010e-01 1.485912532075398307e+00 2.546496302773562093e+00
-1.037798152834798343e-01 5.614094199467942192e-02 -9.817484374173434114e-01
-7.523260012658343765e-01 -6.814869968904946340e-02 9.261619441531802888e-02
-1.066191687273301048e+00 1.371170453592485794e+00 3.302690229684230316e-01
-6.750978183374574115e-01 -8.782867112621410843e-01 -6.649844768975057274e-01
-5.555946447258209853e-01 -5.619774824755799925e-01 6.810044468542343354e-01
7.256301778123708246e-01 -2.528556260273074341e-01 -9.774377636742843656e-01
1.775883963191162929e+00 2.533952338290669903e+00 -3.778687816275785871e-01
-8.548916785373477101e-01 8.322547079212785359e-01 -8.786114534219851002e-01
-1.460332589327266728e+00 5.876798175115615086e-01 -9.802768539259799629e-01
