5.250000000000000000e+00 1.707487368538797575e-05 8.571248359131474728e-07
5.750000000000000000e+00 8.472637165923381980e-06 5.455870021921255824e-07
6.250000000000000000e+00 5.000687293596273715e-06 4.377333642221861287e-07
6.750000000000000000e+00 2.276076476068786604e-06 1.458476963177142028e-07
7.250000000000000000e+00 1.258666064844591848e-06 7.290855644397532230e-08
7.750000000000000000e+00 7.437822321059053802e-07 5.471418120677529178e-08
8.250000000000000000e+00 4.911005530159704269e-07 4.319253110219029101e-08
8.750000000000000000e+00 2.942594194905887769e-07 2.628193528107353939e-08
9.250000000000000000e+00 1.932629163934639444e-07 1.562186083015438731e-08
9.750000000000000000e+00 1.210702047583494815e-07 7.662424116435083424e-09
1.100000000000000000e+01 5.636966928058960141e-08 1.938393652289995644e-09
1.300000000000000000e+01 1.522455835502838100e-08 6.464309278726952785e-10
1.500000000000000000e+01 4.924778332405065094e-09 1.984419438291609142e-10
1.700000000000000000e+01 1.767779924542923617e-09 7.545534257090157950e-11
1.900000000000000000e+01 5.571363147618781990e-10 2.852997760048218874e-11
