5.250000000000000000e+00 3.008216992120987888e-05 1.158184581224958034e-06
5.750000000000000000e+00 1.491595792956674314e-05 7.049402997318827197e-07
6.250000000000000000e+00 8.378397030373786039e-06 4.438080048148645027e-07
6.750000000000000000e+00 4.363395455047588580e-06 3.098884465990722627e-07
7.250000000000000000e+00 2.610299740615565237e-06 1.423590476798201429e-07
7.750000000000000000e+00 1.435517677750950106e-06 7.211295233067855557e-08
8.250000000000000000e+00 8.526001262381820965e-07 4.377625663312591020e-08
8.750000000000000000e+00 5.420778799048946973e-07 3.301324302549413719e-08
9.250000000000000000e+00 3.528761206733171584e-07 1.982343818761912682e-08
9.750000000000000000e+00 2.593727762121230274e-07 1.734656739880743468e-08
1.100000000000000000e+01 1.082366656891790211e-07 4.848362831439046099e-09
1.300000000000000000e+01 2.575851701654796732e-08 9.206521082833620121e-10
1.500000000000000000e+01 7.494425429533584544e-09 2.541221114385878927e-10
1.700000000000000000e+01 2.817024288857439140e-09 1.575623887000296710e-10
1.900000000000000000e+01 1.005619956288797225e-09 4.939634922185408390e-11
