5.250000000000000000e+00 1.162184650718088779e-05 6.407934613696632479e-07
5.750000000000000000e+00 6.308964899269695196e-06 4.940404192477993100e-07
6.250000000000000000e+00 3.165232884510809208e-06 2.125214933650541960e-07
6.750000000000000000e+00 1.687061953699373781e-06 1.604056968975428416e-07
7.250000000000000000e+00 8.921363079076117816e-07 5.718588245529766807e-08
7.750000000000000000e+00 5.909944224766766056e-07 4.301324238297283841e-08
8.250000000000000000e+00 3.180023500151488832e-07 1.909676249377788550e-08
8.750000000000000000e+00 2.248975756595800827e-07 1.138894752763220171e-08
9.250000000000000000e+00 1.580736131281260837e-07 9.095389738011000418e-09
9.750000000000000000e+00 1.067344102033491581e-07 7.046844082055307678e-09
1.100000000000000000e+01 4.810891272991787983e-08 2.931289687896684204e-09
1.300000000000000000e+01 1.246994109487792848e-08 5.724767403652321148e-10
1.500000000000000000e+01 4.075816276781121014e-09 1.654205538058001248e-10
1.700000000000000000e+01 1.409914905754579980e-09 5.871247997253549073e-11
1.900000000000000000e+01 5.384633242225516001e-10 2.592630751196890824e-11
