5.250000000000000000e+00 1.733348775260880808e-05 7.800587424569924872e-07
5.750000000000000000e+00 9.177739937306920431e-06 5.587351955346027529e-07
6.250000000000000000e+00 4.954940732056058903e-06 3.228888416284943499e-07
6.750000000000000000e+00 2.920056619219086423e-06 2.893758205735249420e-07
7.250000000000000000e+00 1.515145867030311869e-06 9.673751151596744840e-08
7.750000000000000000e+00 8.419283165137092317e-07 4.691650095985618927e-08
8.250000000000000000e+00 5.302970257701426168e-07 3.217020076354783192e-08
8.750000000000000000e+00 3.310154801173709970e-07 1.968997009315401008e-08
9.250000000000000000e+00 2.256758018900015073e-07 1.157616627487559555e-08
9.750000000000000000e+00 1.499809132432088086e-07 7.836077012107132814e-09
1.100000000000000000e+01 6.754488633298067915e-08 2.506690725237409499e-09
1.300000000000000000e+01 1.630171218042794741e-08 5.088670962371865445e-10
1.500000000000000000e+01 5.257423428499977447e-09 2.010386424436355378e-10
1.700000000000000000e+01 1.893101628138274966e-09 8.220384970165904681e-11
1.900000000000000000e+01 6.604754852900569059e-10 2.836009320416632296e-11
