5.250000000000000000e+00 1.946614724109254472e-05 9.168198688267547909e-07
5.750000000000000000e+00 9.241407066113105319e-06 5.230144888763061386e-07
6.250000000000000000e+00 5.144303699766798597e-06 3.611199733542514148e-07
6.750000000000000000e+00 2.514361933910767830e-06 1.479010962473714454e-07
7.250000000000000000e+00 1.331045764467518602e-06 8.209955852421782391e-08
7.750000000000000000e+00 7.969725853593485686e-07 4.718684500282610343e-08
8.250000000000000000e+00 5.103603423018022283e-07 3.428101364320911478e-08
8.750000000000000000e+00 3.024432920660495952e-07 1.410944608728222455e-08
9.250000000000000000e+00 2.153770439466782546e-07 1.173868396445369686e-08
9.750000000000000000e+00 1.216003301503057413e-07 6.393816926288555493e-09
1.100000000000000000e+01 5.901265231361989317e-08 1.938096032577494430e-09
1.300000000000000000e+01 1.643540096764009560e-08 8.432489357212396318e-10
1.500000000000000000e+01 5.258787952463323559e-09 2.506066156381984759e-10
1.700000000000000000e+01 1.681993012685106300e-09 6.842957959598516852e-11
1.900000000000000000e+01 6.838636765443697649e-10 4.019751089152734585e-11
