5.250000000000000000e+00 1.143798904764490313e-05 6.830541158389720160e-07
5.750000000000000000e+00 6.223112514578294008e-06 4.876330463635323708e-07
6.250000000000000000e+00 2.618403863092824148e-06 1.915906082580275892e-07
6.750000000000000000e+00 1.782145588722426397e-06 2.151687324080438484e-07
7.250000000000000000e+00 7.637444046998167378e-07 4.852420396540408784e-08
7.750000000000000000e+00 5.390128931780940964e-07 4.909270011436660552e-08
8.250000000000000000e+00 3.243978881923949394e-07 2.329928843368164145e-08
8.750000000000000000e+00 2.125751861509660691e-07 1.653755545537199577e-08
9.250000000000000000e+00 1.260411428650038588e-07 8.017640302774096313e-09
9.750000000000000000e+00 8.152750471577268635e-08 4.656624827739480618e-09
1.100000000000000000e+01 4.504994892455442799e-08 3.795637744229875949e-09
1.300000000000000000e+01 1.027415732253422173e-08 3.519205287852656188e-10
1.500000000000000000e+01 3.263038932267321420e-09 9.928532746800455814e-11
1.700000000000000000e+01 1.281586093288058932e-09 6.384522174746593285e-11
1.900000000000000000e+01 4.567915459834545597e-10 2.219360141437934372e-11
