5.250000000000000000e+00 1.278683734396929597e-05 7.307263948706856818e-07
5.750000000000000000e+00 6.376019612351284061e-06 3.867192592067878177e-07
6.250000000000000000e+00 2.952285211846070632e-06 2.451456913986235329e-07
6.750000000000000000e+00 2.021535477577323137e-06 2.222669312630807329e-07
7.250000000000000000e+00 9.336856049376363888e-07 7.697501117733448656e-08
7.750000000000000000e+00 6.008331161803102211e-07 5.943954375623834557e-08
8.250000000000000000e+00 3.567902776278245854e-07 3.832959727020270320e-08
8.750000000000000000e+00 1.906944746723101928e-07 9.238601940937836578e-09
9.250000000000000000e+00 1.394026916940576440e-07 8.115714533388031705e-09
9.750000000000000000e+00 9.774204691800193108e-08 6.537501237467369377e-09
1.100000000000000000e+01 3.970773049763656870e-08 1.397974852981981742e-09
1.300000000000000000e+01 1.216377951795958808e-08 5.021275459041508285e-10
1.500000000000000000e+01 3.927382177748642602e-09 2.286095527710047344e-10
1.700000000000000000e+01 1.254105344576089964e-09 5.115420951030528356e-11
1.900000000000000000e+01 4.641594113576218497e-10 2.820546719801099835e-11
