5.250000000000000000e+00 1.151701404497065458e-05 5.763320869637177937e-07
5.750000000000000000e+00 6.133543083431614449e-06 3.976565220380647723e-07
6.250000000000000000e+00 3.059551875194923797e-06 2.662343484394455820e-07
6.750000000000000000e+00 1.602118134402948829e-06 9.860367563991716535e-08
7.250000000000000000e+00 9.323031204967949274e-07 7.414990923345462811e-08
7.750000000000000000e+00 5.492865724913952287e-07 4.505946731084923979e-08
8.250000000000000000e+00 3.410254609889296792e-07 2.397574455229945909e-08
8.750000000000000000e+00 2.479792530708716879e-07 2.164574435192948593e-08
9.250000000000000000e+00 1.478844306986652275e-07 1.264158680197922710e-08
9.750000000000000000e+00 9.055562906661621431e-08 5.135222543412183842e-09
1.100000000000000000e+01 4.245383373416592669e-08 2.473979840424459338e-09
1.300000000000000000e+01 1.215696208364637502e-08 5.458974548488653983e-10
1.500000000000000000e+01 4.435680318613250220e-09 3.896791155172164739e-10
1.700000000000000000e+01 1.245875399232722386e-09 4.672710112465643826e-11
1.900000000000000000e+01 4.931824334942183396e-10 2.877996110051520419e-11
