5.250000000000000000e+00 1.787851204882596521e-05 8.123489089758668712e-07
5.750000000000000000e+00 9.649292243249211505e-06 5.804910043420011671e-07
6.250000000000000000e+00 4.847231831503300941e-06 2.229553773093372708e-07
6.750000000000000000e+00 2.891776285796904103e-06 2.701217425827658730e-07
7.250000000000000000e+00 1.587698530317169182e-06 1.003211652241131836e-07
7.750000000000000000e+00 9.605429450662180575e-07 7.647231753901123902e-08
8.250000000000000000e+00 5.957824645460918785e-07 4.002981332781722720e-08
8.750000000000000000e+00 3.947497779031869926e-07 3.014553459533793525e-08
9.250000000000000000e+00 2.410297595443365196e-07 1.287821309544892970e-08
9.750000000000000000e+00 1.830302671475670435e-07 2.035959763176873081e-08
1.100000000000000000e+01 6.796423219498201490e-08 2.435812507801083756e-09
1.300000000000000000e+01 1.709890295534744584e-08 5.200907671690544116e-10
1.500000000000000000e+01 5.829635473248926418e-09 2.345454492633832350e-10
1.700000000000000000e+01 1.930184763309840132e-09 1.132399879145277578e-10
1.900000000000000000e+01 7.358682569120324789e-10 4.575135307900895375e-11
