5.250000000000000000e+00 9.531817920976632107e-06 6.526601451106895961e-07
5.750000000000000000e+00 3.820347376642008190e-06 3.000431181554854574e-07
6.250000000000000000e+00 2.379374862639249530e-06 3.229817775470096802e-07
6.750000000000000000e+00 1.087521299461421450e-06 8.888292356284544043e-08
7.250000000000000000e+00 6.154472193399890118e-07 5.631856070285879593e-08
7.750000000000000000e+00 3.517556360172100880e-07 3.232234440349174157e-08
8.250000000000000000e+00 1.908314429082301631e-07 1.043820780511718143e-08
8.750000000000000000e+00 1.278336506175976417e-07 7.560944102878559802e-09
9.250000000000000000e+00 1.058139731709967533e-07 1.418327568210452537e-08
9.750000000000000000e+00 6.297436008274300992e-08 5.137182389318597081e-09
1.100000000000000000e+01 2.744285800021356549e-08 1.224132679296948526e-09
1.300000000000000000e+01 8.513873310142783106e-09 5.643531196398421100e-10
1.500000000000000000e+01 2.421016091187886507e-09 1.325927633228644677e-10
1.700000000000000000e+01 9.896889714536004415e-10 4.594798703981079558e-11
1.900000000000000000e+01 3.504956823011075012e-10 2.802431013729039155e-11
