5.250000000000000000e+00 1.486294157234349479e-05 7.359179165209659190e-07
5.750000000000000000e+00 8.069168265778636881e-06 5.270551746966633434e-07
6.250000000000000000e+00 4.372774117811880979e-06 3.587282231904601718e-07
6.750000000000000000e+00 1.834438349281470161e-06 1.074177096990525915e-07
7.250000000000000000e+00 1.252416354729223684e-06 8.655641097171893932e-08
7.750000000000000000e+00 6.725020431976740040e-07 4.716528645844134040e-08
8.250000000000000000e+00 3.620151450440026992e-07 1.931665698593310882e-08
8.750000000000000000e+00 2.745359293238400960e-07 1.713531567740170422e-08
9.250000000000000000e+00 1.601269972156666892e-07 8.265831572725873565e-09
9.750000000000000000e+00 1.321189849688082419e-07 1.623329885760319006e-08
1.100000000000000000e+01 5.306611980085178624e-08 4.209313703406480884e-09
1.300000000000000000e+01 1.351409256338834504e-08 5.614478348222703528e-10
1.500000000000000000e+01 4.459847094905358176e-09 2.059353827012832823e-10
1.700000000000000000e+01 1.363644021291898102e-09 5.743247223546922799e-11
1.900000000000000000e+01 5.050301462774267939e-10 2.233030667453348194e-11
