5.250000000000000000e+00 1.964289495939227243e-05 8.539332397843005962e-07
5.750000000000000000e+00 1.037735440257105726e-05 5.747892387564918113e-07
6.250000000000000000e+00 4.430919187895837758e-06 2.345935296499167353e-07
6.750000000000000000e+00 2.804920361560491533e-06 1.855732229344504017e-07
7.250000000000000000e+00 1.551953734103943452e-06 9.565890802373874051e-08
7.750000000000000000e+00 9.140276172133170662e-07 6.600125918645251511e-08
8.250000000000000000e+00 6.154069251617404041e-07 3.690897929757811262e-08
8.750000000000000000e+00 4.282784415975127940e-07 3.746500311937950268e-08
9.250000000000000000e+00 2.469103029798821926e-07 1.766966072341798088e-08
9.750000000000000000e+00 1.376076734498091460e-07 7.279682471931891770e-09
1.100000000000000000e+01 6.696530758381342856e-08 2.160027003354725180e-09
1.300000000000000000e+01 1.630769871883211768e-08 6.841167642970178411e-10
1.500000000000000000e+01 4.857392632718378376e-09 1.794677597104406972e-10
1.700000000000000000e+01 1.758856171783719413e-09 1.157956136447643568e-10
1.900000000000000000e+01 6.447616151399198883e-10 2.816348172425858652e-11
