5.250000000000000000e+00 8.967077418004330152e-06 6.304872607937593293e-07
5.750000000000000000e+00 4.207190822726518039e-06 3.650838713572198903e-07
6.250000000000000000e+00 2.011807998947603237e-06 1.837317400446680743e-07
6.750000000000000000e+00 1.098936264695689778e-06 7.536452048372554030e-08
7.250000000000000000e+00 6.731340455776500023e-07 6.941927751162106230e-08
7.750000000000000000e+00 3.674187227705640437e-07 2.252023628430270274e-08
8.250000000000000000e+00 2.230838936479699310e-07 1.144673220243785234e-08
8.750000000000000000e+00 1.633141802365208152e-07 1.538470336140341831e-08
9.250000000000000000e+00 1.064172887197081111e-07 6.996530425684229909e-09
9.750000000000000000e+00 6.961494846173502535e-08 3.687888464393331942e-09
1.100000000000000000e+01 2.824765936082456722e-08 9.075205148394544835e-10
1.300000000000000000e+01 9.002941023758801688e-09 5.227838521536586253e-10
1.500000000000000000e+01 2.644738779395537409e-09 1.041252026685916999e-10
1.700000000000000000e+01 9.524817230183516700e-10 3.931953311884651372e-11
1.900000000000000000e+01 3.715579988602668050e-10 1.819064553027398492e-11
