5.250000000000000000e+00 1.537545574678904654e-05 7.148296927679930706e-07
5.750000000000000000e+00 7.430068066944209873e-06 4.152176915700086747e-07
6.250000000000000000e+00 4.213085264695028082e-06 2.644146524286210752e-07
6.750000000000000000e+00 2.597948342474531111e-06 2.527104111821094893e-07
7.250000000000000000e+00 1.253717368466687057e-06 7.858711780814863103e-08
7.750000000000000000e+00 6.614032683454824278e-07 3.554937294443142193e-08
8.250000000000000000e+00 4.579955451879875121e-07 3.611065107794815021e-08
8.750000000000000000e+00 2.799204102263442893e-07 1.718622700684405805e-08
9.250000000000000000e+00 1.862389165446035299e-07 1.450971775440475902e-08
9.750000000000000000e+00 1.300441863098001393e-07 1.280399429618850051e-08
1.100000000000000000e+01 5.369521634821719817e-08 2.861751848166103501e-09
1.300000000000000000e+01 1.458437631311493466e-08 6.118145217590150338e-10
1.500000000000000000e+01 4.704874116172932944e-09 2.246530487917974153e-10
1.700000000000000000e+01 1.608255786791348050e-09 6.802888396260890177e-11
1.900000000000000000e+01 5.824186275358093495e-10 2.404018262845222835e-11
