5.250000000000000000e+00 2.168511898538162970e-05 9.485271539861992228e-07
5.750000000000000000e+00 1.120370575028101322e-05 5.240554554325727110e-07
6.250000000000000000e+00 5.905146460153564516e-06 4.022147862526319672e-07
6.750000000000000000e+00 3.056769121147934949e-06 1.917842606056151458e-07
7.250000000000000000e+00 1.794758022139940150e-06 9.365601427093124334e-08
7.750000000000000000e+00 1.045313452835597218e-06 5.955264377643838187e-08
8.250000000000000000e+00 5.964470409425814203e-07 3.557283748513096175e-08
8.750000000000000000e+00 3.927260277310029704e-07 2.390689987219590507e-08
9.250000000000000000e+00 2.558535589371472943e-07 1.975391117201270219e-08
9.750000000000000000e+00 1.917216251405759875e-07 1.455578334785888868e-08
1.100000000000000000e+01 7.711593074289610745e-08 4.159956887838291037e-09
1.300000000000000000e+01 2.017053846488068644e-08 8.044051954338245038e-10
1.500000000000000000e+01 5.747260936036912248e-09 2.393082472132038914e-10
1.700000000000000000e+01 2.237853030054725168e-09 1.323559377231784149e-10
1.900000000000000000e+01 7.441371573057945155e-10 3.233786884293705125e-11
