5.250000000000000000e+00 2.634486702152964173e-05 1.200381859706555206e-06
5.750000000000000000e+00 1.220742621124226043e-05 6.571332737475572091e-07
6.250000000000000000e+00 6.855171108847344486e-06 5.047161975692831191e-07
6.750000000000000000e+00 3.312466633443394249e-06 2.207816194146334726e-07
7.250000000000000000e+00 1.607147010916504784e-06 8.863487766577779930e-08
7.750000000000000000e+00 1.176077846105284662e-06 7.780611834128734221e-08
8.250000000000000000e+00 6.331889429613307734e-07 3.803666021158962023e-08
8.750000000000000000e+00 3.940578758303337891e-07 2.581758590225769550e-08
9.250000000000000000e+00 2.475913217814673393e-07 1.752172076265450265e-08
9.750000000000000000e+00 1.786937349728909919e-07 1.087785737382919398e-08
1.100000000000000000e+01 7.162676818116998673e-08 5.114344712825840086e-09
1.300000000000000000e+01 1.866543487860231329e-08 7.551720918399072387e-10
1.500000000000000000e+01 5.460079640111611147e-09 2.325212527118188904e-10
1.700000000000000000e+01 1.830688076934180110e-09 7.623425923410408260e-11
1.900000000000000000e+01 7.310467012347687475e-10 4.062069591451463073e-11
