5.250000000000000000e+00 1.519886687699478936e-05 7.981196012545176092e-07
5.750000000000000000e+00 7.611917942111626227e-06 4.427026041984332272e-07
6.250000000000000000e+00 4.079120459425099828e-06 2.593314812918744303e-07
6.750000000000000000e+00 2.071944727268723907e-06 1.085575165773176486e-07
7.250000000000000000e+00 1.257068102191265456e-06 7.666025477168569503e-08
7.750000000000000000e+00 8.522477851882038224e-07 6.017703933598491536e-08
8.250000000000000000e+00 4.925692544880721533e-07 4.083339563668966833e-08
8.750000000000000000e+00 2.938295857421145840e-07 1.646386452951232778e-08
9.250000000000000000e+00 2.076759672765674795e-07 1.493601536411757387e-08
9.750000000000000000e+00 1.328805527058739801e-07 7.238306824018703873e-09
1.100000000000000000e+01 6.029201363554985289e-08 3.767322822399937082e-09
1.300000000000000000e+01 1.509471591241670984e-08 6.686828942089425543e-10
1.500000000000000000e+01 4.831867554527293318e-09 1.775580473969263091e-10
1.700000000000000000e+01 1.463287380739535173e-09 4.264945713153022123e-11
1.900000000000000000e+01 5.983287081670630776e-10 2.432562170015164312e-11
