5.250000000000000000e+00 7.920030462700059333e-06 5.787552326366859644e-07
5.750000000000000000e+00 3.166801011300840979e-06 2.958818625613510791e-07
6.250000000000000000e+00 1.334627362522743465e-06 9.818051712969544063e-08
6.750000000000000000e+00 7.838071646396788166e-07 6.862917852164175563e-08
7.250000000000000000e+00 4.393781291491016713e-07 4.090011923411889797e-08
7.750000000000000000e+00 2.811060228582196880e-07 2.831139396562837020e-08
8.250000000000000000e+00 1.585424484389145814e-07 1.579427402568600646e-08
8.750000000000000000e+00 9.661654418503363041e-08 5.834503201895448237e-09
9.250000000000000000e+00 6.630841904812577679e-08 4.586621574140921352e-09
9.750000000000000000e+00 5.085853660003728287e-08 4.074152387257959688e-09
1.100000000000000000e+01 2.292082776023730415e-08 1.296474444578192090e-09
1.300000000000000000e+01 5.551374956536388600e-09 2.301667755211048880e-10
1.500000000000000000e+01 1.810349377921496526e-09 7.484563417230254102e-11
1.700000000000000000e+01 6.676064687371154674e-10 2.807798353765327833e-11
1.900000000000000000e+01 2.639901552552554809e-10 1.741630294496865747e-11
