5.250000000000000000e+00 2.193596618780247983e-05 9.202546589427101436e-07
5.750000000000000000e+00 1.102943336307342740e-05 5.495504697645108697e-07
6.250000000000000000e+00 5.799196671499743287e-06 3.254299958249370388e-07
6.750000000000000000e+00 2.904374671394153451e-06 1.295199067509110272e-07
7.250000000000000000e+00 1.738495684682255575e-06 8.474219474563121294e-08
7.750000000000000000e+00 1.135592531815617649e-06 6.768722379520880222e-08
8.250000000000000000e+00 7.337873905142207487e-07 4.723897151449338839e-08
8.750000000000000000e+00 4.328920770627780826e-07 3.672452388363448146e-08
9.250000000000000000e+00 3.025365143169894429e-07 2.189172144534926945e-08
9.750000000000000000e+00 2.050837989564187759e-07 1.081663550024137606e-08
1.100000000000000000e+01 8.146570305327415475e-08 3.554819453653593242e-09
1.300000000000000000e+01 2.085191100091918473e-08 5.959716732472224562e-10
1.500000000000000000e+01 6.915499969557544838e-09 4.395489767630019180e-10
1.700000000000000000e+01 2.276104664229479219e-09 8.229715887660205986e-11
1.900000000000000000e+01 8.236321121454577021e-10 3.949069364290243059e-11
