5.250000000000000000e+00 1.965737426335420669e-05 8.735561406450574336e-07
5.750000000000000000e+00 9.937386716971196562e-06 5.520084869332410405e-07
6.250000000000000000e+00 5.463591596629695399e-06 3.573487895441910422e-07
6.750000000000000000e+00 2.744383007230999666e-06 1.830532084002317810e-07
7.250000000000000000e+00 1.536863999875299932e-06 8.129198210647500459e-08
7.750000000000000000e+00 9.875167561846920164e-07 6.870511063533569098e-08
8.250000000000000000e+00 6.252947985575073949e-07 3.674202637107623446e-08
8.750000000000000000e+00 4.126820696413767370e-07 3.141471467791070466e-08
9.250000000000000000e+00 2.844810283872275047e-07 2.240956775471103895e-08
9.750000000000000000e+00 1.840334437522262004e-07 1.475455891607549795e-08
1.100000000000000000e+01 7.276692345748938123e-08 2.481418170467769617e-09
1.300000000000000000e+01 1.833712814950309706e-08 4.991336629771343635e-10
1.500000000000000000e+01 5.487533592974596530e-09 1.762672491274991486e-10
1.700000000000000000e+01 1.890332242001785020e-09 1.034102430207537026e-10
1.900000000000000000e+01 7.067937051695444791e-10 3.488318961608575434e-11
