5.250000000000000000e+00 3.747129195127829859e-05 1.269855104649778129e-06
5.750000000000000000e+00 1.952570855113147422e-05 7.440212174891923200e-07
6.250000000000000000e+00 9.565107925409553098e-06 3.731615046763949214e-07
6.750000000000000000e+00 5.804341542143715003e-06 3.413070380151244937e-07
7.250000000000000000e+00 2.973079506335010794e-06 1.438103654806911074e-07
7.750000000000000000e+00 1.870294533274196721e-06 9.449828536551961660e-08
8.250000000000000000e+00 1.164657969984924556e-06 7.221446976686036023e-08
8.750000000000000000e+00 7.848267358837410081e-07 4.629532427820854329e-08
9.250000000000000000e+00 4.810248933021917260e-07 2.858314029591933471e-08
9.750000000000000000e+00 3.300171950684789897e-07 2.220302721498017051e-08
1.100000000000000000e+01 1.300848012193562374e-07 5.756318684612792274e-09
1.300000000000000000e+01 3.290512162407163897e-08 1.376165514561531608e-09
1.500000000000000000e+01 9.957211076980067024e-09 5.252312597571219705e-10
1.700000000000000000e+01 3.277874184871108204e-09 1.627874336629346726e-10
1.900000000000000000e+01 1.227888257817479290e-09 6.812083966406676669e-11
