5.250000000000000000e+00 1.787460230933112185e-05 8.042300230082445155e-07
5.750000000000000000e+00 9.175018179483159680e-06 5.336327388638248730e-07
6.250000000000000000e+00 4.925934731516711718e-06 2.420781410880418097e-07
6.750000000000000000e+00 2.820413696439850923e-06 2.522635549976990237e-07
7.250000000000000000e+00 1.406790905526938310e-06 7.388567950895733974e-08
7.750000000000000000e+00 9.326526292522339025e-07 6.102202474478807313e-08
8.250000000000000000e+00 5.361119730555027450e-07 2.876594389789022418e-08
8.750000000000000000e+00 3.368033039430412887e-07 2.008403737948457918e-08
9.250000000000000000e+00 2.318393893792312855e-07 1.160910543288567411e-08
9.750000000000000000e+00 1.626811566076306879e-07 9.880263503460003278e-09
1.100000000000000000e+01 7.031173765930802633e-08 2.298183066885436532e-09
1.300000000000000000e+01 1.788907574200566573e-08 7.893054991140963360e-10
1.500000000000000000e+01 5.536358274490486072e-09 2.009059772868537302e-10
1.700000000000000000e+01 1.846716546530972578e-09 7.656453479479828668e-11
1.900000000000000000e+01 7.364934499258792104e-10 3.827547134363123339e-11
