5.250000000000000000e+00 1.121550924890506583e-05 6.729286857114777373e-07
5.750000000000000000e+00 4.925830005572987106e-06 3.526768417092468201e-07
6.250000000000000000e+00 2.397826393841969454e-06 1.875791137622050606e-07
6.750000000000000000e+00 1.244972398915970180e-06 9.012920224206645620e-08
7.250000000000000000e+00 7.803588116009614678e-07 6.105646955583231903e-08
7.750000000000000000e+00 5.126930880111002596e-07 4.931162486489084795e-08
8.250000000000000000e+00 3.503691401943496291e-07 3.693552211430339096e-08
8.750000000000000000e+00 1.740299223126155208e-07 1.544708946263644333e-08
9.250000000000000000e+00 1.453758204755307021e-07 1.953414716779865485e-08
9.750000000000000000e+00 8.085210261719949162e-08 5.236028744173869757e-09
1.100000000000000000e+01 3.520416361520204572e-08 1.086484353304733885e-09
1.300000000000000000e+01 1.016265529745500089e-08 3.866686891100465902e-10
1.500000000000000000e+01 3.081855870825060085e-09 1.408430014847951206e-10
1.700000000000000000e+01 1.148805555248161872e-09 9.583927942540395052e-11
1.900000000000000000e+01 4.109085475301494128e-10 2.881654460822464324e-11
