5.250000000000000000e+00 1.071710871269555943e-05 6.741281315945805065e-07
5.750000000000000000e+00 4.476963259683061237e-06 2.715537305241780255e-07
6.250000000000000000e+00 2.300251369428725207e-06 1.507125456886745509e-07
6.750000000000000000e+00 1.212948264333338191e-06 8.246763638948386518e-08
7.250000000000000000e+00 7.851518798289439760e-07 5.562869111907688977e-08
7.750000000000000000e+00 4.918977422760207925e-07 4.123711328954043217e-08
8.250000000000000000e+00 3.200451329735003468e-07 3.138254510132596002e-08
8.750000000000000000e+00 1.837659713874720519e-07 1.689600532020770266e-08
9.250000000000000000e+00 1.127880440592402052e-07 6.568310368285692821e-09
9.750000000000000000e+00 8.120837284640273600e-08 5.432160485732475438e-09
1.100000000000000000e+01 3.801133734617271095e-08 1.557808931446715741e-09
1.300000000000000000e+01 9.426155323833532860e-09 3.308654441763837518e-10
1.500000000000000000e+01 2.931372436191513318e-09 1.170988290269518231e-10
1.700000000000000000e+01 1.068483486699557474e-09 9.410184751818177915e-11
1.900000000000000000e+01 4.037410884358213033e-10 3.091306916523601013e-11
