5.250000000000000000e+00 2.970146360878609174e-05 1.038745140355803978e-06
5.750000000000000000e+00 1.729393554490743138e-05 7.721308773673928889e-07
6.250000000000000000e+00 9.262991061456951142e-06 5.353607981259201103e-07
6.750000000000000000e+00 4.700050129211216077e-06 2.718478208368164285e-07
7.250000000000000000e+00 2.514794071020364186e-06 1.298559707528582809e-07
7.750000000000000000e+00 1.571509319165812562e-06 1.029865638951718652e-07
8.250000000000000000e+00 9.107435372027148701e-07 5.177920640014608299e-08
8.750000000000000000e+00 6.593966106750413984e-07 4.581970067089626381e-08
9.250000000000000000e+00 4.092369171065901136e-07 2.683958889734476721e-08
9.750000000000000000e+00 2.640174320692942365e-07 1.706125693543663305e-08
1.100000000000000000e+01 1.054314565282650274e-07 3.140107947338706019e-09
1.300000000000000000e+01 2.793382627688520515e-08 1.141174917048724313e-09
1.500000000000000000e+01 8.298479187621907003e-09 3.216034339048446688e-10
1.700000000000000000e+01 2.668101448971729264e-09 1.189245947030595417e-10
1.900000000000000000e+01 9.811900631901170118e-10 3.631940562417059526e-11
