5.250000000000000000e+00 1.782108878753107655e-05 8.273444485844215892e-07
5.750000000000000000e+00 8.774043122722916064e-06 4.679391427439440657e-07
6.250000000000000000e+00 5.180308464735004770e-06 3.775378163270266060e-07
6.750000000000000000e+00 2.897524880122917863e-06 2.474758048467357072e-07
7.250000000000000000e+00 1.472488898150672389e-06 8.989853652381544569e-08
7.750000000000000000e+00 8.255660898304043149e-07 5.020492036377337990e-08
8.250000000000000000e+00 5.128872099065906619e-07 3.054802487963714230e-08
8.750000000000000000e+00 3.241588186353509031e-07 2.584885968876362025e-08
9.250000000000000000e+00 2.102534127725018390e-07 1.000206871250606052e-08
9.750000000000000000e+00 1.577732180410702083e-07 1.825518417879527082e-08
1.100000000000000000e+01 6.096456772959816325e-08 2.005026544353374580e-09
1.300000000000000000e+01 1.711529350903269382e-08 7.538681382725059687e-10
1.500000000000000000e+01 4.949749245889492171e-09 2.368572510701667260e-10
1.700000000000000000e+01 1.730879392306328125e-09 6.221886714428638542e-11
1.900000000000000000e+01 6.899677809583178794e-10 3.849481282724268985e-11
