5.250000000000000000e+00 2.564061118929473996e-05 1.051662326396567223e-06
5.750000000000000000e+00 1.177185490090231051e-05 4.703128463886686726e-07
6.250000000000000000e+00 7.084779301724350920e-06 4.873331400863874265e-07
6.750000000000000000e+00 3.768903913066631145e-06 2.764454483571514641e-07
7.250000000000000000e+00 1.997746787465619884e-06 9.874821123196926645e-08
7.750000000000000000e+00 1.231767844471434437e-06 6.550326795957199792e-08
8.250000000000000000e+00 7.669698575889740389e-07 4.097821241166164483e-08
8.750000000000000000e+00 4.734123883128923649e-07 2.681747816029935872e-08
9.250000000000000000e+00 2.827238267654856858e-07 1.631732904714940952e-08
9.750000000000000000e+00 2.067359805503158891e-07 1.447257391008227101e-08
1.100000000000000000e+01 8.577623906674996158e-08 3.324906045052240084e-09
1.300000000000000000e+01 2.241534966967647180e-08 7.748625531977781289e-10
1.500000000000000000e+01 6.652085671715730867e-09 2.088346642927343544e-10
1.700000000000000000e+01 2.546310417030479378e-09 1.002702191519402413e-10
1.900000000000000000e+01 8.371059249523248880e-10 3.341083877023115628e-11
