5.250000000000000000e+00 2.884957653359627582e-05 1.120499982142724677e-06
5.750000000000000000e+00 1.484488774021628557e-05 6.438775963200948431e-07
6.250000000000000000e+00 7.436564911602491532e-06 3.987110022427094923e-07
6.750000000000000000e+00 4.052131100278582653e-06 1.709736929118937547e-07
7.250000000000000000e+00 2.350055221419488240e-06 1.135591220593829095e-07
7.750000000000000000e+00 1.508941377045123698e-06 7.900474909352016765e-08
8.250000000000000000e+00 1.048723290143441224e-06 7.697416368977281748e-08
8.750000000000000000e+00 5.994315681490691018e-07 3.905629599525339695e-08
9.250000000000000000e+00 3.942827988925607492e-07 2.751578394366477537e-08
9.750000000000000000e+00 2.693424293488962840e-07 1.797094442417532093e-08
1.100000000000000000e+01 1.067498900531513945e-07 4.075063656772354853e-09
1.300000000000000000e+01 2.837313312600458623e-08 1.239685946099360378e-09
1.500000000000000000e+01 8.121523340962480355e-09 3.320473163133257099e-10
1.700000000000000000e+01 2.626124820162356107e-09 9.130445189103090511e-11
1.900000000000000000e+01 1.033289606364783133e-09 4.675265517899745257e-11
