5.250000000000000000e+00 1.694456844088311170e-05 7.674033679937650875e-07
5.750000000000000000e+00 8.950647071883024731e-06 4.986316769691887604e-07
6.250000000000000000e+00 4.798039429542564667e-06 3.084346664989791168e-07
6.750000000000000000e+00 2.508831591365362951e-06 1.753938643783087355e-07
7.250000000000000000e+00 1.385441960333822950e-06 6.499426270386738920e-08
7.750000000000000000e+00 8.576114651253933100e-07 5.269068464221059703e-08
8.250000000000000000e+00 5.226197009314215437e-07 3.589950284368762762e-08
8.750000000000000000e+00 3.366952542098386285e-07 1.852428841304313966e-08
9.250000000000000000e+00 2.269467343018227887e-07 1.589146183149476761e-08
9.750000000000000000e+00 1.423837046263699304e-07 6.387328548769755843e-09
1.100000000000000000e+01 6.664594332816333279e-08 2.118708707320994288e-09
1.300000000000000000e+01 1.773423848286091377e-08 6.337445166666280834e-10
1.500000000000000000e+01 5.433133376738010355e-09 1.545963319558510865e-10
1.700000000000000000e+01 1.923127026243477081e-09 6.597417752968884714e-11
1.900000000000000000e+01 7.428376306419716478e-10 2.694880195167252967e-11
