5.250000000000000000e+00 1.307031378455792457e-05 7.959959126974233984e-07
5.750000000000000000e+00 5.739405444817021197e-06 4.256507469254472964e-07
6.250000000000000000e+00 3.026463893111717660e-06 2.108527268906890792e-07
6.750000000000000000e+00 1.590182086492101432e-06 1.520310186790779397e-07
7.250000000000000000e+00 9.384428306789204388e-07 6.764312909547998610e-08
7.750000000000000000e+00 5.395706231023868448e-07 4.057885241693108502e-08
8.250000000000000000e+00 3.484801803282557326e-07 2.529342366427229386e-08
8.750000000000000000e+00 2.194322711055332704e-07 1.493613455153809727e-08
9.250000000000000000e+00 1.428152621728452482e-07 8.296116742923956539e-09
9.750000000000000000e+00 1.077627941521814506e-07 1.153758193330933363e-08
1.100000000000000000e+01 4.449919755983701009e-08 2.633846386882116188e-09
1.300000000000000000e+01 1.129910407362402026e-08 3.363777616418097209e-10
1.500000000000000000e+01 3.594868717378843827e-09 1.517584831806305365e-10
1.700000000000000000e+01 1.366321849286183729e-09 6.574700069173721173e-11
1.900000000000000000e+01 5.500609203627821067e-10 7.666267593932456083e-11
