5.250000000000000000e+00 2.967454111084035713e-05 1.188786221410693291e-06
5.750000000000000000e+00 1.457627367321935972e-05 7.051226605885751019e-07
6.250000000000000000e+00 7.798076614170994787e-06 4.471732066213180786e-07
6.750000000000000000e+00 3.754404575777531539e-06 2.433585926669968929e-07
7.250000000000000000e+00 2.149750918244987536e-06 1.247459107512759671e-07
7.750000000000000000e+00 1.224454698172200823e-06 7.074309849030389495e-08
8.250000000000000000e+00 7.526279656450176143e-07 5.100454172748039606e-08
8.750000000000000000e+00 5.123510242071040695e-07 4.016885751337371698e-08
9.250000000000000000e+00 3.176035875919390494e-07 2.531007059339282438e-08
9.750000000000000000e+00 2.231817586764728199e-07 2.028535868959220792e-08
1.100000000000000000e+01 7.768899132383335704e-08 2.205942208229895586e-09
1.300000000000000000e+01 2.159500544915558928e-08 6.446571177584302034e-10
1.500000000000000000e+01 6.782972273949232570e-09 2.645990517009550718e-10
1.700000000000000000e+01 2.304941812902188927e-09 1.166597968526472283e-10
1.900000000000000000e+01 8.030345332685323123e-10 3.189644568076905990e-11
