5.250000000000000000e+00 1.320830350262355561e-05 7.845324631014717799e-07
5.750000000000000000e+00 6.012503193132089356e-06 4.212473344285030697e-07
6.250000000000000000e+00 3.127179277823477807e-06 2.886574145510404948e-07
6.750000000000000000e+00 1.932248782926770124e-06 2.142372067624488930e-07
7.250000000000000000e+00 9.915758824216224352e-07 6.472751817963039047e-08
7.750000000000000000e+00 5.318712793526874113e-07 3.790626342114920502e-08
8.250000000000000000e+00 3.752474971226272904e-07 3.121214175562278985e-08
8.750000000000000000e+00 2.329703248670204483e-07 1.755666248183934520e-08
9.250000000000000000e+00 1.432662492400562681e-07 7.950181886492551011e-09
9.750000000000000000e+00 1.037127708980037999e-07 7.134529766395671510e-09
1.100000000000000000e+01 4.412862066873934330e-08 1.646747025278300790e-09
1.300000000000000000e+01 1.262041649442149091e-08 6.245832997994648933e-10
1.500000000000000000e+01 3.841245394840757813e-09 1.555048236844189888e-10
1.700000000000000000e+01 1.379959262611641498e-09 6.992352931537044500e-11
1.900000000000000000e+01 4.962345045254504743e-10 2.362595920480779059e-11
