5.250000000000000000e+00 1.398366786221003213e-05 7.776742212430000548e-07
5.750000000000000000e+00 5.945867201006882178e-06 4.245052983748675838e-07
6.250000000000000000e+00 3.092896538418119606e-06 1.684336002544472047e-07
6.750000000000000000e+00 1.825028005206102327e-06 1.761037646591732859e-07
7.250000000000000000e+00 1.168902776468496308e-06 8.941403165931010653e-08
7.750000000000000000e+00 6.421038079658113236e-07 5.106097142473360417e-08
8.250000000000000000e+00 3.384238214694277498e-07 2.482058030475481078e-08
8.750000000000000000e+00 2.491998220913291811e-07 1.817030708728889440e-08
9.250000000000000000e+00 1.785579191349819534e-07 1.558586376630553327e-08
9.750000000000000000e+00 1.179780940181603826e-07 7.541330328083343188e-09
1.100000000000000000e+01 4.780379392119197811e-08 1.696127128858644661e-09
1.300000000000000000e+01 1.309259652193256384e-08 4.659356994766773821e-10
1.500000000000000000e+01 3.685546545688071344e-09 1.123065661841721053e-10
1.700000000000000000e+01 1.471968545681947411e-09 5.094323438051004162e-11
1.900000000000000000e+01 5.714019799326153259e-10 2.502762915952795054e-11
