5.250000000000000000e+00 3.668995187679648090e-05 1.283847537939227253e-06
5.750000000000000000e+00 1.897455186585554285e-05 8.170569598673461925e-07
6.250000000000000000e+00 8.436288316308722743e-06 3.480312659561898812e-07
6.750000000000000000e+00 5.250057988155883281e-06 2.361243381769648092e-07
7.250000000000000000e+00 3.035797024055968566e-06 1.583042379029836544e-07
7.750000000000000000e+00 1.800160051821886412e-06 1.019141705955052065e-07
8.250000000000000000e+00 8.990377579526251849e-07 4.633011798348363492e-08
8.750000000000000000e+00 7.083133766713736518e-07 5.166066159479952856e-08
9.250000000000000000e+00 4.332432272057541893e-07 3.246102149850181101e-08
9.750000000000000000e+00 2.913155611760884437e-07 2.420691805494102855e-08
1.100000000000000000e+01 1.207495060789643825e-07 5.745101446322336374e-09
1.300000000000000000e+01 2.937344180585880407e-08 1.221780512930494623e-09
1.500000000000000000e+01 8.822109464204077968e-09 4.436011249607521879e-10
1.700000000000000000e+01 2.987197405692901182e-09 1.528394183699339357e-10
1.900000000000000000e+01 1.056941545454188153e-09 4.978430482648939138e-11
