5.250000000000000000e+00 2.204723193483921104e-05 9.174243477713585057e-07
5.750000000000000000e+00 1.090537082697418410e-05 5.580138192867891978e-07
6.250000000000000000e+00 6.236135419790163308e-06 3.667542395868730738e-07
6.750000000000000000e+00 3.033713252375482998e-06 1.874273510121897346e-07
7.250000000000000000e+00 1.717960788930017360e-06 9.467532520109633543e-08
7.750000000000000000e+00 1.008280802045010031e-06 4.852860666810767695e-08
8.250000000000000000e+00 5.783189514686042090e-07 2.861553838302153696e-08
8.750000000000000000e+00 4.318882803261623637e-07 2.834677639413566385e-08
9.250000000000000000e+00 2.780795378629830282e-07 2.163969885967952327e-08
9.750000000000000000e+00 1.884112092982978685e-07 1.526230328939860215e-08
1.100000000000000000e+01 7.548488833933711641e-08 2.381499231361443107e-09
1.300000000000000000e+01 1.902411204439225374e-08 5.906591958968356692e-10
1.500000000000000000e+01 6.484217216121225817e-09 2.678818154953488162e-10
1.700000000000000000e+01 2.109546577699893287e-09 9.379397481474669201e-11
1.900000000000000000e+01 7.621558079073166273e-10 3.849563325629838005e-11
