5.250000000000000000e+00 1.636700830584408115e-05 8.882941133826261297e-07
5.750000000000000000e+00 7.063441606268541996e-06 4.124929004434097780e-07
6.250000000000000000e+00 3.512308168540470344e-06 2.183492866997149625e-07
6.750000000000000000e+00 2.177305496175954922e-06 1.792680128456127954e-07
7.250000000000000000e+00 1.039776489944973176e-06 5.784212913949904142e-08
7.750000000000000000e+00 5.848927793020097702e-07 2.980808222613047776e-08
8.250000000000000000e+00 3.949869777110837997e-07 2.117346773375744488e-08
8.750000000000000000e+00 2.678372408671021639e-07 1.748414508434614079e-08
9.250000000000000000e+00 1.950487362614289738e-07 1.580099936566534096e-08
9.750000000000000000e+00 1.256739486812689048e-07 7.346286794704097399e-09
1.100000000000000000e+01 5.445571913929844052e-08 3.152418913662754162e-09
1.300000000000000000e+01 1.335954181235541289e-08 4.306527003387942459e-10
1.500000000000000000e+01 4.625284162992685999e-09 2.235784737581142455e-10
1.700000000000000000e+01 1.544284853651133929e-09 5.855200003016607344e-11
1.900000000000000000e+01 5.693471337416418361e-10 2.429880159833811896e-11
