5.250000000000000000e+00 7.968233910260183724e-06 5.367312959866474839e-07
5.750000000000000000e+00 4.096704538904643298e-06 3.389396705064387859e-07
6.250000000000000000e+00 2.190906432390965523e-06 2.031652940710532405e-07
6.750000000000000000e+00 1.048500704478763574e-06 8.334766450505783246e-08
7.250000000000000000e+00 7.126808748898056168e-07 7.062965967732886228e-08
7.750000000000000000e+00 4.519531096773608350e-07 5.323944466151844513e-08
8.250000000000000000e+00 2.297890467011626525e-07 2.976090644941490048e-08
8.750000000000000000e+00 1.464732171763275207e-07 1.536881715325169724e-08
9.250000000000000000e+00 1.072233369653912776e-07 1.398253537845395774e-08
9.750000000000000000e+00 6.113928505379902362e-08 4.105298842515212722e-09
1.100000000000000000e+01 2.858409711760341184e-08 1.093071623828053126e-09
1.300000000000000000e+01 7.903409760006323251e-09 3.302690658400845368e-10
1.500000000000000000e+01 2.728999266302261788e-09 1.400480811776033234e-10
1.700000000000000000e+01 8.569166463448114420e-10 4.326391427172802854e-11
1.900000000000000000e+01 3.495073019731056926e-10 2.457265127374431261e-11
