5.250000000000000000e+00 1.972743612554633781e-05 8.716572404222633462e-07
5.750000000000000000e+00 9.217726990997815540e-06 4.322129940155213876e-07
6.250000000000000000e+00 5.286011535407886916e-06 3.510509008988441982e-07
6.750000000000000000e+00 2.765789922216833580e-06 1.861154117619536539e-07
7.250000000000000000e+00 1.577214411320971475e-06 8.894452433255925723e-08
7.750000000000000000e+00 9.509623567150875645e-07 6.220064248630115033e-08
8.250000000000000000e+00 6.213024574437597178e-07 4.656601838457795941e-08
8.750000000000000000e+00 3.918197346815755548e-07 2.909793451455744988e-08
9.250000000000000000e+00 2.240049363432605048e-07 1.046190231476735266e-08
9.750000000000000000e+00 1.604522421931383524e-07 1.454683138292954188e-08
1.100000000000000000e+01 6.873722053893080670e-08 1.875203288095004157e-09
1.300000000000000000e+01 1.877847052105203170e-08 5.745225395927094396e-10
1.500000000000000000e+01 5.805331849728716627e-09 2.404266855604952401e-10
1.700000000000000000e+01 2.062048946909099439e-09 8.118569290619642091e-11
1.900000000000000000e+01 7.026746639279548105e-10 3.081511349060667585e-11
