5.250000000000000000e+00 3.372170050449515378e-05 1.195405092809699195e-06
5.750000000000000000e+00 1.656736439989709017e-05 7.481711588231907438e-07
6.250000000000000000e+00 9.011521066862052541e-06 4.001145646449786770e-07
6.750000000000000000e+00 5.458855422804958937e-06 3.728818669241178493e-07
7.250000000000000000e+00 2.556332964058224330e-06 1.204371670045556132e-07
7.750000000000000000e+00 1.576904966340608790e-06 9.849761665331611150e-08
8.250000000000000000e+00 1.108985483359203650e-06 6.632060751633071023e-08
8.750000000000000000e+00 6.645232521280338095e-07 4.225720873896438692e-08
9.250000000000000000e+00 3.920305764433762948e-07 2.374537851820989655e-08
9.750000000000000000e+00 2.767627203544772714e-07 2.109914274473821235e-08
1.100000000000000000e+01 1.061669251054997597e-07 2.962882303806732657e-09
1.300000000000000000e+01 2.778411315482642154e-08 9.444356035324666802e-10
1.500000000000000000e+01 8.368964424127674539e-09 2.777037246801374058e-10
1.700000000000000000e+01 2.982614317118325375e-09 1.377011596797324924e-10
1.900000000000000000e+01 1.001307128034826657e-09 3.515023861560755871e-11
