5.250000000000000000e+00 1.134688682938067537e-05 7.046549035226146677e-07
5.750000000000000000e+00 5.194285485444274862e-06 3.628211041026868070e-07
6.250000000000000000e+00 2.233260899661264652e-06 1.863613061452067873e-07
6.750000000000000000e+00 1.344367973780735221e-06 9.305734731308820481e-08
7.250000000000000000e+00 7.714184103921082912e-07 5.946407333033876224e-08
7.750000000000000000e+00 4.430506896042295746e-07 3.694320658720502306e-08
8.250000000000000000e+00 3.007516107156307741e-07 3.532439713955785979e-08
8.750000000000000000e+00 2.361637498075912674e-07 3.559799987646930280e-08
9.250000000000000000e+00 1.436867552431262155e-07 1.999700384159219453e-08
9.750000000000000000e+00 8.200003738206129974e-08 5.937757566159493999e-09
1.100000000000000000e+01 3.664468963501896443e-08 1.493807052568660008e-09
1.300000000000000000e+01 9.953954020681925278e-09 4.044889077119819988e-10
1.500000000000000000e+01 3.158276727913900217e-09 1.492521367217946944e-10
1.700000000000000000e+01 1.240330596026129192e-09 1.085071097091244911e-10
1.900000000000000000e+01 4.306546895410767454e-10 2.253611325009434791e-11
