5.250000000000000000e+00 1.645958575901779747e-05 8.263328214475975981e-07
5.750000000000000000e+00 8.472814330278504965e-06 5.347305376211697725e-07
6.250000000000000000e+00 4.505433781260117600e-06 3.520997480771923578e-07
6.750000000000000000e+00 2.065196962970841141e-06 1.016147353048474673e-07
7.250000000000000000e+00 1.325579997594566550e-06 8.531016982747490872e-08
7.750000000000000000e+00 7.981675177997954540e-07 5.398511767837636999e-08
8.250000000000000000e+00 4.676819973942123705e-07 3.372542641634808942e-08
8.750000000000000000e+00 3.312373075465754504e-07 2.169634479095079159e-08
9.250000000000000000e+00 2.144261784909475235e-07 2.245843721091002133e-08
9.750000000000000000e+00 1.268996107374227210e-07 6.807312481583509920e-09
1.100000000000000000e+01 6.162001149413053208e-08 3.618077296943238779e-09
1.300000000000000000e+01 1.622579693513029009e-08 5.559145583673801236e-10
1.500000000000000000e+01 5.306912512781081353e-09 2.090247932129292532e-10
1.700000000000000000e+01 1.695849756276316251e-09 6.069082642327767482e-11
1.900000000000000000e+01 5.958335713761429342e-10 2.317125518502380132e-11
