5.250000000000000000e+00 1.520042522863096650e-05 7.220139912623919238e-07
5.750000000000000000e+00 8.117748079896582503e-06 5.403924270952752185e-07
6.250000000000000000e+00 4.161783013437770144e-06 2.885800012938206525e-07
6.750000000000000000e+00 2.020153634782358059e-06 1.157289063478141017e-07
7.250000000000000000e+00 1.133595731283045283e-06 7.200181217260234361e-08
7.750000000000000000e+00 7.015703332513695657e-07 4.583958203008771999e-08
8.250000000000000000e+00 4.964973039616218833e-07 3.597811818307101514e-08
8.750000000000000000e+00 3.047140793111563952e-07 2.124129912193892010e-08
9.250000000000000000e+00 1.922898623326533029e-07 1.438459164759454303e-08
9.750000000000000000e+00 1.216027166159162845e-07 5.619769462457039916e-09
1.100000000000000000e+01 5.718731289130841954e-08 2.060196059778869191e-09
1.300000000000000000e+01 1.577233799869356328e-08 7.989291993298315069e-10
1.500000000000000000e+01 4.649998579956920591e-09 1.663196666818335810e-10
1.700000000000000000e+01 1.516174260167573868e-09 5.173787547829247235e-11
1.900000000000000000e+01 6.124841503346399678e-10 2.553198110558094988e-11
