5.250000000000000000e+00 1.342116868181617949e-05 7.862195044343864566e-07
5.750000000000000000e+00 5.898378761226897752e-06 4.137541516491001200e-07
6.250000000000000000e+00 2.999665502744004791e-06 2.181278704646731273e-07
6.750000000000000000e+00 1.751143403454330743e-06 2.026955545003558094e-07
7.250000000000000000e+00 9.348142246420172656e-07 6.063851778348599391e-08
7.750000000000000000e+00 4.860636905845070408e-07 2.731041252342751370e-08
8.250000000000000000e+00 3.927762701879563160e-07 4.078000236705096692e-08
8.750000000000000000e+00 2.506479385110379220e-07 2.518462584728285483e-08
9.250000000000000000e+00 1.457587888651736140e-07 7.884577697829559314e-09
9.750000000000000000e+00 1.035574287102925503e-07 6.089736926248380521e-09
1.100000000000000000e+01 4.531037164978255433e-08 3.037886288376584385e-09
1.300000000000000000e+01 1.270945213134454524e-08 5.943174454663011122e-10
1.500000000000000000e+01 4.098372554696992255e-09 1.931074859106108843e-10
1.700000000000000000e+01 1.259372416963061173e-09 4.455957729903452261e-11
1.900000000000000000e+01 5.009326737786025514e-10 2.240870090911315518e-11
