5.250000000000000000e+00 1.754050585788663385e-05 7.738560787023019458e-07
5.750000000000000000e+00 9.529470999303006902e-06 5.271542915055150930e-07
6.250000000000000000e+00 5.250435833226929042e-06 3.695337240992253141e-07
6.750000000000000000e+00 2.800340290611983780e-06 1.878933074324697201e-07
7.250000000000000000e+00 1.661216213298981583e-06 1.017325538874556706e-07
7.750000000000000000e+00 9.925857639103894820e-07 6.770047994685795844e-08
8.250000000000000000e+00 5.945030606561743674e-07 4.418964796174807905e-08
8.750000000000000000e+00 3.665756050344570186e-07 2.599039728822137396e-08
9.250000000000000000e+00 2.285357257051422073e-07 1.050916191963459958e-08
9.750000000000000000e+00 1.341129605003499241e-07 5.527381857529066348e-09
1.100000000000000000e+01 6.845729754912446593e-08 2.263679365029030884e-09
1.300000000000000000e+01 2.004722938020335882e-08 9.426370904810524963e-10
1.500000000000000000e+01 5.456333902888738781e-09 1.680598848660706352e-10
1.700000000000000000e+01 2.017367994977491894e-09 1.345210054481787050e-10
1.900000000000000000e+01 7.146692456442524340e-10 2.921457247789807150e-11
