5.250000000000000000e+00 1.785270997886734794e-05 9.178531652252260306e-07
5.750000000000000000e+00 9.045344066421348919e-06 5.404662381025760937e-07
6.250000000000000000e+00 4.343365818974588577e-06 3.462205006779041315e-07
6.750000000000000000e+00 2.583674539318939246e-06 2.674740436589571169e-07
7.250000000000000000e+00 1.478790496436160526e-06 9.706758204995497094e-08
7.750000000000000000e+00 8.008838903052167136e-07 6.317104070118291633e-08
8.250000000000000000e+00 5.074132721115651177e-07 3.846394761273630770e-08
8.750000000000000000e+00 3.031053914979514813e-07 2.372106581618986243e-08
9.250000000000000000e+00 1.900411655640117280e-07 1.642049545409246358e-08
9.750000000000000000e+00 1.353546898204288006e-07 8.797576970619427665e-09
1.100000000000000000e+01 5.945822781270078781e-08 3.441345012062868313e-09
1.300000000000000000e+01 1.504098744173724550e-08 9.552292806089278879e-10
1.500000000000000000e+01 4.484376854865934627e-09 2.254118090126368422e-10
1.700000000000000000e+01 1.463495404794355523e-09 1.023716018155018089e-10
1.900000000000000000e+01 5.334617375274198710e-10 2.707288734768276121e-11
