5.250000000000000000e+00 1.627521181441531076e-05 8.417106107861777332e-07
5.750000000000000000e+00 7.782612045686404371e-06 4.620392246379739572e-07
6.250000000000000000e+00 3.957208978327485120e-06 2.390129803816082260e-07
6.750000000000000000e+00 2.458344128791853642e-06 2.228158936483303044e-07
7.250000000000000000e+00 1.317803238572651025e-06 8.465031072085106438e-08
7.750000000000000000e+00 7.526497809059561084e-07 3.976994257065848390e-08
8.250000000000000000e+00 5.590328257972594129e-07 3.882735201285787468e-08
8.750000000000000000e+00 2.924195776495872062e-07 1.391184845535678982e-08
9.250000000000000000e+00 2.510340417242823483e-07 2.489783817723772038e-08
9.750000000000000000e+00 1.314300168942356431e-07 7.178397964723996174e-09
1.100000000000000000e+01 6.447209748909245848e-08 3.434456642824017433e-09
1.300000000000000000e+01 1.584835643839337156e-08 4.521401641812227286e-10
1.500000000000000000e+01 5.807691514114488738e-09 5.843926590425684732e-10
1.700000000000000000e+01 1.891030234029818622e-09 1.118771039716939580e-10
1.900000000000000000e+01 6.083819079932690891e-10 2.253443629240825644e-11
