5.250000000000000000e+00 2.101886087258350659e-05 9.883987736094779307e-07
5.750000000000000000e+00 1.174748020257528587e-05 7.098462964174737182e-07
6.250000000000000000e+00 5.619612056755826193e-06 3.606193288511504340e-07
6.750000000000000000e+00 2.554428408556942566e-06 1.258429953674806176e-07
7.250000000000000000e+00 1.423832491341236165e-06 7.255744027445840857e-08
7.750000000000000000e+00 1.036415103720907183e-06 8.181341040155988188e-08
8.250000000000000000e+00 5.910073084219691281e-07 3.459525890019727718e-08
8.750000000000000000e+00 4.034434236596933939e-07 3.803296279693093681e-08
9.250000000000000000e+00 2.742332903916842982e-07 2.383187547039355113e-08
9.750000000000000000e+00 1.758291231725661036e-07 1.425153461595477352e-08
1.100000000000000000e+01 7.011390304653963688e-08 3.322290337984447027e-09
1.300000000000000000e+01 1.772812128275586399e-08 6.949746147533813868e-10
1.500000000000000000e+01 5.471991100969553059e-09 2.269992120084751395e-10
1.700000000000000000e+01 2.032902454091149113e-09 8.887699985178709076e-11
1.900000000000000000e+01 6.801804441134643597e-10 2.745569865678570654e-11
