5.250000000000000000e+00 1.057158527015373464e-05 5.777499520463294529e-07
5.750000000000000000e+00 3.972541545723325388e-06 2.254027371868042184e-07
6.250000000000000000e+00 2.580456234576343621e-06 2.027193572876441319e-07
6.750000000000000000e+00 1.472695884373115469e-06 1.747548139608054487e-07
7.250000000000000000e+00 7.518889875824808636e-07 5.943915729792243258e-08
7.750000000000000000e+00 3.915791955736469304e-07 3.442674054969574016e-08
8.250000000000000000e+00 2.534575454717615474e-07 1.321606805637247210e-08
8.750000000000000000e+00 1.750114514957423901e-07 1.529192544678288857e-08
9.250000000000000000e+00 1.223605024782800518e-07 1.350081005767329902e-08
9.750000000000000000e+00 7.203849041831897718e-08 4.388748863846771650e-09
1.100000000000000000e+01 3.395610269754917082e-08 1.300641933313992504e-09
1.300000000000000000e+01 9.033841673742844719e-09 3.401662489385074186e-10
1.500000000000000000e+01 2.672582156837765854e-09 1.008429458029629207e-10
1.700000000000000000e+01 9.745366210943436810e-10 3.686747802689587697e-11
1.900000000000000000e+01 3.637807973537081403e-10 1.864651622706312036e-11
