5.250000000000000000e+00 2.676770755066734426e-05 1.077661163658132225e-06
5.750000000000000000e+00 1.407559940756254384e-05 7.006066267229988569e-07
6.250000000000000000e+00 7.657640216351729103e-06 4.660305716220036677e-07
6.750000000000000000e+00 3.548123395149402018e-06 2.277234911119219455e-07
7.250000000000000000e+00 2.090622897237065771e-06 1.145280713245742484e-07
7.750000000000000000e+00 1.257415735159548006e-06 7.743785700697575875e-08
8.250000000000000000e+00 8.916513902510112590e-07 6.496091288492732880e-08
8.750000000000000000e+00 4.989233705472155430e-07 3.304731345882960334e-08
9.250000000000000000e+00 2.773100474781901720e-07 1.197941874450337283e-08
9.750000000000000000e+00 2.037734336672364300e-07 1.874036470999175931e-08
1.100000000000000000e+01 8.669408378137150104e-08 3.527321988286017818e-09
1.300000000000000000e+01 2.109084260283794040e-08 6.919225777248886742e-10
1.500000000000000000e+01 6.487392844268492780e-09 2.312383504529768844e-10
1.700000000000000000e+01 2.317988039148622836e-09 8.512202858349463248e-11
1.900000000000000000e+01 8.851393669952225757e-10 5.306153752145555398e-11
