6.812500000000000222e-01 1.062500000000000111e-01 1.187500000000000083e-01
4.562500000000000444e-01 2.062499999999999889e-01 2.562499999999999778e-01
3.812499999999999778e-01 1.812500000000000222e-01 1.812500000000000222e-01
2.687499999999999889e-01 1.437499999999999889e-01 2.937499999999999556e-01
7.387500000000001288e-01 2.862500000000000044e-01 3.762500000000000289e-01
5.962500000000000577e-01 1.512499999999999956e-01 3.987499999999999933e-01
5.487499999999999600e-01 2.412500000000000200e-01 3.312499999999999889e-01
7.375000000000000999e-02 6.125000000000000583e-02 1.062500000000000111e-01
3.587500000000000133e-01 4.437499999999999778e-01 4.662499999999999978e-01
2.162499999999999978e-01 3.087500000000000244e-01 1.962500000000000355e-01
5.012499999999999734e-01 1.062500000000000111e-01 1.287500000000000311e-01
2.637499999999999845e-01 8.375000000000001887e-02 1.737500000000000155e-01
4.537499999999999867e-01 1.737500000000000155e-01 1.512499999999999956e-01
9.762500000000000622e-01 3.312499999999999889e-01 6.125000000000000583e-02
1.687500000000000111e-01 3.987499999999999933e-01 4.437499999999999778e-01
8.812499999999999778e-01 3.762500000000000289e-01 8.375000000000001887e-02
6.912500000000000311e-01 1.962500000000000355e-01 3.087500000000000244e-01
4.062499999999999445e-01 4.212500000000000133e-01 4.887500000000000178e-01
7.862500000000000044e-01 1.287500000000000311e-01 2.187500000000000000e-01
6.437500000000000444e-01 2.637499999999999845e-01 2.862500000000000044e-01
3.112499999999999711e-01 2.187500000000000000e-01 2.412500000000000200e-01
1.212500000000000105e-01 3.537500000000000089e-01 2.637499999999999845e-01
8.337500000000001021e-01 4.887500000000000178e-01 3.537500000000000089e-01
9.287500000000000755e-01 4.662499999999999978e-01 4.212500000000000133e-01
