-9.499219993973712084e-01 -1.384928459437229920e-01 -6.253714004709959307e-01
-4.904082511376133824e-01 -3.327555027937058041e-01 -5.655897137075053260e-01
-1.051571852965222709e+00 2.282367753061446958e-01 -5.127744746350385574e-01
2.023547323335850745e+00 6.329677242277500504e-01 -4.259899449483013911e-01
9.069540025320700360e-01 -1.702270637473718873e+00 6.495976063973968317e-01
1.286908538672395963e+00 -1.082803917618800682e+00 -4.807353691674514096e-01
-3.706451957119831775e-01 -3.462803081946226880e-01 -4.259969148911583181e-01
-7.572109158715448762e-01 2.666542297367004433e-01 7.836696460303699263e-01
6.112027348578796815e-02 -4.481671073676744554e-01 3.082232945639241439e+00
-7.263172890798138548e-01 -2.403696088537778386e-01 -7.279422259782725169e-01
-1.055338068364489734e+00 1.789756708986671718e+00 8.044088721003312958e-01
-5.009127384620776224e-01 -5.491712774666649421e-01 -6.338882764985199758e-01
-4.448301680236463884e-01 -2.054305881352147534e-01 -4.251392259736674895e-01
6.924436203183733651e-01 -1.781197939535610064e-01 -3.288033208265411234e-01
1.376182720669284709e+00 2.306246149544195490e+00 -1.676782030698864001e-01
