5.250000000000000000e+00 4.575783231683634505e-06 7.652311028577336777e-07
5.750000000000000000e+00 1.961975147215489597e-06 6.289876478437338438e-08
6.250000000000000000e+00 1.156413327881446005e-06 4.354478054258294195e-08
6.750000000000000000e+00 6.567512384743130846e-07 2.803954672827078113e-08
7.250000000000000000e+00 4.590796259019687728e-07 2.244517684474986921e-08
7.750000000000000000e+00 2.760500002348729589e-07 1.445468692082570015e-08
8.250000000000000000e+00 1.871826497224106176e-07 1.241081686085616795e-08
8.750000000000000000e+00 1.425066863258603173e-07 1.127991877042313780e-08
9.250000000000000000e+00 8.989140595454291588e-08 7.874849118627425051e-09
9.750000000000000000e+00 5.086706953364664555e-08 3.457236180321268976e-09
1.100000000000000000e+01 2.724249536992885049e-08 1.145177488678380195e-09
1.300000000000000000e+01 7.102494639667281836e-09 4.224768860925393286e-10
1.500000000000000000e+01 2.155950256835169448e-09 1.540713024161759497e-10
1.700000000000000000e+01 9.023109303954070837e-10 9.173662489482105907e-11
1.900000000000000000e+01 2.810202579789247398e-10 2.021796442291788234e-11
