5.250000000000000000e+00 3.789268451395013613e-05 1.324683084965832327e-06
5.750000000000000000e+00 2.004484621443419762e-05 8.102557238394557087e-07
6.250000000000000000e+00 1.100160565494515178e-05 5.140499373913319319e-07
6.750000000000000000e+00 5.637089271595107916e-06 2.792734512635230244e-07
7.250000000000000000e+00 3.311718643670734857e-06 2.036760189127553877e-07
7.750000000000000000e+00 1.958798521193109350e-06 1.074310080446025648e-07
8.250000000000000000e+00 1.218211449191489549e-06 6.582598495138130985e-08
8.750000000000000000e+00 7.181971139055535752e-07 3.190682960573399719e-08
9.250000000000000000e+00 5.961568312936755392e-07 1.150668633600314468e-07
9.750000000000000000e+00 3.373497511996698425e-07 1.893611064545650997e-08
1.100000000000000000e+01 1.406662926482533703e-07 7.179860687283036803e-09
1.300000000000000000e+01 3.567846666761880902e-08 1.127657333027586620e-09
1.500000000000000000e+01 1.022889792932233910e-08 2.937933340615310186e-10
1.700000000000000000e+01 3.359004054752977039e-09 7.911096772982924279e-11
1.900000000000000000e+01 1.241910669963648092e-09 4.703691747331748074e-11
