5.214482242496737641e+00 6.986990885856837406e-06 5.112217036269958415e-07
5.717270551852744020e+00 3.933699208659525064e-06 4.018776874833721858e-07
6.244477182009887883e+00 2.210265627414152284e-06 1.287572832366792038e-07
6.732620024446010376e+00 1.272376468796059207e-06 1.733993930631876778e-07
7.228224655793215270e+00 8.176731231360986485e-07 6.125048672238560230e-08
7.735893271611395505e+00 4.944751851711814098e-07 4.113182522338645181e-08
8.273605732002062396e+00 3.654218218103501611e-07 3.765084012050682757e-08
8.752314249657040079e+00 2.241477634479546616e-07 2.157997856678288677e-08
9.239695299111250648e+00 1.249127066721658479e-07 6.208289886202167307e-09
9.742228137010803479e+00 9.024777072957425451e-08 4.841586530591466892e-09
1.086857865534377687e+01 4.155947966934488915e-08 1.325400957142952006e-09
1.284286497758962931e+01 1.144895040138267000e-08 4.226713920339741446e-10
1.485980477748009321e+01 4.032039695329010729e-09 2.233733930327826804e-10
1.687786510684929908e+01 1.465834858000803754e-09 6.930354608635866488e-11
1.880815328225987670e+01 5.276629447035378519e-10 2.939843030065435009e-11
