5.219728943899458073e+00 9.233118637632035982e-06 7.002781582348115716e-07
5.718704343958300740e+00 6.069526575229083049e-06 6.128049273459804147e-07
6.228126879036174124e+00 2.971981472166836063e-06 2.259559112722733244e-07
6.741802294605560242e+00 1.613538739760879016e-06 1.285282408627417241e-07
7.222261042403935072e+00 1.197894173622547973e-06 1.239782706548365660e-07
7.723083272136934241e+00 6.521391634381394878e-07 7.290952076233084524e-08
8.263444506201247819e+00 4.244004566169665449e-07 4.326149049058975372e-08
8.751829363722796629e+00 3.096188304761707217e-07 5.116771302215256830e-08
9.241838676204887193e+00 1.654931862834094401e-07 1.107590352491153021e-08
9.863255671336270680e+00 1.205453086361891130e-07 1.861881132994014694e-08
1.110553383969377528e+01 4.723998953291039292e-08 2.416158641321642505e-09
1.281456696736042566e+01 1.597291044863997502e-08 9.878156752577019920e-10
1.482660302288458531e+01 5.564764530401075311e-09 3.638955412513055185e-10
1.679648842298449196e+01 1.857940609743191982e-09 1.611796410926101064e-10
1.885785795390232877e+01 7.226968368526835265e-10 4.868714729320979053e-11
