5.250000000000000000e+00 4.320793214425459422e-05 1.366114786317188843e-06
5.750000000000000000e+00 1.944965152831763802e-05 6.837095170976316850e-07
6.250000000000000000e+00 1.185415033372241500e-05 5.259479249796247398e-07
6.750000000000000000e+00 6.938936685813883202e-06 3.712221140331664258e-07
7.250000000000000000e+00 3.516443748770862025e-06 1.507628333171154914e-07
7.750000000000000000e+00 2.128243737185613673e-06 1.038402163471057355e-07
8.250000000000000000e+00 1.230541518418122734e-06 6.036022940352430178e-08
8.750000000000000000e+00 8.593662000659393756e-07 4.809989591035112525e-08
9.250000000000000000e+00 5.042322772693151420e-07 2.488895344121026758e-08
9.750000000000000000e+00 3.632063120202436078e-07 2.997688113499054510e-08
1.100000000000000000e+01 1.364652856950054353e-07 4.788562958929010598e-09
1.300000000000000000e+01 3.442479763609654782e-08 9.912067112660852908e-10
1.500000000000000000e+01 1.011426171827548971e-08 3.268227741456369091e-10
1.700000000000000000e+01 3.585685726308237976e-09 1.393824059955719929e-10
1.900000000000000000e+01 1.185104461799246032e-09 5.116099223930129460e-11
