5.247489026248259414e+00 5.865307455626840832e-06 8.357631719580354792e-07
5.765345419387888803e+00 3.035592182070309677e-06 5.398923373335130352e-07
6.247642209444788541e+00 1.442000848463993029e-06 1.342786725184482559e-07
6.725618502702457313e+00 8.902333453310614600e-07 1.014262992721009008e-07
7.209894335349012806e+00 5.495512244384787686e-07 5.361307044824503228e-08
7.740164636228066719e+00 3.861616401532357560e-07 4.784760761832931655e-08
8.261656601164775182e+00 2.245402729243003299e-07 4.044189394815329037e-08
8.747154710584162274e+00 1.329824813850100287e-07 1.168286630129252416e-08
9.261130612700281262e+00 9.664214254436748007e-08 9.050204288951271382e-09
9.732816103697983223e+00 6.730485389778340502e-08 6.815591154411441049e-09
1.091310213911233440e+01 2.928038307269308004e-08 1.958492382232818740e-09
1.283262969364380801e+01 9.053867223327479501e-09 5.296849108432951546e-10
1.473431999233053880e+01 3.270746054348798759e-09 5.590384324337888052e-10
1.688443719761539086e+01 1.179718506693847100e-09 1.052569934045876953e-10
1.878317150173993255e+01 5.137970173841320807e-10 4.913118442210778602e-11
