5.208561950842026889e+00 4.312887070299164130e-06 4.155205925770603937e-07
5.733855636021348623e+00 2.414678572097107379e-06 1.687533395636792651e-07
6.249049142437226756e+00 1.180901411200366202e-06 8.387011607647334379e-08
6.677272382178679244e+00 7.160703606590196102e-06 6.439001807826032443e-06
7.244454055281716265e+00 4.735113338884334041e-07 4.470953656750335186e-08
7.728291211947696304e+00 3.381625192107600987e-07 3.453246411483009619e-08
8.236765656657381030e+00 2.060099201248135646e-07 1.183685704026150866e-08
8.712116850942546620e+00 1.477860374671435136e-07 2.108950654951643645e-08
9.242725768320019242e+00 9.270032797665995578e-08 6.668872699369747083e-09
9.733258149911417689e+00 6.423664559222646194e-08 4.843279722419404281e-09
1.084871021197316843e+01 3.386115290477803877e-08 4.142104162282411256e-09
1.272365893263545544e+01 1.316463641255058048e-08 3.401766688495855053e-09
1.484188673797961044e+01 2.693845520836255256e-09 1.245477245777220201e-10
1.688214995275135166e+01 1.104404512772247083e-09 6.815124109859723188e-11
1.888796532680055762e+01 3.996888656697096212e-10 1.859423211332983546e-11
