5.386553460365681723e+00 1.364949542970735951e-05 8.001029575353424026e-06
5.729700704641972564e+00 2.757238066556006255e-06 1.630972514968650851e-07
6.221357856785155960e+00 1.946835846041180572e-06 2.809213352646965542e-07
6.723616899798709134e+00 1.210744161589485916e-06 9.837627089880716809e-08
7.247986268495623108e+00 6.366504578982267087e-07 6.016242653561586100e-08
7.743758180674958247e+00 4.766200005527504500e-07 5.127920487714172364e-08
8.217736436463098926e+00 2.429830663124011304e-07 2.311181823530001243e-08
8.742786841865545000e+00 1.724065222733740369e-07 9.089873879441198633e-09
9.230101540214276312e+00 1.339539960963144703e-07 1.949527471044154728e-08
9.744418879429936453e+00 8.301235278588384761e-08 5.183004047351398738e-09
1.083296309269257485e+01 3.695365805076196793e-08 1.373637661845443403e-09
1.287630991333609742e+01 1.047004742102862921e-08 4.502128482419670583e-10
1.484585593094159961e+01 3.745716469912177777e-09 1.841606116568855125e-10
1.685845814612120463e+01 1.303335059035161527e-09 6.019918540874111264e-11
1.890868556520007004e+01 4.315731902765725249e-10 1.790746562334771574e-11
