5.250000000000000000e+00 1.779880060950237412e-05 8.238937137005301520e-07
5.750000000000000000e+00 8.694236038655706188e-06 4.415607927095506117e-07
6.250000000000000000e+00 5.245198996657820552e-06 3.745318105594198467e-07
6.750000000000000000e+00 2.640778356576676156e-06 1.898215284072255675e-07
7.250000000000000000e+00 1.527666279897699674e-06 1.065622609865283037e-07
7.750000000000000000e+00 8.863592525544568522e-07 5.089357989635301601e-08
8.250000000000000000e+00 5.375174185781138724e-07 3.172352611650670960e-08
8.750000000000000000e+00 3.522845794055643142e-07 2.079642752718465095e-08
9.250000000000000000e+00 2.391404106802930435e-07 2.090825708781832477e-08
9.750000000000000000e+00 1.422707385503806676e-07 6.197485311541066291e-09
1.100000000000000000e+01 6.396881823675563177e-08 2.104069382304132568e-09
1.300000000000000000e+01 1.721737384743962336e-08 6.854266295198959568e-10
1.500000000000000000e+01 4.899694603736442947e-09 1.792060712224093062e-10
1.700000000000000000e+01 1.782464736539221783e-09 6.121856017588291485e-11
1.900000000000000000e+01 6.269248230829571590e-10 2.325813070534826789e-11
