5.234519932413154386e+00 4.187979095320125564e-06 2.562789366425939429e-07
5.704418644631283009e+00 2.878539301623005225e-06 3.143978691787589005e-07
6.230290930899465174e+00 1.287317688556033024e-06 8.266054556905170796e-08
6.725191503796035697e+00 6.999171008796306384e-07 4.959908373387327258e-08
7.246349232527760975e+00 4.975486431546724043e-07 4.244270659743712387e-08
7.732788167943383861e+00 2.933222102191941853e-07 2.302856448822851422e-08
8.246363532273159436e+00 1.789310098482379133e-07 1.541790264214831466e-08
8.763240365745723182e+00 1.497259965796848502e-07 1.893363672510637850e-08
9.229907492004489455e+00 8.618334559754859650e-08 5.394138062330158055e-09
9.714324454360722783e+00 6.880356899091067156e-08 1.183783472044151240e-08
1.082741751966746868e+01 2.604782892388018094e-08 8.988270691561419413e-10
1.286557923780191182e+01 7.729181676641485845e-09 4.169124669403762209e-10
1.480539810762649289e+01 2.436864335754454661e-09 1.911707039859138282e-10
1.687519916668762221e+01 8.111612919808438052e-10 3.048633506673381724e-11
1.886858060442601825e+01 2.949029907271565545e-10 1.329421424065379106e-11
