5.250000000000000000e+00 4.460222665471987548e-06 2.211664978316131223e-07
5.750000000000000000e+00 2.763520644611681262e-06 1.740427861239501528e-07
6.250000000000000000e+00 1.643465152111263311e-06 1.327602587789138580e-07
6.750000000000000000e+00 9.553044025399077654e-07 7.653900241116918367e-08
7.250000000000000000e+00 5.707726290433960680e-07 3.225428730231090384e-08
7.750000000000000000e+00 3.159717760314034554e-07 1.769242145886310134e-08
8.250000000000000000e+00 2.152315492190788346e-07 1.276255139371569462e-08
8.750000000000000000e+00 1.572787151105821234e-07 1.124535483900583220e-08
9.250000000000000000e+00 9.940640912457759395e-08 5.618229142263631694e-09
9.750000000000000000e+00 8.742781032625536563e-08 9.116112393505088473e-09
1.100000000000000000e+01 3.377970918030005382e-08 1.363445119940456703e-09
1.300000000000000000e+01 9.701345553871874076e-09 5.296308837661124367e-10
1.500000000000000000e+01 2.889019063132684320e-09 1.698945478391446318e-10
1.700000000000000000e+01 1.014706877335188504e-09 5.493145922163001714e-11
1.900000000000000000e+01 4.932778696882983893e-10 7.169515805578396684e-11
