5.227647978731650547e+00 3.438586290958921788e-06 1.820136270721862667e-07
5.713476303596940475e+00 1.816992469690455972e-06 1.114508177227321008e-07
6.228992833659967587e+00 1.139821422874012080e-06 9.679657123016207441e-08
6.713385472778615970e+00 6.873589921791596230e-07 5.529735027091684543e-08
7.229319700267707205e+00 3.721393088380309195e-07 1.886604883408656522e-08
7.709219945839305588e+00 2.401724325859628811e-07 1.396430024461568528e-08
8.236742115212198456e+00 1.681456167740362160e-07 1.128025397190377056e-08
8.773501352231038553e+00 1.045958349690653933e-07 7.752828693191623612e-09
9.211450399136742462e+00 7.952708715891562909e-08 7.910688408369443644e-09
9.741705539996509344e+00 4.958157828235540022e-08 2.691649213048168314e-09
1.088957765168499847e+01 2.164031777353022630e-08 1.051330862092304797e-09
1.277007086804621139e+01 6.503989970351331385e-09 3.110083676006972051e-10
1.484841195012219472e+01 2.151378802320218973e-09 1.360982052957864147e-10
1.678796318711818003e+01 9.064954138567672918e-10 9.469997065001632469e-11
1.889338831444386813e+01 2.745111375821649017e-10 1.764462490554018836e-11
