5.250000000000000000e+00 1.719937920856231297e-05 1.131191621349328945e-06
5.750000000000000000e+00 9.258298323836171336e-06 7.341131450489102504e-07
6.250000000000000000e+00 3.912148245432719257e-06 2.204557245195002655e-07
6.750000000000000000e+00 3.161254056418005158e-06 4.369135545177729640e-07
7.250000000000000000e+00 1.324892796597102249e-06 1.007553197054965181e-07
7.750000000000000000e+00 7.197193303620398746e-07 4.156455657386239916e-08
8.250000000000000000e+00 4.684369561203503060e-07 2.644231532810950210e-08
8.750000000000000000e+00 3.238801954832356101e-07 2.758059079268563148e-08
9.250000000000000000e+00 1.891355951751617749e-07 1.003386579669756176e-08
9.750000000000000000e+00 1.363123384129418680e-07 7.848115292034724403e-09
1.100000000000000000e+01 6.254938296160776791e-08 3.926712654995067023e-09
1.300000000000000000e+01 1.621167572126980864e-08 7.390725017947743932e-10
1.500000000000000000e+01 5.261610209147351215e-09 2.786277785202441780e-10
1.700000000000000000e+01 1.670584673995653302e-09 5.687038703048105977e-11
1.900000000000000000e+01 6.823816269695662309e-10 3.171097297437396305e-11
