5.228079391381778684e+00 5.525366551300002096e-06 8.220987194970029824e-07
5.723527930478794268e+00 2.413569598996598323e-06 1.998906972298845689e-07
6.188863483240302443e+00 1.869260508671003977e-06 4.732277559458642408e-07
6.723689794866150926e+00 1.075316734210036888e-06 1.315832591364723943e-07
7.238027195276441894e+00 6.037333446316037499e-07 8.693873808867806070e-08
7.735749821064834109e+00 3.038472189909859097e-07 2.039056795936782457e-08
8.219597937352460804e+00 2.722592281487396567e-07 5.402731647936720513e-08
8.735411179588817632e+00 1.413051574068052224e-07 9.672728163437112490e-09
9.252381097337119442e+00 9.982062585829866465e-08 1.042499734767268006e-08
9.725603536712972286e+00 6.436765935741299496e-08 4.798050629260477480e-09
1.077411638067341038e+01 3.292485755810860217e-08 2.080969182689746267e-09
1.283003827368607652e+01 9.071478647792134354e-09 6.998393300390389422e-10
1.491155583628992076e+01 2.906481067710780640e-09 2.240153850902344551e-10
1.686514843064270153e+01 8.998923973622582574e-10 5.059694255360822579e-11
1.900170037667626488e+01 5.226218777481800739e-10 7.252127445832019879e-11
