5.191014984062580773e+00 7.919564762544003761e-06 8.729302490910169447e-07
5.741273116088510875e+00 2.911385120822161948e-06 1.698937295051123705e-07
6.236978183163182976e+00 2.192130817300879684e-06 2.854787283021999986e-07
6.740086783528366432e+00 1.027579398430911211e-06 7.770482837793336058e-08
7.262110602158755590e+00 9.268385581904983087e-07 2.206385597623210065e-07
7.706692239085142226e+00 4.350328459963233996e-07 4.944770634398698127e-08
8.221316832564214749e+00 2.913650811892379516e-07 3.648818827918903017e-08
8.744287357319500131e+00 1.631737491902342746e-07 9.708756392469853497e-09
9.233697497011153388e+00 1.035825743134617062e-07 6.586152938969080165e-09
9.750853164383260108e+00 6.867815809859123901e-08 4.812353189593730838e-09
1.081379110186603931e+01 3.237588207098958677e-08 1.322170809165438543e-09
1.284044543452474052e+01 8.514550256852284998e-09 3.381139130879126130e-10
1.480270544492516294e+01 2.975160245146397782e-09 2.729549256611109129e-10
1.685226420062528163e+01 1.048187430273086446e-09 6.690329738472050713e-11
1.887537841115780424e+01 3.518005768642656905e-10 1.579025111816060244e-11
