5.221855792848558941e+00 6.643504068317363702e-06 6.357120370401771519e-07
5.741012518581254831e+00 3.101450285713019467e-06 1.724517591866712523e-07
6.257694437649155894e+00 1.696204428708814882e-06 1.063387399909258485e-07
6.736271333712960718e+00 1.033344406428913617e-06 7.486006657960266052e-08
7.182387736634973763e+00 8.688213817517241653e-07 2.176281894748336395e-07
7.776653652945094031e+00 4.894305903716192202e-07 5.498281395226241126e-08
8.242891686637465298e+00 2.640971539950835976e-07 2.255429616680572819e-08
8.725183675768304781e+00 1.755412619008052363e-07 1.988863139922868576e-08
9.236338348561838885e+00 1.196732955379728333e-07 7.556440507674664203e-09
9.750139007732107288e+00 8.784054618521497024e-08 6.162810790506519648e-09
1.079129698854095132e+01 3.981832743255086214e-08 1.626009636862704840e-09
1.284612409414478762e+01 1.054239307976258851e-08 3.766368770688328310e-10
1.485742135648119877e+01 3.476486005436330065e-09 3.013703296735852103e-10
1.682472860751378008e+01 1.304427903478820940e-09 7.598172669848305145e-11
1.882595525130158265e+01 4.583183106197728746e-10 3.593995727185310396e-11
