5.230264017977806823e+00 4.456887396820401456e-06 3.032314263793316690e-07
5.730224251172086447e+00 3.044039923734079487e-06 2.595362210368802477e-07
6.262069914838937379e+00 1.677230985011370429e-06 1.661668380199531875e-07
6.760031800730807561e+00 1.018842448846576101e-06 1.332498659973007929e-07
7.252518624399558078e+00 5.922065495340952042e-07 7.094025402613264083e-08
7.723166171535615909e+00 3.506516034998927178e-07 4.811881278126654503e-08
8.236630820486302795e+00 2.173407876662755691e-07 1.653572886854860911e-08
8.705532816717820310e+00 2.252777276713976510e-07 5.479010053888888754e-08
9.269853530726564372e+00 1.032679482212986786e-07 1.011814929561608962e-08
9.778193961831766146e+00 6.967615976159210099e-08 6.783200404389732149e-09
1.068752526779608125e+01 3.980040032143600103e-08 7.930305794454038949e-09
1.278309787442701584e+01 1.088460241922615088e-08 8.600034064211408542e-10
1.477024512390715749e+01 2.763095146737207381e-09 2.068145951968466301e-10
1.681851830236800538e+01 1.177912800116758386e-09 1.042762412722456985e-10
1.885724802813479783e+01 3.769816148147531943e-10 2.717657175923390138e-11
