5.250000000000000000e+00 1.760748486754909825e-05 1.064196962785124690e-06
5.750000000000000000e+00 8.047417511371972735e-06 3.983297199386213299e-07
6.250000000000000000e+00 4.610491985096154533e-06 3.898654156064756702e-07
6.750000000000000000e+00 2.324067419085281804e-06 1.447501259556498607e-07
7.250000000000000000e+00 1.346312242139160813e-06 9.906074837577673240e-08
7.750000000000000000e+00 9.528637326745452314e-07 9.146807304314994513e-08
8.250000000000000000e+00 6.024709332356616825e-07 5.920587049959324649e-08
8.750000000000000000e+00 3.988338028580126709e-07 4.534587927528873105e-08
9.250000000000000000e+00 2.229585704117192702e-07 2.249592867351224130e-08
9.750000000000000000e+00 1.324879982813135989e-07 8.838102963670655188e-09
1.100000000000000000e+01 6.139326180615108044e-08 2.432592082889729345e-09
1.300000000000000000e+01 1.740827352291320301e-08 1.030859250920091466e-09
1.500000000000000000e+01 5.247396880184858378e-09 2.464869184329011330e-10
1.700000000000000000e+01 1.798663775126803101e-09 6.840844471381358984e-11
1.900000000000000000e+01 6.888475719164480103e-10 3.122420346091127943e-11
