5.250000000000000000e+00 3.889123596309884676e-06 3.212825871905902910e-07
5.750000000000000000e+00 2.015329316877502881e-06 2.259460152487666732e-07
6.250000000000000000e+00 1.092167712178995509e-06 1.427775937107045188e-07
6.750000000000000000e+00 6.302420938211288066e-07 4.549978933360948430e-08
7.250000000000000000e+00 3.544909510047065405e-07 2.334285167439079928e-08
7.750000000000000000e+00 2.413758366172143708e-07 2.071711025171951235e-08
8.250000000000000000e+00 1.582253496991346926e-07 1.434126836416378337e-08
8.750000000000000000e+00 9.708372198082729845e-08 5.123809418510748380e-09
9.250000000000000000e+00 6.949880089315014072e-08 4.072210392809635814e-09
9.750000000000000000e+00 5.278003507013861088e-08 3.565019594617077947e-09
1.100000000000000000e+01 2.025241736622171805e-08 7.905201384029687803e-10
1.300000000000000000e+01 5.988202071703179749e-09 2.061045876901581015e-10
1.500000000000000000e+01 1.947211137912468743e-09 6.892319996619723053e-11
1.700000000000000000e+01 6.911755856019856172e-10 2.469774884923292932e-11
1.900000000000000000e+01 2.360760583677371643e-10 9.002506880647606319e-12
