5.250000000000000000e+00 2.104929937254848099e-05 1.638009800172015836e-05
5.750000000000000000e+00 2.589575833997500360e-06 1.335908703534287852e-07
6.250000000000000000e+00 1.377451790494666154e-06 6.739763663954405644e-08
6.750000000000000000e+00 8.336904515228104842e-07 5.369125853101141029e-08
7.250000000000000000e+00 5.008622736845082751e-07 2.354560820909086255e-08
7.750000000000000000e+00 3.317666764043517955e-07 4.021505227817124121e-08
8.250000000000000000e+00 2.288421714150824510e-07 1.409324022905396430e-08
8.750000000000000000e+00 1.338427886222586345e-07 9.930788885754426445e-09
9.250000000000000000e+00 8.984164062110880814e-08 5.850297086440789077e-09
9.750000000000000000e+00 6.436871732044125066e-08 5.131113230858298932e-09
1.100000000000000000e+01 2.767910764561399851e-08 1.147624069055774931e-09
1.300000000000000000e+01 7.324818181350066812e-09 4.261563001266825702e-10
1.500000000000000000e+01 2.394927508932509764e-09 1.816172004389418682e-10
1.700000000000000000e+01 9.211762714111775154e-10 6.105279548607330281e-11
1.900000000000000000e+01 2.817790958014753897e-10 2.024906155045678206e-11
