5.250000000000000000e+00 8.958789984452006190e-06 5.577376358693843606e-07
5.750000000000000000e+00 2.067323756731545976e-05 1.497061411789252427e-05
6.250000000000000000e+00 3.543408049586991404e-06 6.415360906108879606e-07
6.750000000000000000e+00 1.594524418571253630e-06 4.920428991139660315e-08
7.250000000000000000e+00 9.905270469147267030e-07 3.435777260767509059e-08
7.750000000000000000e+00 6.203855374578398057e-07 2.489917718886237740e-08
8.250000000000000000e+00 4.060798123992725380e-07 1.884268638537145447e-08
8.750000000000000000e+00 2.858378427708119770e-07 1.539880205840514934e-08
9.250000000000000000e+00 1.614407881373644396e-07 8.680447934106490822e-09
9.750000000000000000e+00 1.303334316471609202e-07 7.943081978419650312e-09
1.100000000000000000e+01 5.790959241474980443e-08 2.152372817361301530e-09
1.300000000000000000e+01 1.575007760253230790e-08 7.460520007212922297e-10
1.500000000000000000e+01 4.917291569823945617e-09 3.045215507871187840e-10
1.700000000000000000e+01 1.715904087103794445e-09 1.141142053085829181e-10
1.900000000000000000e+01 5.892005170505252254e-10 3.557235586550869392e-11
