5.200892689326223284e+00 7.179069226538156851e-06 8.683808559648760113e-07
5.735605373098096926e+00 3.052204234585084707e-06 2.291807512154521104e-07
6.254576923208911232e+00 2.162072842434479167e-06 4.782573340761322341e-07
6.733788016900022377e+00 1.161643364972895894e-06 1.311207476188879668e-07
7.226667298349963353e+00 6.952399985761335630e-07 5.656975945203784206e-08
7.744471506528717519e+00 3.406245127538547680e-07 2.086856054488354166e-08
8.214841339841575163e+00 3.334096573002477082e-07 5.804267496228323550e-08
8.768570236504817927e+00 2.031124789482780669e-07 3.845047823346163334e-08
9.237901921874938083e+00 1.175039608432158909e-07 8.870472891162094179e-09
9.755902988027393974e+00 9.125276497761428021e-08 9.122039058262335501e-09
1.087375426131554512e+01 4.428214041954485925e-08 2.793038534840638580e-09
1.285820108619290103e+01 1.257458305507972313e-08 8.921273343015578674e-10
1.485286011741361989e+01 3.371655867449340526e-09 2.212410838207396559e-10
1.688102416484890256e+01 1.428974624157307584e-09 1.248755790914976787e-10
1.889945315824679284e+01 5.021359173733286074e-10 3.729113199669869188e-11
