5.242419691858049013e+00 8.163943391673732811e-06 1.149389145967455270e-06
5.714357733537712036e+00 3.274562030561302125e-06 2.648306745157539473e-07
6.225242986738815709e+00 1.886396820608735854e-06 1.748999427895910233e-07
6.717368567542316704e+00 1.377553907196163866e-06 1.653974985012652724e-07
7.247839195492941755e+00 5.896751430967611069e-07 5.476830224734014022e-08
7.738869788787775761e+00 4.191018130580294328e-07 4.915308345040607068e-08
8.251768957596199883e+00 3.242663542229665345e-07 5.883817014914527857e-08
8.734527634665452567e+00 1.506279536641486397e-07 1.269102506359846695e-08
9.244475637761990328e+00 1.006026063393804968e-07 7.991753054055363356e-09
9.870508087776777018e+00 8.106900550462362493e-08 6.955927856650755179e-09
1.109564900370968665e+01 3.469014474390659446e-08 2.607954127324253803e-09
1.281874887740319124e+01 1.171439618275404402e-08 8.923563024167450239e-10
1.480581589737652060e+01 3.735508939502729095e-09 2.992067525871093589e-10
1.689604739258742327e+01 1.140182039940789042e-09 6.545183562405259368e-11
1.878928668236862265e+01 4.521269335650597173e-10 3.125199054549056907e-11
