5.250000000000000000e+00 3.337997646230102631e-06 2.246441561888156015e-07
5.750000000000000000e+00 1.846600667268509672e-06 1.240517968572425588e-07
6.250000000000000000e+00 9.818073852333428252e-07 6.167095782485166866e-08
6.750000000000000000e+00 7.765240411055122097e-07 1.113076479406104174e-07
7.250000000000000000e+00 4.949687803993501598e-07 7.548688254270744439e-08
7.750000000000000000e+00 2.643814675013473302e-07 2.370335575157611057e-08
8.250000000000000000e+00 1.802941565882097182e-07 1.770573784600651081e-08
8.750000000000000000e+00 1.080376888016676336e-07 7.280269471684081869e-09
9.250000000000000000e+00 7.091013406659580890e-08 9.059569166386024948e-09
9.750000000000000000e+00 4.469004533277795295e-08 3.664421422745114839e-09
1.100000000000000000e+01 2.262481746084594717e-08 1.187014676705299690e-09
1.300000000000000000e+01 6.090097701141826036e-09 4.075165171312334234e-10
1.500000000000000000e+01 1.954594669627626334e-09 1.547045734134798417e-10
1.700000000000000000e+01 7.815724939884679914e-10 5.387887155100606680e-11
1.900000000000000000e+01 3.140199121601242458e-10 3.043028905229194525e-11
