5.268074823186341682e+00 1.500098250777078156e-05 1.181530745683954700e-05
5.726331373268685354e+00 1.743471135254113612e-06 1.612000899098343451e-07
6.238544847513489700e+00 1.047578303355940502e-06 1.246093122352991563e-07
6.718605170311990449e+00 6.312665450498637455e-07 8.313106816069427349e-08
7.212935543957109452e+00 3.777681185309272157e-07 5.530868212965095284e-08
7.745699044210754280e+00 2.148182561263252369e-07 1.534187906653079227e-08
8.230104320896108661e+00 1.401526096235409041e-07 1.102656376956837267e-08
8.760439786807792117e+00 9.660833689541655626e-08 9.342428164496658076e-09
9.232932956601729302e+00 6.640896051554101468e-08 7.252162755585046522e-09
9.711129742698039635e+00 4.260656764289480734e-08 4.553203720789396223e-09
1.076079329159746933e+01 1.995595358559157443e-08 1.361564628420728109e-09
1.277495905640215135e+01 5.944855483883953992e-09 3.860739529250912396e-10
1.471593744419698879e+01 2.461020732890553277e-09 4.154311857889714204e-10
1.694783420400954554e+01 6.078329634478568261e-10 4.353861018972960730e-11
1.883869490758779008e+01 2.313832081909616209e-10 1.906200632366453041e-11
