5.226748069561304000e+00 8.450844717311561534e-06 7.038861572251689068e-07
5.707705062218075831e+00 1.920082147579556904e-05 1.506762308129600554e-05
6.232829888103022853e+00 2.387854088298675190e-06 1.961917201000050814e-07
6.691505770837277822e+00 1.849511515192678806e-06 4.400628395517392752e-07
7.221169377887851404e+00 8.149756815937556028e-07 7.207344717246007023e-08
7.744414222444790497e+00 5.559471169794697968e-07 6.410404845385713249e-08
8.215875741018686895e+00 3.936408741621006825e-07 4.486552160820230235e-08
8.761143869722111788e+00 2.515234008340702365e-07 3.974037994114291563e-08
9.238270306030575085e+00 1.376919749730766889e-07 9.069540586319981437e-09
9.924209677681071540e+00 1.088284874741337794e-07 6.936088658356353255e-09
1.109207131644316568e+01 4.276717731486999460e-08 2.640478161745503747e-09
1.279878021729627413e+01 1.485597466682077087e-08 9.822346607224187104e-10
1.482401624650739791e+01 4.834142701175411708e-09 5.097129686828902227e-10
1.692973126834585074e+01 1.747834934751097748e-09 1.438353202093061413e-10
1.888561142554330630e+01 6.446662859341794260e-10 3.894883875476452353e-11
