5.250000000000000000e+00 7.455101641958129276e-06 3.190783984711842400e-07
5.750000000000000000e+00 3.878095475699171463e-06 2.092493116942684506e-07
6.250000000000000000e+00 2.176156106251731663e-06 1.168908782998713207e-07
6.750000000000000000e+00 1.377522516654241986e-06 5.973760279573972975e-08
7.250000000000000000e+00 7.728439698733932232e-07 3.591013269334105998e-08
7.750000000000000000e+00 4.946675167206536305e-07 2.759150458424618716e-08
8.250000000000000000e+00 2.971979453058136730e-07 1.538842841506903654e-08
8.750000000000000000e+00 2.361808912980127044e-07 1.691867874307456283e-08
9.250000000000000000e+00 1.435661225226149303e-07 9.010509238549312630e-09
9.750000000000000000e+00 1.071346080732848475e-07 9.425403850307463580e-09
1.100000000000000000e+01 4.837995500264703354e-08 2.400732616961278327e-09
1.300000000000000000e+01 1.373802317716568361e-08 1.191024150156049657e-09
1.500000000000000000e+01 3.853136025176939483e-09 2.086616043049587461e-10
1.700000000000000000e+01 1.613586496423451283e-09 1.473740475112065309e-10
1.900000000000000000e+01 6.246533765674808420e-10 4.856927811979832252e-11
