5.177704337948153324e+00 2.953897493525361080e-06 6.416669142990498295e-07
5.730502256994634003e+00 1.425487680795372133e-06 1.807249648462697445e-07
6.216581682513936613e+00 7.425864667847622872e-07 1.031133260082205966e-07
6.754508736704313954e+00 3.438526653960788839e-07 2.502661686018590950e-08
7.251698585593520541e+00 3.108508255589967292e-07 6.168150674561025850e-08
7.753587022140306040e+00 1.279119014393459038e-07 1.117749975786793627e-08
8.279145409219296425e+00 1.453971740419890486e-07 3.837879853246907512e-08
8.758113366264018040e+00 6.908716968508090232e-08 6.866116253611151995e-09
9.239900640702542134e+00 4.034998533597216341e-08 4.561387514242531168e-09
9.724735685322972500e+00 2.761670819366832419e-08 2.470112372302378523e-09
1.081365592347676774e+01 1.538994910248480373e-08 8.333219698093119768e-10
1.281136725933131437e+01 4.694856281106610528e-09 3.589945601993859040e-10
1.485739081181225885e+01 1.436675422189851395e-09 1.486646431376673384e-10
1.678728410110067415e+01 5.528496281029441016e-10 4.659096834116494446e-11
1.882520696823811335e+01 1.906152143634326587e-10 1.814015129674968582e-11
