5.198634795028802991e+00 4.756906337311628236e-06 6.211011314919904545e-07
5.717859231078456617e+00 3.072142468189741824e-06 2.714029990007535762e-07
6.237621964270174679e+00 1.523105978780399148e-06 1.595310945622514685e-07
6.743729920357135477e+00 7.271969759436684335e-07 5.718250484434584504e-08
7.204214147275223468e+00 5.612114110714879037e-07 7.652323023361120072e-08
7.733518811711400431e+00 2.963168282654314627e-07 2.046160831618125162e-08
8.237480432595267743e+00 2.536472157783966570e-07 4.046569148068786629e-08
8.762596355405257498e+00 1.391716791800134245e-07 1.106589150232011236e-08
9.237034209619695346e+00 9.495385086655506115e-08 8.909491563780049066e-09
9.750334653006994756e+00 6.587289295684511985e-08 4.811220405577362868e-09
1.083876504197437995e+01 3.163953739043550136e-08 1.979461576014971904e-09
1.280602573628780938e+01 9.510086172350816162e-09 7.418536190892643987e-10
1.490900685714196783e+01 2.702790860869169578e-09 1.192505774795569961e-10
1.679362483979211618e+01 1.240252488782059535e-09 1.171935820776575232e-10
1.882091439612859674e+01 4.463481889524637107e-10 3.117578237876448768e-11
