5.279859509178430166e+00 1.670568637272080905e-05 1.177611110538609344e-05
5.736744210473851524e+00 2.430554928289030140e-06 4.132099555009028077e-07
6.216393813974020688e+00 1.264917536616178812e-06 1.176238101156690663e-07
6.742865044923726181e+00 7.600066429121620342e-07 6.109710013745764476e-08
7.242398167759533045e+00 5.292558256073949503e-07 7.089143382549402937e-08
7.732656427259317233e+00 2.880490030751128949e-07 3.543452635844799201e-08
8.242634211360309493e+00 2.506557716370024007e-07 4.398854221700850166e-08
8.717705142360578918e+00 1.385254455570564894e-07 1.187436793172186609e-08
9.254602647620787437e+00 9.530316053552993816e-08 8.579803758943340341e-09
9.724848561152699133e+00 5.883416304363486088e-08 4.895166372435775509e-09
1.081850396093828337e+01 2.802442414754460242e-08 1.516889854444384019e-09
1.280751061318771455e+01 7.537760613792565890e-09 4.055826112520975072e-10
1.481101139648121467e+01 2.644231951274269127e-09 2.022278259905271352e-10
1.681006549917664472e+01 1.136868896636171692e-09 1.083105807489575129e-10
1.884529756975985038e+01 3.842466268680012990e-10 3.023932453747697327e-11
