5.250000000000000000e+00 1.090205965886308525e-05 7.811809228775660172e-07
5.750000000000000000e+00 4.438888285117730524e-06 2.690965025530597446e-07
6.250000000000000000e+00 2.526240854603547631e-06 1.998206086676957771e-07
6.750000000000000000e+00 1.380850620016952311e-06 1.523417617667991362e-07
7.250000000000000000e+00 6.674423667991341931e-07 4.960127532085055509e-08
7.750000000000000000e+00 4.342858743772628844e-07 4.195150144807794802e-08
8.250000000000000000e+00 3.150545847448861844e-07 2.989802962408877358e-08
8.750000000000000000e+00 1.893025676009966655e-07 1.984522618397864246e-08
9.250000000000000000e+00 1.060542186926576072e-07 7.377426606661181229e-09
9.750000000000000000e+00 7.167754945613628832e-08 4.751282022349564404e-09
1.100000000000000000e+01 3.387473389597456539e-08 1.271955388085439972e-09
1.300000000000000000e+01 8.938033859290979065e-09 3.727466849561895660e-10
1.500000000000000000e+01 3.128738997994467295e-09 1.890768509789641050e-10
1.700000000000000000e+01 9.813058554269203609e-10 5.545411230781931126e-11
1.900000000000000000e+01 3.880782296200636323e-10 1.868953386351839266e-11
