5.250000000000000000e+00 1.366050783200669277e-05 7.570140990721251930e-07
5.750000000000000000e+00 6.283814838204027068e-06 3.355114788280982993e-07
6.250000000000000000e+00 3.020467543712225776e-06 1.433567257968806686e-07
6.750000000000000000e+00 2.014901319486666370e-06 1.970953459934946713e-07
7.250000000000000000e+00 1.053401119877280790e-06 7.022757387301548254e-08
7.750000000000000000e+00 6.894110445288168096e-07 5.719967567437981449e-08
8.250000000000000000e+00 3.785611460102324204e-07 2.513115859640389129e-08
8.750000000000000000e+00 2.359841313277209411e-07 1.541441875960498493e-08
9.250000000000000000e+00 1.931041925056228330e-07 1.485974952172142203e-08
9.750000000000000000e+00 9.818425754221922761e-08 5.135137002693606945e-09
1.100000000000000000e+01 4.784358089108913585e-08 1.692147646682984722e-09
1.300000000000000000e+01 1.351514911617414555e-08 6.022335690016565677e-10
1.500000000000000000e+01 4.293407692386350939e-09 1.891602022360538978e-10
1.700000000000000000e+01 1.345300260826255842e-09 5.754842035335515308e-11
1.900000000000000000e+01 5.097760904092470146e-10 1.945479490745302995e-11
