5.250000000000000000e+00 1.358268098075434174e-05 7.743639487823402051e-07
5.750000000000000000e+00 6.068494792795546220e-06 4.151012817796046175e-07
6.250000000000000000e+00 3.557338135448657438e-06 2.772967999979000074e-07
6.750000000000000000e+00 1.624032935477964993e-06 1.070958513412168040e-07
7.250000000000000000e+00 8.897502696120708314e-07 5.238179065821612603e-08
7.750000000000000000e+00 6.060947819175420096e-07 4.618503457887313954e-08
8.250000000000000000e+00 3.492053295559229548e-07 2.766600631648853996e-08
8.750000000000000000e+00 2.411114943223815731e-07 2.173960511471691585e-08
9.250000000000000000e+00 1.684518953045872988e-07 1.917895503474402898e-08
9.750000000000000000e+00 9.638793352042802551e-08 5.863392738681522658e-09
1.100000000000000000e+01 4.594982130752156204e-08 1.907348584457212601e-09
1.300000000000000000e+01 1.262479422122109971e-08 7.303186716701701840e-10
1.500000000000000000e+01 3.514310748131058474e-09 1.596189087433262670e-10
1.700000000000000000e+01 1.194953105515610391e-09 5.456985457842283095e-11
1.900000000000000000e+01 4.824410597517293984e-10 2.188163897735170342e-11
