5.250000000000000000e+00 1.665077216813491175e-05 7.894036669625482022e-07
5.750000000000000000e+00 7.294224595584858400e-06 4.516171683689587248e-07
6.250000000000000000e+00 3.952056640440013368e-06 2.605623359793568033e-07
6.750000000000000000e+00 1.962887126978403495e-06 1.035350540342522432e-07
7.250000000000000000e+00 1.166306287481495029e-06 8.213048744893506016e-08
7.750000000000000000e+00 7.166191927228875645e-07 4.858857468664205313e-08
8.250000000000000000e+00 4.551442708518138286e-07 2.710621125157010461e-08
8.750000000000000000e+00 3.343059347274241144e-07 3.789560532040068157e-08
9.250000000000000000e+00 2.209594309053288896e-07 2.162074665906595740e-08
9.750000000000000000e+00 1.167940495750505745e-07 5.928693889779591817e-09
1.100000000000000000e+01 5.317772111390596842e-08 2.087076600413251106e-09
1.300000000000000000e+01 1.415802249739054528e-08 5.992021130588104552e-10
1.500000000000000000e+01 4.374925300113079373e-09 1.641606788356188844e-10
1.700000000000000000e+01 1.496015739775636375e-09 5.481712950985140284e-11
1.900000000000000000e+01 6.007264195459213007e-10 2.798315524278448794e-11
