5.250000000000000000e+00 1.222227155781968386e-05 6.664028959068731827e-07
5.750000000000000000e+00 6.496982278997560117e-06 4.764210159072394699e-07
6.250000000000000000e+00 2.977090456381188912e-06 2.366640449717808710e-07
6.750000000000000000e+00 1.880169069903012446e-06 1.746286413704045858e-07
7.250000000000000000e+00 9.497185762284682178e-07 7.216232607669887236e-08
7.750000000000000000e+00 4.925266836937010995e-07 3.391878052705232522e-08
8.250000000000000000e+00 3.178746214106823438e-07 1.994992314572595889e-08
8.750000000000000000e+00 2.372906247537122202e-07 2.125516520936465114e-08
9.250000000000000000e+00 1.424873658190810961e-07 1.772889026095650192e-08
9.750000000000000000e+00 1.023020106962353755e-07 1.232058912935933125e-08
1.100000000000000000e+01 4.147591639227008993e-08 2.848644062659905645e-09
1.300000000000000000e+01 1.063708456791524401e-08 3.560542213601146836e-10
1.500000000000000000e+01 3.423444002786969544e-09 1.568770545640771015e-10
1.700000000000000000e+01 1.293176777382997827e-09 9.449592350613164340e-11
1.900000000000000000e+01 4.340445419783513192e-10 2.939000488593680613e-11
