5.250000000000000000e+00 2.058129723115587821e-05 9.072811559817374600e-07
5.750000000000000000e+00 9.871548234743155058e-06 4.653297600642205836e-07
6.250000000000000000e+00 5.418538845881936706e-06 3.485619900904038908e-07
6.750000000000000000e+00 3.203597390250470794e-06 2.883765305009577358e-07
7.250000000000000000e+00 1.498773217677006214e-06 8.874052072237085292e-08
7.750000000000000000e+00 9.641551267373556013e-07 6.601071725337542761e-08
8.250000000000000000e+00 5.711928417712015853e-07 4.417553640426061784e-08
8.750000000000000000e+00 4.239978337470473375e-07 4.221652298807092755e-08
9.250000000000000000e+00 2.508730822680069740e-07 2.085770962407347439e-08
9.750000000000000000e+00 1.638050650714324863e-07 1.382849610028123889e-08
1.100000000000000000e+01 7.074358165269529643e-08 2.470510789504325238e-09
1.300000000000000000e+01 1.654823458741861169e-08 5.150261402253610141e-10
1.500000000000000000e+01 5.716461098137291278e-09 4.128716710097941093e-10
1.700000000000000000e+01 1.906045345361847154e-09 8.509924945351251927e-11
1.900000000000000000e+01 7.129341501523360812e-10 2.972531882699967534e-11
