5.250000000000000000e+00 9.146199929562943016e-06 6.450071832491866925e-07
5.750000000000000000e+00 4.185396964880629009e-06 3.606959088558536570e-07
6.250000000000000000e+00 1.991453764759761770e-06 2.172952868938072909e-07
6.750000000000000000e+00 1.079267487504697056e-06 9.629281824109897068e-08
7.250000000000000000e+00 5.562564780951257853e-07 4.312427966370002689e-08
7.750000000000000000e+00 3.175502412159151126e-07 2.542787089020622257e-08
8.250000000000000000e+00 1.627447942111146899e-07 8.591916681087534405e-09
8.750000000000000000e+00 1.301415330002457735e-07 7.339750455029149506e-09
9.250000000000000000e+00 8.151268734729852953e-08 5.175033988730996844e-09
9.750000000000000000e+00 7.010048557922554585e-08 1.206773233688517131e-08
1.100000000000000000e+01 2.748353265258325582e-08 1.357452314620868978e-09
1.300000000000000000e+01 7.154897730438644154e-09 2.758765232627931844e-10
1.500000000000000000e+01 2.190406094114863147e-09 7.611076397491674090e-11
1.700000000000000000e+01 8.215256651388200134e-10 4.212975285054848408e-11
1.900000000000000000e+01 3.185208782065592049e-10 1.682748799732363681e-11
