5.250000000000000000e+00 1.107478690285309046e-05 7.631386079503178344e-07
5.750000000000000000e+00 4.830906350089061431e-06 3.120859845893467057e-07
6.250000000000000000e+00 3.106917175220608037e-06 3.170378743118090829e-07
6.750000000000000000e+00 1.471811682029576335e-06 1.562815249784984858e-07
7.250000000000000000e+00 8.377158992962990198e-07 6.504854618196490826e-08
7.750000000000000000e+00 5.511802986031211399e-07 5.286499020740023975e-08
8.250000000000000000e+00 2.933607685251649348e-07 2.254868171612873988e-08
8.750000000000000000e+00 2.183147344461843138e-07 1.673634182116688505e-08
9.250000000000000000e+00 1.375052619847106684e-07 1.328074047234116641e-08
9.750000000000000000e+00 8.750188223750091182e-08 5.647273314976315402e-09
1.100000000000000000e+01 3.777612089645385760e-08 1.048720217947863977e-09
1.300000000000000000e+01 1.065663390377962628e-08 3.412272020352458503e-10
1.500000000000000000e+01 3.374374010298001822e-09 1.075345406459727532e-10
1.700000000000000000e+01 1.214928325403286267e-09 4.410648217732652235e-11
1.900000000000000000e+01 4.588403431278329441e-10 1.860662243730615855e-11
