5.250000000000000000e+00 2.607748175364211363e-05 1.149450509801827758e-06
5.750000000000000000e+00 1.252592196904152512e-05 5.998317372050307765e-07
6.250000000000000000e+00 5.987278433168687726e-06 3.252494726739538558e-07
6.750000000000000000e+00 3.692623866485587030e-06 2.364903378114574843e-07
7.250000000000000000e+00 2.009110731676490514e-06 1.057945630192765161e-07
7.750000000000000000e+00 1.049066680234383212e-06 5.513969231453158039e-08
8.250000000000000000e+00 7.843633131975698702e-07 6.366458580428640855e-08
8.750000000000000000e+00 4.479560859656804340e-07 2.527656005467011434e-08
9.250000000000000000e+00 3.353971744195899116e-07 2.978952324075892196e-08
9.750000000000000000e+00 2.041005804503137845e-07 1.495475667899564170e-08
1.100000000000000000e+01 8.581937998890258237e-08 4.416689113896824645e-09
1.300000000000000000e+01 2.028448097866864253e-08 5.406935956797597699e-10
1.500000000000000000e+01 6.162997955507464973e-09 2.239965056237835891e-10
1.700000000000000000e+01 2.260820725471347240e-09 1.182474968557013163e-10
1.900000000000000000e+01 8.156448713650401951e-10 4.136713623421338203e-11
