5.250000000000000000e+00 1.404017156063571942e-05 7.110699223935667739e-07
5.750000000000000000e+00 6.757117755437369904e-06 4.081963203891665420e-07
6.250000000000000000e+00 3.545422534545583424e-06 2.481751262186821398e-07
6.750000000000000000e+00 1.803333677517500536e-06 1.022513048294567997e-07
7.250000000000000000e+00 1.047026886348923794e-06 6.217682724670157118e-08
7.750000000000000000e+00 6.593118123326164456e-07 5.090699375293581387e-08
8.250000000000000000e+00 3.671338320036060937e-07 2.292567176476092888e-08
8.750000000000000000e+00 2.608059958401979684e-07 2.014031101419251371e-08
9.250000000000000000e+00 1.515682978419388015e-07 7.795921575068796803e-09
9.750000000000000000e+00 1.208508882199361467e-07 7.583937517332909855e-09
1.100000000000000000e+01 4.950134751059573129e-08 1.813818044989545187e-09
1.300000000000000000e+01 1.342448981221070183e-08 5.154151097911417520e-10
1.500000000000000000e+01 4.242052809618037931e-09 1.941303689102586898e-10
1.700000000000000000e+01 1.429463294400798057e-09 5.495080085128149357e-11
1.900000000000000000e+01 5.363798045088599836e-10 2.690228034636980010e-11
