5.250000000000000000e+00 7.343238883511701041e-06 5.619581044654786333e-07
5.750000000000000000e+00 3.290247411902625834e-06 3.158506142327385711e-07
6.250000000000000000e+00 1.926461899334758922e-06 2.456405035924559173e-07
6.750000000000000000e+00 7.883180343492924814e-07 5.362750912301226675e-08
7.250000000000000000e+00 4.314349171656755036e-07 2.525996257991674677e-08
7.750000000000000000e+00 3.302395456965680940e-07 3.077586654708706700e-08
8.250000000000000000e+00 1.759879613333399612e-07 1.452911056834437975e-08
8.750000000000000000e+00 1.189046475285917925e-07 6.948442967208524176e-09
9.250000000000000000e+00 8.099307568637259184e-08 5.437841488067740552e-09
9.750000000000000000e+00 6.026093976344020851e-08 4.652877153339252121e-09
1.100000000000000000e+01 2.347942696558441787e-08 8.066664338405501459e-10
1.300000000000000000e+01 6.601375966437179499e-09 2.380946999736632939e-10
1.500000000000000000e+01 2.153559961268958735e-09 1.058744917410313089e-10
1.700000000000000000e+01 7.826909832201924475e-10 2.968520261364051795e-11
1.900000000000000000e+01 2.720743701649716085e-10 1.187426544280362909e-11
