5.250000000000000000e+00 1.018740065762177578e-05 6.295658341141046761e-07
5.750000000000000000e+00 5.596534277038563978e-06 4.513684123137647284e-07
6.250000000000000000e+00 2.398845992724383195e-06 2.839582404426651136e-07
6.750000000000000000e+00 1.178253828190670950e-06 1.403545090905787991e-07
7.250000000000000000e+00 6.606705761675118538e-07 5.202281690616869436e-08
7.750000000000000000e+00 3.708086722576092122e-07 2.555236345141994187e-08
8.250000000000000000e+00 2.971976420336965163e-07 2.970401712704067285e-08
8.750000000000000000e+00 1.655967911640704738e-07 1.609378880193617891e-08
9.250000000000000000e+00 1.025812894062275518e-07 6.350191256959089885e-09
9.750000000000000000e+00 7.859439797755429859e-08 6.221601681526023470e-09
1.100000000000000000e+01 3.304079426717514740e-08 1.318546327943468886e-09
1.300000000000000000e+01 9.342341374769785135e-09 5.543968046255104214e-10
1.500000000000000000e+01 2.682884599298043740e-09 1.084449732544116216e-10
1.700000000000000000e+01 9.723432888401806454e-10 5.127678190819908838e-11
1.900000000000000000e+01 3.711448149702445731e-10 1.775568589328697646e-11
