5.250000000000000000e+00 1.124994070288772114e-05 7.335523230539982545e-07
5.750000000000000000e+00 5.406880393428964784e-06 4.090955912886875935e-07
6.250000000000000000e+00 2.567480121326022321e-06 2.454537768478385320e-07
6.750000000000000000e+00 1.286087798716469439e-06 9.134656300200361042e-08
7.250000000000000000e+00 8.310242038226937590e-07 7.372330076986773701e-08
7.750000000000000000e+00 4.430372236774612528e-07 4.140442230308784404e-08
8.250000000000000000e+00 2.712742225426076474e-07 1.944184023307262146e-08
8.750000000000000000e+00 1.763573579039121561e-07 9.925473351114664634e-09
9.250000000000000000e+00 1.164495418808943232e-07 7.530005607316604815e-09
9.750000000000000000e+00 1.009141411813123736e-07 1.350057258618337128e-08
1.100000000000000000e+01 4.032815221896698782e-08 1.884394601771117109e-09
1.300000000000000000e+01 9.624623308718869970e-09 3.509275212097032686e-10
1.500000000000000000e+01 3.287642572406671760e-09 1.349335837756042211e-10
1.700000000000000000e+01 1.028452158053192591e-09 3.837708008095558685e-11
1.900000000000000000e+01 4.891423736290737220e-10 3.985958185587204646e-11
