5.250000000000000000e+00 2.149740195081589080e-05 1.019693803682450871e-06
5.750000000000000000e+00 1.084064261987844404e-05 6.712783277485154773e-07
6.250000000000000000e+00 5.446987897601291048e-06 3.946940781801147457e-07
6.750000000000000000e+00 2.855841163473185392e-06 2.222637221837906200e-07
7.250000000000000000e+00 1.480276649546825980e-06 8.586614629959292925e-08
7.750000000000000000e+00 8.841238694838686407e-07 6.309620307309705723e-08
8.250000000000000000e+00 5.960584125445093218e-07 4.774623309275604458e-08
8.750000000000000000e+00 3.298344084406158834e-07 1.958062714722050228e-08
9.250000000000000000e+00 2.096344524752777916e-07 1.180118472677270000e-08
9.750000000000000000e+00 1.510924096339028499e-07 1.418622166693277670e-08
1.100000000000000000e+01 6.816714910801933448e-08 3.544836208564255378e-09
1.300000000000000000e+01 1.667436366576220308e-08 8.320571002005158442e-10
1.500000000000000000e+01 4.792184636596721169e-09 2.286502353231087608e-10
1.700000000000000000e+01 1.589094372011049743e-09 6.092986079124079093e-11
1.900000000000000000e+01 5.897763152514943682e-10 2.736705900221466961e-11
