5.250000000000000000e+00 2.684633241058958023e-05 1.060800057952608581e-06
5.750000000000000000e+00 1.213130475106201486e-05 5.375938093748233403e-07
6.250000000000000000e+00 6.893295680291684402e-06 3.324549252203321300e-07
6.750000000000000000e+00 4.294993530208450144e-06 3.246792132513297866e-07
7.250000000000000000e+00 2.194731075503175788e-06 1.162541784064478734e-07
7.750000000000000000e+00 1.408219343833956127e-06 7.726474590120653962e-08
8.250000000000000000e+00 9.460755586441373143e-07 6.795352019448605057e-08
8.750000000000000000e+00 4.930573974384942694e-07 2.527455910083240484e-08
9.250000000000000000e+00 3.174603102052591099e-07 2.066755911415975077e-08
9.750000000000000000e+00 2.200978412601078789e-07 1.058737769547002684e-08
1.100000000000000000e+01 8.900293760696812938e-08 3.474497519958007413e-09
1.300000000000000000e+01 2.344111930782631104e-08 8.185864339836860955e-10
1.500000000000000000e+01 6.818854606406893210e-09 2.012868513665073749e-10
1.700000000000000000e+01 2.399088436542764213e-09 1.122014875618083378e-10
1.900000000000000000e+01 8.349356086591061059e-10 2.959325629382931073e-11
