5.250000000000000000e+00 1.884605137933355966e-05 9.212919386940397937e-07
5.750000000000000000e+00 8.797180502202135968e-06 5.234335422592754683e-07
6.250000000000000000e+00 4.461258203831428125e-06 3.243775139084027358e-07
6.750000000000000000e+00 2.148102174055361090e-06 1.619016394890548838e-07
7.250000000000000000e+00 1.301802435735333246e-06 7.598897458526095327e-08
7.750000000000000000e+00 7.353667317759603185e-07 5.350117272964054576e-08
8.250000000000000000e+00 5.248728147904676681e-07 4.559948814393298704e-08
8.750000000000000000e+00 3.210298015960863369e-07 2.823558071021927304e-08
9.250000000000000000e+00 2.024843338345979928e-07 1.918544953664110882e-08
9.750000000000000000e+00 1.361448230566657885e-07 1.327046534405623348e-08
1.100000000000000000e+01 5.273411061015462117e-08 1.727349679348314292e-09
1.300000000000000000e+01 1.441899827398208541e-08 8.274499110909049036e-10
1.500000000000000000e+01 4.609815639554131996e-09 2.179857937118821393e-10
1.700000000000000000e+01 1.376387515181368277e-09 4.853569447359987212e-11
1.900000000000000000e+01 4.919996508711788135e-10 2.007341735791179676e-11
