5.250000000000000000e+00 1.181824029736278564e-05 8.039831167303357399e-07
5.750000000000000000e+00 5.390489240400900938e-06 4.122637419259594029e-07
6.250000000000000000e+00 2.482174286306395780e-06 1.980083507421141601e-07
6.750000000000000000e+00 1.296398186550203352e-06 8.883738199859130415e-08
7.250000000000000000e+00 7.904422303380828963e-07 6.125095509980663918e-08
7.750000000000000000e+00 4.618792803669092480e-07 3.518613857180479052e-08
8.250000000000000000e+00 2.633724640550331069e-07 1.406577823282328155e-08
8.750000000000000000e+00 1.643778573375802980e-07 9.086209724193446493e-09
9.250000000000000000e+00 1.424410828950501906e-07 1.504841715990345623e-08
9.750000000000000000e+00 8.077917643532918330e-08 4.895738122744038704e-09
1.100000000000000000e+01 3.693920054906247449e-08 1.764672454940760989e-09
1.300000000000000000e+01 8.771992552247199096e-09 3.144146476086517511e-10
1.500000000000000000e+01 2.867587448590130651e-09 1.344000594352460605e-10
1.700000000000000000e+01 1.000816935663530330e-09 4.386556556520030357e-11
1.900000000000000000e+01 4.109630867314990604e-10 2.136678245036051682e-11
