5.250000000000000000e+00 1.103534752024639049e-05 6.252557464065311890e-07
5.750000000000000000e+00 5.770814016119941453e-06 4.031219831204837856e-07
6.250000000000000000e+00 2.994437922209720062e-06 3.151453830794149441e-07
6.750000000000000000e+00 1.420505164719611756e-06 1.400922473717982870e-07
7.250000000000000000e+00 8.520285991476049543e-07 6.816372510552621913e-08
7.750000000000000000e+00 4.872069488369259116e-07 4.341497756548243608e-08
8.250000000000000000e+00 2.938586305811780172e-07 1.839925821973593824e-08
8.750000000000000000e+00 2.211423787449640252e-07 1.236210390867969069e-08
9.250000000000000000e+00 1.439807898869499833e-07 1.737663006636985077e-08
9.750000000000000000e+00 1.021671031722950056e-07 1.264176449595645266e-08
1.100000000000000000e+01 3.967505830602679159e-08 2.776711687945079769e-09
1.300000000000000000e+01 9.599707050485095131e-09 2.821991970299601591e-10
1.500000000000000000e+01 3.572105634606618623e-09 3.653601949947952327e-10
1.700000000000000000e+01 1.208349842164807329e-09 4.128637033923737908e-11
1.900000000000000000e+01 4.642871030538683747e-10 3.158791954590981836e-11
