5.250000000000000000e+00 7.655004403909530810e-06 6.078254866823700014e-07
5.750000000000000000e+00 3.165262335857075220e-06 2.814661561064934000e-07
6.250000000000000000e+00 1.840269413760035135e-06 2.318084415894194885e-07
6.750000000000000000e+00 7.680955714767104902e-07 6.581990456361523236e-08
7.250000000000000000e+00 4.707663906578223108e-07 3.360656789863151637e-08
7.750000000000000000e+00 3.373726025642243941e-07 4.005137478567018724e-08
8.250000000000000000e+00 1.718939780241280414e-07 1.819062435608644368e-08
8.750000000000000000e+00 1.297906629217010113e-07 1.347106855030600538e-08
9.250000000000000000e+00 8.933182802385031059e-08 1.182542083933930552e-08
9.750000000000000000e+00 7.003545513807669452e-08 1.456146536637972537e-08
1.100000000000000000e+01 2.250912213815133750e-08 7.223225031230160748e-10
1.300000000000000000e+01 6.379814982141140442e-09 4.218174584270689719e-10
1.500000000000000000e+01 1.953350404707486318e-09 7.083301131379441857e-11
1.700000000000000000e+01 7.000724707394178708e-10 3.494653268139845737e-11
1.900000000000000000e+01 2.795709148882933315e-10 1.333356324880026928e-11
