5.250000000000000000e+00 3.234350586072357459e-05 1.173700853218944787e-06
5.750000000000000000e+00 1.770063725619013860e-05 7.794324345861868486e-07
6.250000000000000000e+00 8.844635708524238354e-06 4.773410754196362091e-07
6.750000000000000000e+00 5.114930229056673499e-06 3.698812172248605609e-07
7.250000000000000000e+00 2.467215755864790510e-06 1.112883396123955656e-07
7.750000000000000000e+00 1.425127995939226061e-06 6.459085891636386475e-08
8.250000000000000000e+00 9.367784088223352633e-07 4.592514849207174380e-08
8.750000000000000000e+00 6.920168861328868222e-07 4.481721392387655242e-08
9.250000000000000000e+00 4.521976057893741243e-07 3.493359045726803865e-08
9.750000000000000000e+00 2.628466036369820777e-07 2.160819194754003249e-08
1.100000000000000000e+01 1.055857490791841399e-07 4.392407683230311661e-09
1.300000000000000000e+01 2.835447806425368317e-08 1.089152538097572945e-09
1.500000000000000000e+01 8.212101206135393997e-09 2.516028941470919117e-10
1.700000000000000000e+01 2.980200626092248882e-09 1.191078100648450974e-10
1.900000000000000000e+01 9.462877989716877005e-10 3.160974394640405567e-11
