5.250000000000000000e+00 5.771966901848865996e-06 5.355874637050817154e-07
5.750000000000000000e+00 2.656781572357004676e-06 2.670653325128963195e-07
6.250000000000000000e+00 1.396692285373767025e-06 2.134953524794708613e-07
6.750000000000000000e+00 5.437797578252504707e-07 4.715909148730738997e-08
7.250000000000000000e+00 4.993326047359365639e-07 6.182537658180036919e-08
7.750000000000000000e+00 2.635227070185193622e-07 2.874821049159865376e-08
8.250000000000000000e+00 1.743527725009745328e-07 2.821887532500918483e-08
8.750000000000000000e+00 1.117056500345078266e-07 1.894062029065409693e-08
9.250000000000000000e+00 7.311904850990034448e-08 1.343469113042639126e-08
9.750000000000000000e+00 4.167641844377555256e-08 3.188290026650940385e-09
1.100000000000000000e+01 2.070100581127942796e-08 1.372470369717283844e-09
1.300000000000000000e+01 5.314521311652544127e-09 3.104249377435597347e-10
1.500000000000000000e+01 1.585283107035356693e-09 1.134580953264218652e-10
1.700000000000000000e+01 5.146272110141873205e-10 2.305863642730769773e-11
1.900000000000000000e+01 2.624992940097242233e-10 1.874877538406684762e-11
