5.250000000000000000e+00 2.120928595679910257e-05 8.365116889655770078e-07
5.750000000000000000e+00 1.135071131572309941e-05 5.472192102756067785e-07
6.250000000000000000e+00 6.219587737826486905e-06 3.937574960622407446e-07
6.750000000000000000e+00 3.246614828801965682e-06 2.028444459415174998e-07
7.250000000000000000e+00 1.666182432782714601e-06 8.643389762928520996e-08
7.750000000000000000e+00 1.085677572169605005e-06 5.683813528935796499e-08
8.250000000000000000e+00 7.231460684621260792e-07 5.568325585418591710e-08
8.750000000000000000e+00 3.817171363842423019e-07 3.132719310862462203e-08
9.250000000000000000e+00 2.689429382021933174e-07 1.624385091637098646e-08
9.750000000000000000e+00 1.807089185403829336e-07 8.695722464243235158e-09
1.100000000000000000e+01 7.645592229874637790e-08 3.033583873777473146e-09
1.300000000000000000e+01 2.006640985228632550e-08 6.052310581119590674e-10
1.500000000000000000e+01 6.533264998330793137e-09 4.225819534838569592e-10
1.700000000000000000e+01 2.060801898513250324e-09 6.953220997469565390e-11
1.900000000000000000e+01 7.937675708651658535e-10 2.933139442729996602e-11
