5.250000000000000000e+00 2.693871924857237451e-05 1.070396067514316688e-06
5.750000000000000000e+00 1.284275169348857378e-05 5.953285017517054107e-07
6.250000000000000000e+00 7.013090015687573617e-06 3.875354471574607672e-07
6.750000000000000000e+00 3.796072261071296907e-06 2.115746364302022536e-07
7.250000000000000000e+00 2.282903985113710511e-06 1.210017980682605015e-07
7.750000000000000000e+00 1.230731898581654573e-06 6.351275739639998402e-08
8.250000000000000000e+00 8.768997600971711964e-07 6.568689708799406546e-08
8.750000000000000000e+00 4.511447687615412630e-07 2.425754290760636524e-08
9.250000000000000000e+00 3.076396998804550018e-07 2.106839943058475042e-08
9.750000000000000000e+00 2.015225461993685452e-07 1.404117194778551923e-08
1.100000000000000000e+01 8.336240515572412447e-08 2.436330576301138332e-09
1.300000000000000000e+01 2.284509448585424449e-08 9.395608091324838892e-10
1.500000000000000000e+01 6.519478297578541032e-09 1.979713910204050699e-10
1.700000000000000000e+01 2.247593958403874308e-09 1.178878045426062271e-10
1.900000000000000000e+01 8.460282870362952619e-10 5.104198328320104426e-11
