5.250000000000000000e+00 9.900163103938627892e-06 6.651270269815272597e-07
5.750000000000000000e+00 4.188953269207933710e-06 3.725053032210703583e-07
6.250000000000000000e+00 2.043909865348787551e-06 1.799386349340613506e-07
6.750000000000000000e+00 9.386893131934790468e-07 6.779076873353101557e-08
7.250000000000000000e+00 5.378740996535719236e-07 4.590503254257591113e-08
7.750000000000000000e+00 4.032067853282796422e-07 5.124964580027980071e-08
8.250000000000000000e+00 2.358195618646659488e-07 2.501103931718040141e-08
8.750000000000000000e+00 1.438292118807345699e-07 9.142685107627225718e-09
9.250000000000000000e+00 8.891500337331430991e-08 6.570994092354666076e-09
9.750000000000000000e+00 6.101386113376424206e-08 4.592359748572333798e-09
1.100000000000000000e+01 2.523245878041687741e-08 9.719800432227737939e-10
1.300000000000000000e+01 7.593811116056178912e-09 2.998431041435089123e-10
1.500000000000000000e+01 2.325971043696265732e-09 9.262085025316724592e-11
1.700000000000000000e+01 8.082797597831553164e-10 3.182587202437226598e-11
1.900000000000000000e+01 3.336584424243828743e-10 1.736703739256945553e-11
