5.250000000000000000e+00 8.216310197986704489e-06 5.493187759628265877e-07
5.750000000000000000e+00 4.606035045651834624e-06 4.217870082420581070e-07
6.250000000000000000e+00 2.073857243635124118e-06 1.358910326356279953e-07
6.750000000000000000e+00 9.269985014847796580e-07 4.694875303315399757e-08
7.250000000000000000e+00 6.049043018465882100e-07 5.300792144981613714e-08
7.750000000000000000e+00 4.497597872851458003e-07 4.219925306548818436e-08
8.250000000000000000e+00 2.315961382904008808e-07 1.258283618028643806e-08
8.750000000000000000e+00 1.606490974693786814e-07 1.427515679541621748e-08
9.250000000000000000e+00 1.052983665752114438e-07 6.587867101175465656e-09
9.750000000000000000e+00 9.091293129311648200e-08 1.564243406050848821e-08
1.100000000000000000e+01 3.029168029369503071e-08 9.177380871320336545e-10
1.300000000000000000e+01 8.882660806332754416e-09 3.099929324573422087e-10
1.500000000000000000e+01 2.911725593912426401e-09 1.060123897783384217e-10
1.700000000000000000e+01 9.801581228295484620e-10 3.381957790053738747e-11
1.900000000000000000e+01 4.003102888964916755e-10 2.039920786479849567e-11
