5.250000000000000000e+00 3.027566730586749214e-05 1.173562829769648679e-06
5.750000000000000000e+00 1.623844486436263549e-05 7.743700102400565503e-07
6.250000000000000000e+00 8.612544600616971305e-06 4.974626931744030090e-07
6.750000000000000000e+00 4.985524741579529589e-06 3.093248514913111255e-07
7.250000000000000000e+00 2.447851329450135168e-06 1.292478552801048195e-07
7.750000000000000000e+00 1.442933743034764445e-06 8.382435376286310469e-08
8.250000000000000000e+00 9.039842542435914274e-07 6.027757307437009335e-08
8.750000000000000000e+00 5.530933370812364085e-07 2.936494408836697419e-08
9.250000000000000000e+00 4.044602663792789823e-07 2.847149575520131071e-08
9.750000000000000000e+00 2.429496468375601291e-07 1.671849573273661778e-08
1.100000000000000000e+01 9.902072917918458564e-08 2.929558423916128160e-09
1.300000000000000000e+01 2.585310937579178026e-08 1.084153461271315112e-09
1.500000000000000000e+01 7.736641231504594563e-09 2.665131459670123854e-10
1.700000000000000000e+01 2.669291940412515334e-09 1.089736228545494953e-10
1.900000000000000000e+01 9.381102994197248102e-10 4.434849977815781184e-11
