5.250000000000000000e+00 7.118200085259630929e-06 5.320277170757015682e-07
5.750000000000000000e+00 3.274910380846128888e-06 3.145044811629703760e-07
6.250000000000000000e+00 1.630465068138457717e-06 2.112820364399371574e-07
6.750000000000000000e+00 7.327288377607373238e-07 5.618749410199676021e-08
7.250000000000000000e+00 4.727078073269450179e-07 4.766976967812611901e-08
7.750000000000000000e+00 2.428919607113311116e-07 1.956003422675188006e-08
8.250000000000000000e+00 1.555087080782713162e-07 1.000651051081688471e-08
8.750000000000000000e+00 1.162945442327200891e-07 8.773874072930048837e-09
9.250000000000000000e+00 7.660654145038087292e-08 6.581988897937323808e-09
9.750000000000000000e+00 4.751361640234041950e-08 3.957885780392499773e-09
1.100000000000000000e+01 2.207018120737978774e-08 1.222826794280511166e-09
1.300000000000000000e+01 6.855102507615764639e-09 6.497897852976248169e-10
1.500000000000000000e+01 1.975703346901122460e-09 1.435252187400540016e-10
1.700000000000000000e+01 7.205428244072723030e-10 4.140368496130707103e-11
1.900000000000000000e+01 2.427939892280330070e-10 1.458770311549436949e-11
