5.250000000000000000e+00 1.065256490760171542e-05 7.930802454546952208e-07
5.750000000000000000e+00 3.997743552381548827e-06 3.699609061729510151e-07
6.250000000000000000e+00 2.688227810771738311e-06 3.299568062869996231e-07
6.750000000000000000e+00 1.353047453977119084e-06 2.103425321235577442e-07
7.250000000000000000e+00 5.674386498253886883e-07 4.817190691573750284e-08
7.750000000000000000e+00 3.633032929252887938e-07 3.153738557319900100e-08
8.250000000000000000e+00 2.949070169760689539e-07 4.462048037613543513e-08
8.750000000000000000e+00 1.456081851898313848e-07 9.603769442189224278e-09
9.250000000000000000e+00 9.906009249358096562e-08 6.586618131098504013e-09
9.750000000000000000e+00 8.304535335461649447e-08 1.366924943372628929e-08
1.100000000000000000e+01 2.920683757720021821e-08 1.478922775904303575e-09
1.300000000000000000e+01 7.980229195994377481e-09 5.132753951323908465e-10
1.500000000000000000e+01 2.918388111203857103e-09 3.987140763648202151e-10
1.700000000000000000e+01 9.505204522596519621e-10 5.384337288751603214e-11
1.900000000000000000e+01 3.734414516640031027e-10 2.238908754441692312e-11
