5.250000000000000000e+00 8.521801817562512472e-06 6.367494913884601497e-07
5.750000000000000000e+00 4.335216085406596379e-06 4.056533698947801693e-07
6.250000000000000000e+00 2.377216898908283142e-06 2.718875589469558529e-07
6.750000000000000000e+00 1.323542268202468112e-06 1.616639896095912925e-07
7.250000000000000000e+00 6.561590887974248689e-07 5.440177700155582557e-08
7.750000000000000000e+00 4.427428819508079047e-07 4.497669256132837094e-08
8.250000000000000000e+00 2.658392332961634559e-07 2.261428770390949439e-08
8.750000000000000000e+00 1.821134563406467909e-07 2.343145028560235841e-08
9.250000000000000000e+00 1.013457122310895145e-07 5.662198302015967392e-09
9.750000000000000000e+00 7.015357680173402682e-08 4.737529271087079243e-09
1.100000000000000000e+01 3.257651854026547951e-08 1.278177580157346502e-09
1.300000000000000000e+01 8.684273271972690233e-09 2.838757727686610692e-10
1.500000000000000000e+01 2.932593879643564171e-09 1.604197796279941853e-10
1.700000000000000000e+01 9.996506143353830281e-10 4.348383252673136935e-11
1.900000000000000000e+01 3.772709046117306022e-10 1.760713256410107248e-11
