5.250000000000000000e+00 2.916414211917810054e-05 1.105737907845480155e-06
5.750000000000000000e+00 1.406673633157533369e-05 6.383319265533832186e-07
6.250000000000000000e+00 8.108897109779564211e-06 4.145060802325297529e-07
6.750000000000000000e+00 4.143387522881749708e-06 2.390227482526480589e-07
7.250000000000000000e+00 2.387257674916635746e-06 1.176206819067469692e-07
7.750000000000000000e+00 1.563523706201362983e-06 9.269244916593945329e-08
8.250000000000000000e+00 9.469352923331143437e-07 5.277728213753164175e-08
8.750000000000000000e+00 6.421230399633132013e-07 4.092271208823723802e-08
9.250000000000000000e+00 4.072326962358560199e-07 2.403671429058951890e-08
9.750000000000000000e+00 2.525572145478292375e-07 1.581720751744430301e-08
1.100000000000000000e+01 1.019674624819790557e-07 2.790187959315822237e-09
1.300000000000000000e+01 2.546149646590184161e-08 6.379075120638007338e-10
1.500000000000000000e+01 9.005851122400506161e-09 4.712326224003184121e-10
1.700000000000000000e+01 2.774591732772520489e-09 9.528652485274383903e-11
1.900000000000000000e+01 1.040978567578630275e-09 3.983790332739908754e-11
