5.250000000000000000e+00 1.522646540559054926e-05 8.042375196387604697e-07
5.750000000000000000e+00 6.869417407546319280e-06 3.598384118281254558e-07
6.250000000000000000e+00 3.612266700701544907e-06 1.797299968524640108e-07
6.750000000000000000e+00 2.086260080914157205e-06 1.192157059184891385e-07
7.250000000000000000e+00 1.128596202398405197e-06 6.141830958097634862e-08
7.750000000000000000e+00 6.859109023148433330e-07 4.204612143448441238e-08
8.250000000000000000e+00 4.290703479419146181e-07 2.967127482387274652e-08
8.750000000000000000e+00 3.166502524086940133e-07 2.460717512464827609e-08
9.250000000000000000e+00 1.820069059220466311e-07 1.338633880855591490e-08
9.750000000000000000e+00 1.220649827773183396e-07 6.309150145256863981e-09
1.100000000000000000e+01 5.457016924902038999e-08 1.823403931662355783e-09
1.300000000000000000e+01 1.390378435494029142e-08 5.756820689864540854e-10
1.500000000000000000e+01 4.261812009930486894e-09 1.413189894808053106e-10
1.700000000000000000e+01 1.640032219726333432e-09 6.261729771716603987e-11
1.900000000000000000e+01 5.388746911745829529e-10 2.942002915680730801e-11
