5.250000000000000000e+00 1.199284948505262998e-05 7.976882249542782845e-07
5.750000000000000000e+00 4.905789162109067319e-06 4.266841208215599893e-07
6.250000000000000000e+00 1.995307331527407815e-06 1.384670355978361847e-07
6.750000000000000000e+00 1.098176384129324371e-06 7.576796223340186260e-08
7.250000000000000000e+00 5.569868748561938760e-07 3.527194931761457144e-08
7.750000000000000000e+00 3.446316460967130290e-07 2.217863886296528629e-08
8.250000000000000000e+00 2.230427121054058735e-07 1.821516783109692062e-08
8.750000000000000000e+00 1.847898054652457202e-07 2.434398904689740116e-08
9.250000000000000000e+00 9.246129472945596402e-08 5.254206130577251425e-09
9.750000000000000000e+00 7.203098061190505671e-08 6.138939839265695651e-09
1.100000000000000000e+01 2.860386586966455510e-08 1.097632645740360520e-09
1.300000000000000000e+01 8.813227536659030716e-09 6.639331557990994792e-10
1.500000000000000000e+01 2.689083681117949733e-09 1.153418122394259016e-10
1.700000000000000000e+01 9.361925303613583487e-10 3.981745075439971690e-11
1.900000000000000000e+01 3.519873342469053639e-10 1.664046674533024214e-11
