5.250000000000000000e+00 2.733263505889867883e-05 1.111891865092996093e-06
5.750000000000000000e+00 1.289916418336590752e-05 5.903985913726014987e-07
6.250000000000000000e+00 6.028357329321546693e-06 2.221417671169123910e-07
6.750000000000000000e+00 3.826622533029582864e-06 2.411976294689579825e-07
7.250000000000000000e+00 2.007697306043279181e-06 9.082058324383180030e-08
7.750000000000000000e+00 1.286610901145630101e-06 6.546807302658263460e-08
8.250000000000000000e+00 8.873951227193417300e-07 6.285035250876942989e-08
8.750000000000000000e+00 5.349925645602251411e-07 3.656039626103039315e-08
9.250000000000000000e+00 3.141459383652521736e-07 1.721913989965845064e-08
9.750000000000000000e+00 1.987372843703101380e-07 8.973599807004303675e-09
1.100000000000000000e+01 9.309889375850978642e-08 3.628034911322250780e-09
1.300000000000000000e+01 2.273498255733301733e-08 7.259136347471862968e-10
1.500000000000000000e+01 7.273243730469550182e-09 2.703504972793668860e-10
1.700000000000000000e+01 2.381122171847717684e-09 7.089304356147587189e-11
1.900000000000000000e+01 9.106949368978805577e-10 4.270028607107759007e-11
