5.250000000000000000e+00 2.222000692848742385e-05 1.012875817396129908e-06
5.750000000000000000e+00 1.069888150272515527e-05 5.417471738517850727e-07
6.250000000000000000e+00 5.362777496532531551e-06 3.343065641951027206e-07
6.750000000000000000e+00 3.001747410386020678e-06 1.934482375746643007e-07
7.250000000000000000e+00 1.610647171559760024e-06 9.063591221333610386e-08
7.750000000000000000e+00 9.461646982271816402e-07 6.367439045707727245e-08
8.250000000000000000e+00 6.231495932720817238e-07 4.042886947428128783e-08
8.750000000000000000e+00 4.187705731836520932e-07 3.621744080637826484e-08
9.250000000000000000e+00 2.354272185581771407e-07 1.605448132612998928e-08
9.750000000000000000e+00 1.849091678422175668e-07 1.766400130476278086e-08
1.100000000000000000e+01 6.989885671946547399e-08 2.229690710655962952e-09
1.300000000000000000e+01 1.918006423338753174e-08 7.314476643798728611e-10
1.500000000000000000e+01 5.421779375401292688e-09 1.766913947887527767e-10
1.700000000000000000e+01 1.908475251302445656e-09 1.108727513523933446e-10
1.900000000000000000e+01 6.872735489580901662e-10 2.654291686622862926e-11
