5.250000000000000000e+00 1.681054467660150699e-05 7.581642023464530490e-07
5.750000000000000000e+00 8.547199560773503053e-06 4.842899359467350580e-07
6.250000000000000000e+00 4.675285154687562142e-06 2.925462105093607469e-07
6.750000000000000000e+00 2.076523100139006032e-06 9.981335566726097657e-08
7.250000000000000000e+00 1.426106280384657893e-06 8.994212769878543580e-08
7.750000000000000000e+00 7.951146811854724923e-07 4.989269348109528545e-08
8.250000000000000000e+00 5.119269628355669764e-07 3.084026395601987389e-08
8.750000000000000000e+00 3.330880669175787206e-07 2.656086647510378348e-08
9.250000000000000000e+00 2.424205688173597605e-07 2.405836350953794287e-08
9.750000000000000000e+00 1.644353351720579356e-07 1.854788796118513119e-08
1.100000000000000000e+01 6.419152845249293319e-08 2.305589131414296194e-09
1.300000000000000000e+01 1.544131463187178860e-08 4.704318373589507795e-10
1.500000000000000000e+01 4.804165548527880927e-09 1.369653129747908132e-10
1.700000000000000000e+01 1.834315226207970372e-09 1.116326725390640905e-10
1.900000000000000000e+01 6.785859655695422310e-10 3.478675512708484119e-11
