5.250000000000000000e+00 2.139310101725311206e-05 9.820192264305671226e-07
5.750000000000000000e+00 9.341980467878960225e-06 4.484647631756462575e-07
6.250000000000000000e+00 5.166263106966271242e-06 3.189421623839494241e-07
6.750000000000000000e+00 3.296421081813614140e-06 2.936982457366592363e-07
7.250000000000000000e+00 1.555105744458417222e-06 8.344889185676210996e-08
7.750000000000000000e+00 8.744293136788664918e-07 4.742144910898366533e-08
8.250000000000000000e+00 6.029324407743464262e-07 3.727894657256661323e-08
8.750000000000000000e+00 3.971418987823320419e-07 2.497759848214435336e-08
9.250000000000000000e+00 2.500492843669965483e-07 1.203799234564765193e-08
9.750000000000000000e+00 1.549392614509655845e-07 7.390576316741216177e-09
1.100000000000000000e+01 7.288604006743772700e-08 3.319043547771737600e-09
1.300000000000000000e+01 1.855045221024265250e-08 5.351401838261983182e-10
1.500000000000000000e+01 5.711133724189722672e-09 2.271595961690744442e-10
1.700000000000000000e+01 2.037784994551847594e-09 7.693541228419967350e-11
1.900000000000000000e+01 7.372933038346849966e-10 3.568831729724213743e-11
