5.250000000000000000e+00 4.202595297742026180e-05 1.497952474430395510e-06
5.750000000000000000e+00 2.006098850634370934e-05 7.669163501786803650e-07
6.250000000000000000e+00 9.876334017724164719e-06 4.278308749941831976e-07
6.750000000000000000e+00 6.146195281796532684e-06 3.425937559772626367e-07
7.250000000000000000e+00 2.970555112680105407e-06 1.418306564096537645e-07
7.750000000000000000e+00 1.930341788991388471e-06 1.016727502914440720e-07
8.250000000000000000e+00 1.282063342902266464e-06 8.678159359139129177e-08
8.750000000000000000e+00 6.826299512736091646e-07 3.275037880654767098e-08
9.250000000000000000e+00 4.499607913884282375e-07 2.479555708787144632e-08
9.750000000000000000e+00 3.082562755022615493e-07 2.374765015195006385e-08
1.100000000000000000e+01 1.235320881343736233e-07 4.173800628267487903e-09
1.300000000000000000e+01 2.963777830542912805e-08 9.573292545001870048e-10
1.500000000000000000e+01 9.045277328178617269e-09 3.383043250883997514e-10
1.700000000000000000e+01 3.016841975528131149e-09 1.002261525414531463e-10
1.900000000000000000e+01 1.195235561245035626e-09 5.910017502643383506e-11
