5.250000000000000000e+00 9.435017739126714813e-06 7.214255723113459122e-07
5.750000000000000000e+00 3.792740081705164818e-06 2.880905807154459228e-07
6.250000000000000000e+00 1.674067367012808924e-06 1.081693102198504391e-07
6.750000000000000000e+00 1.073691592401243510e-06 9.176739118727687302e-08
7.250000000000000000e+00 5.918078705645491065e-07 5.374843066154372737e-08
7.750000000000000000e+00 3.963081878548391707e-07 4.660176236253441557e-08
8.250000000000000000e+00 2.131081527425822708e-07 1.842425283521761618e-08
8.750000000000000000e+00 1.486955058444654328e-07 1.611118431881974396e-08
9.250000000000000000e+00 8.797414295615440497e-08 6.116189181341713648e-09
9.750000000000000000e+00 6.893967283471143218e-08 5.641415581084319118e-09
1.100000000000000000e+01 2.632597729464157825e-08 1.047725432776271430e-09
1.300000000000000000e+01 7.639551966552618130e-09 3.574295839517713306e-10
1.500000000000000000e+01 2.452898632388747450e-09 1.078615378935812873e-10
1.700000000000000000e+01 8.501373972470663257e-10 4.473466217236892344e-11
1.900000000000000000e+01 3.074084213332028921e-10 2.742919978999656172e-11
