5.250000000000000000e+00 1.373648937641056037e-05 7.722435548267436624e-07
5.750000000000000000e+00 6.232264571294664916e-06 3.965798798359035756e-07
6.250000000000000000e+00 3.275193584750893456e-06 1.889786802758257095e-07
6.750000000000000000e+00 1.738597778935480714e-06 1.063767854542355672e-07
7.250000000000000000e+00 1.067649345450522969e-06 6.474552425724836295e-08
7.750000000000000000e+00 5.943318822171949177e-07 4.561789771801305633e-08
8.250000000000000000e+00 3.828918294680139467e-07 1.668000533397560772e-08
8.750000000000000000e+00 2.847079724316971328e-07 2.276611222309813141e-08
9.250000000000000000e+00 1.848515987415405431e-07 1.581358931291160608e-08
9.750000000000000000e+00 1.219943388082279416e-07 7.579580588466251161e-09
1.100000000000000000e+01 5.133219459226690534e-08 1.992645526425272686e-09
1.300000000000000000e+01 1.403843944701159000e-08 6.015369415168314774e-10
1.500000000000000000e+01 4.449672537525399183e-09 1.983225706480783713e-10
1.700000000000000000e+01 1.411867892878175474e-09 4.358926673467702185e-11
1.900000000000000000e+01 5.421588845477486301e-10 2.033887075970710361e-11
