5.250000000000000000e+00 3.547523460693306437e-05 1.227713556465988567e-06
5.750000000000000000e+00 1.760240310388693513e-05 7.613481133694609044e-07
6.250000000000000000e+00 9.892797880192955273e-06 4.307167140666611485e-07
6.750000000000000000e+00 5.456986978554674019e-06 3.412229656681005621e-07
7.250000000000000000e+00 2.597524377803498343e-06 1.105476882469875528e-07
7.750000000000000000e+00 1.920596408234178324e-06 1.127388339676312526e-07
8.250000000000000000e+00 1.193367096548845320e-06 7.674876445869557712e-08
8.750000000000000000e+00 6.884397833169706835e-07 4.424583772887274010e-08
9.250000000000000000e+00 4.096453526799201688e-07 2.498104955961480886e-08
9.750000000000000000e+00 2.723424533916254382e-07 1.566807610137114899e-08
1.100000000000000000e+01 1.200313955866472121e-07 3.488135807791579201e-09
1.300000000000000000e+01 2.956694542099968893e-08 1.194136633442687302e-09
1.500000000000000000e+01 9.157110997842712485e-09 2.948251946292378519e-10
1.700000000000000000e+01 3.023265031181625470e-09 1.244600635479231388e-10
1.900000000000000000e+01 1.136309959942952047e-09 4.924507214525642770e-11
