5.250000000000000000e+00 1.453245475847478630e-05 6.935856074647702652e-07
5.750000000000000000e+00 6.395569172882414144e-06 3.043520213512278972e-07
6.250000000000000000e+00 3.403524885692545213e-06 2.001858661125213460e-07
6.750000000000000000e+00 2.033549615034731925e-06 1.560143419202707009e-07
7.250000000000000000e+00 1.088061506325831049e-06 6.618648054016973401e-08
7.750000000000000000e+00 6.891194687045460129e-07 4.631662758191984103e-08
8.250000000000000000e+00 4.010321824297820946e-07 2.438264744466577525e-08
8.750000000000000000e+00 2.684352426083639300e-07 1.678945413396884004e-08
9.250000000000000000e+00 1.924430241539102069e-07 1.526050879361443936e-08
9.750000000000000000e+00 1.280892887190983504e-07 1.306668854015490756e-08
1.100000000000000000e+01 5.382065640580615176e-08 2.032345241319674654e-09
1.300000000000000000e+01 1.387317688005979691e-08 5.725467212948621426e-10
1.500000000000000000e+01 4.857464842923376585e-09 2.488888094559502095e-10
1.700000000000000000e+01 1.576133441947593894e-09 6.208363518488253624e-11
1.900000000000000000e+01 5.644935185910328089e-10 2.043143877656626177e-11
