5.250000000000000000e+00 1.422471699953690611e-05 7.276044290788912750e-07
5.750000000000000000e+00 7.349730969310159872e-06 4.390128526323019235e-07
6.250000000000000000e+00 3.571734608081328935e-06 1.821784579883241262e-07
6.750000000000000000e+00 2.427419328327313077e-06 2.505905171188082743e-07
7.250000000000000000e+00 1.180510276599424222e-06 6.826592472638410167e-08
7.750000000000000000e+00 7.389227343148922470e-07 6.049653400913333726e-08
8.250000000000000000e+00 4.369846385454535124e-07 2.563603026449471494e-08
8.750000000000000000e+00 2.989609080412473644e-07 2.234206175535009317e-08
9.250000000000000000e+00 1.919065897574259311e-07 1.554519312099445432e-08
9.750000000000000000e+00 1.246261070977636012e-07 7.379677158269182535e-09
1.100000000000000000e+01 5.688014263111002419e-08 3.052969940973034264e-09
1.300000000000000000e+01 1.584205885112310637e-08 6.304547816344434636e-10
1.500000000000000000e+01 4.564796442913217266e-09 1.846685174591027245e-10
1.700000000000000000e+01 1.637260662135087199e-09 6.291915066447259768e-11
1.900000000000000000e+01 5.858075448962997680e-10 2.199698136913072202e-11
