5.250000000000000000e+00 1.316778274102519364e-05 7.112390226489163422e-07
5.750000000000000000e+00 5.835847839601431183e-06 3.636484163727081835e-07
6.250000000000000000e+00 2.914770210484773223e-06 1.313420139505444034e-07
6.750000000000000000e+00 1.864207528023214494e-06 1.049787022124760650e-07
7.250000000000000000e+00 9.952436653299660426e-07 5.780541511447965644e-08
7.750000000000000000e+00 6.122606709953471455e-07 4.337583231699315703e-08
8.250000000000000000e+00 3.600737840765987605e-07 2.043330952306198353e-08
8.750000000000000000e+00 2.636929379281436715e-07 2.156814639703071474e-08
9.250000000000000000e+00 1.682656629888405803e-07 1.272562573168910471e-08
9.750000000000000000e+00 1.093604999225734943e-07 5.419036972207151428e-09
1.100000000000000000e+01 5.140106718379529993e-08 2.587074289006803125e-09
1.300000000000000000e+01 1.358074133371384978e-08 6.305998900888786957e-10
1.500000000000000000e+01 4.108496696155910346e-09 1.246484000123085100e-10
1.700000000000000000e+01 1.387813112718842778e-09 4.022399225531703966e-11
1.900000000000000000e+01 5.160029184822497798e-10 1.699476581615508525e-11
