5.250000000000000000e+00 8.752579201075957787e-06 6.184883001615214560e-07
5.750000000000000000e+00 4.674977790025979593e-06 3.689175333001204973e-07
6.250000000000000000e+00 2.074765459994775591e-06 1.925998566399377571e-07
6.750000000000000000e+00 1.285718136468870816e-06 1.865380565356103957e-07
7.250000000000000000e+00 6.558738818341893394e-07 5.605582389398423066e-08
7.750000000000000000e+00 3.483284965320201170e-07 2.750181541532164588e-08
8.250000000000000000e+00 2.757721094864586592e-07 2.539722099423222511e-08
8.750000000000000000e+00 1.707882494612418756e-07 1.895561003089247534e-08
9.250000000000000000e+00 9.565010314283227005e-08 4.831955190463351639e-09
9.750000000000000000e+00 6.636892929864041539e-08 4.152000300796218235e-09
1.100000000000000000e+01 3.398669036351296303e-08 2.678341872795780653e-09
1.300000000000000000e+01 8.357706496342626093e-09 2.679211615016644997e-10
1.500000000000000000e+01 2.823508180911513395e-09 1.280214043144666916e-10
1.700000000000000000e+01 9.391162874034818933e-10 4.103714524967122758e-11
1.900000000000000000e+01 3.732571390228349881e-10 1.696595290963205989e-11
