5.250000000000000000e+00 1.400181778338528919e-05 7.163345503193021958e-07
5.750000000000000000e+00 6.375087651376116882e-06 3.424438294852597302e-07
6.250000000000000000e+00 3.962822027145199188e-06 3.086097686857803875e-07
6.750000000000000000e+00 1.750866316110750019e-06 9.386651338563829477e-08
7.250000000000000000e+00 1.074549175591487152e-06 5.221060532725994723e-08
7.750000000000000000e+00 7.004330149417331438e-07 4.497354016241798714e-08
8.250000000000000000e+00 4.172284801945172813e-07 2.546107581012294352e-08
8.750000000000000000e+00 2.885979499262974978e-07 1.987838945218945803e-08
9.250000000000000000e+00 1.862995546011514231e-07 1.357683960241920210e-08
9.750000000000000000e+00 1.176015985459339441e-07 5.652869615161342181e-09
1.100000000000000000e+01 5.403299771490506582e-08 1.804557703764138846e-09
1.300000000000000000e+01 1.437342454648873037e-08 4.470739364999885306e-10
1.500000000000000000e+01 4.612323346618927251e-09 1.632094325535708562e-10
1.700000000000000000e+01 1.483613988829514202e-09 4.830099038258653664e-11
1.900000000000000000e+01 5.851938164589668529e-10 2.021986924865410235e-11
