5.250000000000000000e+00 1.707781789589627987e-05 8.314002672049046906e-07
5.750000000000000000e+00 8.731247293830527527e-06 5.435684372339986065e-07
6.250000000000000000e+00 4.526425771636168303e-06 2.665837084930725954e-07
6.750000000000000000e+00 2.700451618823454790e-06 2.442864144652227753e-07
7.250000000000000000e+00 1.377369163923525514e-06 8.292874150116552027e-08
7.750000000000000000e+00 8.003041512524129688e-07 4.290125165954843016e-08
8.250000000000000000e+00 4.823133486138128584e-07 2.574826637162478560e-08
8.750000000000000000e+00 3.077390738926598068e-07 1.357352130498760719e-08
9.250000000000000000e+00 2.128903027483104428e-07 1.498852778968854625e-08
9.750000000000000000e+00 1.548795379660285123e-07 1.338378651705920952e-08
1.100000000000000000e+01 6.546224095286078497e-08 3.196753695322366934e-09
1.300000000000000000e+01 1.587501605893923917e-08 4.745561684281821587e-10
1.500000000000000000e+01 5.399423731538660808e-09 2.109542015837723203e-10
1.700000000000000000e+01 1.731350674148076586e-09 5.212079918920702427e-11
1.900000000000000000e+01 6.408963863667258710e-10 2.554842330355996179e-11
