5.250000000000000000e+00 2.453093688811008890e-05 1.003727606571170622e-06
5.750000000000000000e+00 1.258402063256864499e-05 6.473727766382650188e-07
6.250000000000000000e+00 6.847329046521445531e-06 4.026348772270820776e-07
6.750000000000000000e+00 3.748261211612268211e-06 2.210117039912779221e-07
7.250000000000000000e+00 1.934549146947364047e-06 1.080900842787770163e-07
7.750000000000000000e+00 1.235905198308710374e-06 7.684086472102733603e-08
8.250000000000000000e+00 7.280248746907701672e-07 4.140740174100050951e-08
8.750000000000000000e+00 4.571106826993636922e-07 2.552153252830293761e-08
9.250000000000000000e+00 3.063826628958038763e-07 2.208664998134521317e-08
9.750000000000000000e+00 2.145911989219707951e-07 1.907256303861382443e-08
1.100000000000000000e+01 8.381189521302576797e-08 3.541795993480712361e-09
1.300000000000000000e+01 2.089742155583949443e-08 7.298852840180816423e-10
1.500000000000000000e+01 6.648815189855004004e-09 2.682350289230110326e-10
1.700000000000000000e+01 2.593541362597526187e-09 1.526692312234538500e-10
1.900000000000000000e+01 9.247516734006666063e-10 4.810872032987513717e-11
