5.250000000000000000e+00 1.076026553443404069e-05 6.495099294477660784e-07
5.750000000000000000e+00 4.524052579316937335e-06 3.008931370608207115e-07
6.250000000000000000e+00 2.546028842122794443e-06 2.347039507394774306e-07
6.750000000000000000e+00 1.327742507706528543e-06 1.422297291825348789e-07
7.250000000000000000e+00 7.068494987224493681e-07 5.526901546446471141e-08
7.750000000000000000e+00 4.974450488622817974e-07 4.082337597805799705e-08
8.250000000000000000e+00 2.847513506576493296e-07 1.864926177863259915e-08
8.750000000000000000e+00 1.789759528820236784e-07 9.441194860280025333e-09
9.250000000000000000e+00 1.305516629570186483e-07 1.373013404775272737e-08
9.750000000000000000e+00 7.787666139695819655e-08 5.090452789982814655e-09
1.100000000000000000e+01 3.627045842343746823e-08 1.302983184141893384e-09
1.300000000000000000e+01 1.023922236359104446e-08 5.435433000639611040e-10
1.500000000000000000e+01 3.134842912261712220e-09 1.358839423626469805e-10
1.700000000000000000e+01 1.022756116838647403e-09 3.599983941794549868e-11
1.900000000000000000e+01 4.142096343449727719e-10 1.729291715882548860e-11
