5.250000000000000000e+00 9.258980683249444545e-06 6.290368775869059267e-07
5.750000000000000000e+00 3.804362290144982980e-06 3.162039141352244122e-07
6.250000000000000000e+00 2.028821895466342324e-06 2.213778434273888155e-07
6.750000000000000000e+00 1.029103151700009540e-06 8.003051756306413788e-08
7.250000000000000000e+00 6.644900156787913900e-07 5.284803829975947750e-08
7.750000000000000000e+00 3.583817737427791623e-07 2.267297053110898845e-08
8.250000000000000000e+00 2.060361448284226531e-07 9.706177386600717644e-09
8.750000000000000000e+00 1.465989398178646978e-07 8.021222815715117456e-09
9.250000000000000000e+00 1.137191780873445267e-07 1.405992372105414078e-08
9.750000000000000000e+00 6.867165344997474515e-08 3.863222462629860307e-09
1.100000000000000000e+01 3.026023293378446242e-08 1.319691399803515293e-09
1.300000000000000000e+01 9.206780544705382020e-09 3.943221654309776598e-10
1.500000000000000000e+01 2.735413004867110347e-09 1.056529827786222873e-10
1.700000000000000000e+01 1.000332163059406392e-09 4.749710494497594575e-11
1.900000000000000000e+01 3.572134231612278073e-10 1.732665256471711804e-11
