5.250000000000000000e+00 1.749995034357155425e-05 9.577604230417634563e-07
5.750000000000000000e+00 7.847646049546096235e-06 5.081619124213123544e-07
6.250000000000000000e+00 4.069275961451546157e-06 3.006456930527368295e-07
6.750000000000000000e+00 2.142716421769948714e-06 1.691793902313497591e-07
7.250000000000000000e+00 1.326519607869814322e-06 9.935242531819696112e-08
7.750000000000000000e+00 7.522286094868346116e-07 5.621113916101020416e-08
8.250000000000000000e+00 4.015024264745598447e-07 2.382474304107329670e-08
8.750000000000000000e+00 2.846970760931789009e-07 2.988814471519146394e-08
9.250000000000000000e+00 2.104681802028645962e-07 1.912197197445347153e-08
9.750000000000000000e+00 1.499676007774299089e-07 1.373530020591635637e-08
1.100000000000000000e+01 5.534238743186577777e-08 1.897803848554349460e-09
1.300000000000000000e+01 1.374392440271409663e-08 4.085636012490183680e-10
1.500000000000000000e+01 4.618396788645477340e-09 1.833254621447552430e-10
1.700000000000000000e+01 1.580200347310241593e-09 7.390198233621672848e-11
1.900000000000000000e+01 5.803334550969277689e-10 2.245474693702213645e-11
