5.250000000000000000e+00 1.608746865253792005e-05 7.893973942370218260e-07
5.750000000000000000e+00 8.335152076684438675e-06 5.165582242817121775e-07
6.250000000000000000e+00 4.309559556346101509e-06 2.727190214191008034e-07
6.750000000000000000e+00 2.417520670810070501e-06 1.752213363038792430e-07
7.250000000000000000e+00 1.460478756386204937e-06 9.266732861589924592e-08
7.750000000000000000e+00 9.006219306350743213e-07 6.175258118394622689e-08
8.250000000000000000e+00 4.963168519672736668e-07 3.866665419163808780e-08
8.750000000000000000e+00 3.397066402534852009e-07 2.653925822187327246e-08
9.250000000000000000e+00 2.090965517439436861e-07 1.955496116185640532e-08
9.750000000000000000e+00 1.645784437246050272e-07 1.418844912612975406e-08
1.100000000000000000e+01 6.045059628352272613e-08 3.149565750240117092e-09
1.300000000000000000e+01 1.557160510727500080e-08 6.156024409282326526e-10
1.500000000000000000e+01 4.963328937287459183e-09 1.828822538796964173e-10
1.700000000000000000e+01 1.741453761985423327e-09 6.521028082147369347e-11
1.900000000000000000e+01 6.437172024186551864e-10 2.529493079834858277e-11
