5.250000000000000000e+00 1.047787224343549552e-05 7.049769360155533312e-07
5.750000000000000000e+00 4.444596012684371401e-06 3.990198649165842174e-07
6.250000000000000000e+00 2.034585249776806009e-06 1.458194966070420597e-07
6.750000000000000000e+00 1.451754847699736267e-06 1.988668331502801153e-07
7.250000000000000000e+00 6.083631714541790575e-07 4.337607470627300665e-08
7.750000000000000000e+00 3.783314117269095505e-07 3.261326795470958010e-08
8.250000000000000000e+00 2.260348595604017527e-07 2.171479286418427861e-08
8.750000000000000000e+00 1.491752237220194065e-07 8.638761938175271017e-09
9.250000000000000000e+00 9.366574867224171527e-08 5.559211703957137753e-09
9.750000000000000000e+00 6.085400175049329402e-08 3.665264588672359185e-09
1.100000000000000000e+01 2.884488307698750317e-08 1.164548433386158252e-09
1.300000000000000000e+01 8.794045797205260027e-09 5.389855858934911284e-10
1.500000000000000000e+01 2.611482514894188605e-09 1.567331149717760608e-10
1.700000000000000000e+01 8.944242993172615880e-10 3.514985503191477653e-11
1.900000000000000000e+01 3.689885891493825793e-10 3.085807203380364283e-11
