5.250000000000000000e+00 1.125668329008133411e-05 6.469706064184369265e-07
5.750000000000000000e+00 4.905039504604660175e-06 2.647610874662666191e-07
6.250000000000000000e+00 2.966789826286779796e-06 2.710234057507258481e-07
6.750000000000000000e+00 1.367269781297335444e-06 7.970883797209897020e-08
7.250000000000000000e+00 1.013818154864203929e-06 8.733140796235757853e-08
7.750000000000000000e+00 6.575884131222498974e-07 5.746063872876253546e-08
8.250000000000000000e+00 3.345476897514367253e-07 1.911561557898312450e-08
8.750000000000000000e+00 2.237911657562975983e-07 1.089376616976366479e-08
9.250000000000000000e+00 1.469700186238065305e-07 8.162333787900133780e-09
9.750000000000000000e+00 1.055945377130932832e-07 6.082936464133764010e-09
1.100000000000000000e+01 4.561615165067561714e-08 2.786813619276070772e-09
1.300000000000000000e+01 1.296023096113869824e-08 5.600010216454230466e-10
1.500000000000000000e+01 3.604536272108794581e-09 1.063260925673151173e-10
1.700000000000000000e+01 1.412789108609936013e-09 5.426378158421536529e-11
1.900000000000000000e+01 4.886009835488825231e-10 1.821669425460769896e-11
