5.250000000000000000e+00 1.661418560941430996e-05 9.141660284371420348e-07
5.750000000000000000e+00 7.858156130340969190e-06 4.660881006215629442e-07
6.250000000000000000e+00 4.209650336744159903e-06 2.733803540738081652e-07
6.750000000000000000e+00 2.712262574100312241e-06 2.787363270570766636e-07
7.250000000000000000e+00 1.219578084430334934e-06 7.696141123689418311e-08
7.750000000000000000e+00 7.821324198271956108e-07 5.059133358338577298e-08
8.250000000000000000e+00 5.063977760450797427e-07 4.090260511477044529e-08
8.750000000000000000e+00 2.916319823628176837e-07 1.703758024767092357e-08
9.250000000000000000e+00 1.902034803161455648e-07 7.635303008560580683e-09
9.750000000000000000e+00 1.538885078662100850e-07 1.354155964970549146e-08
1.100000000000000000e+01 6.067892028705011991e-08 2.987866015010652922e-09
1.300000000000000000e+01 1.702363259318817373e-08 6.199145243891938894e-10
1.500000000000000000e+01 5.081046468856208292e-09 1.556682611434918625e-10
1.700000000000000000e+01 1.849945087634829501e-09 6.408737408196384507e-11
1.900000000000000000e+01 6.889950749335219556e-10 2.561720924137894354e-11
