5.250000000000000000e+00 1.718203552797527184e-05 8.356998819049058289e-07
5.750000000000000000e+00 8.287683183893668841e-06 5.123400961711019504e-07
6.250000000000000000e+00 4.551459141137080716e-06 3.246352103239529014e-07
6.750000000000000000e+00 2.379857779187493834e-06 1.270461845367277911e-07
7.250000000000000000e+00 1.378459858707467842e-06 8.929505948362743280e-08
7.750000000000000000e+00 8.226710938801373656e-07 4.929912264895843782e-08
8.250000000000000000e+00 5.182634643651722113e-07 4.075726245165582440e-08
8.750000000000000000e+00 3.645399910107962565e-07 3.694913684082107152e-08
9.250000000000000000e+00 2.613173604212516851e-07 2.616351363900994260e-08
9.750000000000000000e+00 1.419420617079006100e-07 1.291143819130943997e-08
1.100000000000000000e+01 6.543298380336770288e-08 4.066510125988215194e-09
1.300000000000000000e+01 1.595435635914006988e-08 5.053579956725304724e-10
1.500000000000000000e+01 4.994187782678671937e-09 1.962292754379877711e-10
1.700000000000000000e+01 1.741126328932411494e-09 6.968584594450154474e-11
1.900000000000000000e+01 6.747873258839482382e-10 2.879756044554222572e-11
