5.250000000000000000e+00 8.403196906100073415e-06 6.292967892968097174e-07
5.750000000000000000e+00 4.669124189943390865e-06 4.441539139871670012e-07
6.250000000000000000e+00 1.928958343022899808e-06 1.774150416400600700e-07
6.750000000000000000e+00 1.210052786070769504e-06 1.420458579928523534e-07
7.250000000000000000e+00 6.044537137513570936e-07 4.688876671875451442e-08
7.750000000000000000e+00 3.581378785253140923e-07 3.795207756128991889e-08
8.250000000000000000e+00 2.126856192011154238e-07 1.742128546368809557e-08
8.750000000000000000e+00 1.387192189462074653e-07 8.985366403318465037e-09
9.250000000000000000e+00 9.519922109584761322e-08 6.742311996931142011e-09
9.750000000000000000e+00 6.678948245729191720e-08 4.910288323312055543e-09
1.100000000000000000e+01 2.759742882143291465e-08 1.340095586159355288e-09
1.300000000000000000e+01 7.951903961314592315e-09 4.885148632609265480e-10
1.500000000000000000e+01 2.481777941888030246e-09 1.382870296194858542e-10
1.700000000000000000e+01 9.623699745323017928e-10 9.207480239489910511e-11
1.900000000000000000e+01 3.265738568896639161e-10 1.813247686227946035e-11
