5.250000000000000000e+00 1.019558266956313628e-05 7.727952761700946460e-07
5.750000000000000000e+00 3.775234943109521884e-06 4.181542176797481420e-07
6.250000000000000000e+00 2.004596997301013754e-06 2.670455760603094258e-07
6.750000000000000000e+00 1.201879851160170914e-06 1.653687358943962188e-07
7.250000000000000000e+00 4.687941775315086902e-07 4.184209003853626087e-08
7.750000000000000000e+00 2.764001258141936290e-07 2.797002249597039019e-08
8.250000000000000000e+00 2.178071652885501404e-07 3.322986141078446245e-08
8.750000000000000000e+00 1.221936936926886817e-07 9.143818717505733284e-09
9.250000000000000000e+00 9.334481451794344851e-08 1.373600888634774885e-08
9.750000000000000000e+00 4.993513749184109340e-08 4.146548663637497527e-09
1.100000000000000000e+01 2.253257692886219749e-08 1.213338061978043938e-09
1.300000000000000000e+01 6.043452156047789719e-09 2.898832519080317087e-10
1.500000000000000000e+01 1.929394169098766724e-09 9.043625527654497700e-11
1.700000000000000000e+01 7.590323487081557847e-10 4.826951468068298632e-11
1.900000000000000000e+01 2.367423494223549379e-10 1.211924205650021743e-11
