5.250000000000000000e+00 1.875789439987908988e-05 8.850624067073383726e-07
5.750000000000000000e+00 9.481656002211519008e-06 5.239731100322639662e-07
6.250000000000000000e+00 5.048460997199556622e-06 2.960399955820479849e-07
6.750000000000000000e+00 2.438875768737169637e-06 1.315680857692688587e-07
7.250000000000000000e+00 1.550119433161969290e-06 9.835645120298434421e-08
7.750000000000000000e+00 8.239156369388690341e-07 4.809371739840526821e-08
8.250000000000000000e+00 5.885489610271643490e-07 5.652503875844029275e-08
8.750000000000000000e+00 3.439129077694478236e-07 2.050882869539790642e-08
9.250000000000000000e+00 2.502123294574997992e-07 2.630076181261611758e-08
9.750000000000000000e+00 1.496282697482062430e-07 8.616559800991990362e-09
1.100000000000000000e+01 6.218770029060731401e-08 1.912252039329575777e-09
1.300000000000000000e+01 1.601547793588852122e-08 5.619740122780273350e-10
1.500000000000000000e+01 4.969194516071842681e-09 1.811545173528623045e-10
1.700000000000000000e+01 1.598762264255146634e-09 6.708211413498569928e-11
1.900000000000000000e+01 5.875878646750713955e-10 2.391008720922764882e-11
