5.250000000000000000e+00 7.165116841791848554e-06 5.306248386005493736e-07
5.750000000000000000e+00 3.216554169250283329e-06 3.508025738556958254e-07
6.250000000000000000e+00 1.600361826201388619e-06 2.180237045112940271e-07
6.750000000000000000e+00 7.060792673007129701e-07 5.171977876923063305e-08
7.250000000000000000e+00 4.421086192856851014e-07 3.691175063758786441e-08
7.750000000000000000e+00 2.926318773613367114e-07 3.989403581184887383e-08
8.250000000000000000e+00 2.059714902245833902e-07 3.145994654170218778e-08
8.750000000000000000e+00 1.191231403953212538e-07 1.555380134872050070e-08
9.250000000000000000e+00 7.269242954268787606e-08 4.908838005211782104e-09
9.750000000000000000e+00 4.252646618098121138e-08 2.313897516952998899e-09
1.100000000000000000e+01 2.055243897053203675e-08 8.940497880620576080e-10
1.300000000000000000e+01 6.065602183863951321e-09 2.777858450539219688e-10
1.500000000000000000e+01 2.014768578615691267e-09 1.302860658166507261e-10
1.700000000000000000e+01 6.877558200310150361e-10 3.148085425797529210e-11
1.900000000000000000e+01 2.483961238517075074e-10 1.181511356233145767e-11
