5.250000000000000000e+00 1.883053810023475443e-05 8.066800069459287453e-07
5.750000000000000000e+00 9.619873698429558454e-06 4.482948230960684370e-07
6.250000000000000000e+00 5.226490061761941824e-06 3.100209474166082981e-07
6.750000000000000000e+00 2.848587578899574158e-06 1.854047122131149974e-07
7.250000000000000000e+00 1.652066779297832995e-06 8.426734836128035845e-08
7.750000000000000000e+00 1.070357373092481185e-06 7.731646218224215348e-08
8.250000000000000000e+00 6.143395741796027193e-07 3.357098391022926930e-08
8.750000000000000000e+00 4.125535609890891819e-07 2.947435463903600005e-08
9.250000000000000000e+00 2.658914953732468457e-07 1.676489936198890276e-08
9.750000000000000000e+00 1.753174234914713660e-07 8.120875142632319951e-09
1.100000000000000000e+01 7.452651000223314832e-08 3.253137378411795139e-09
1.300000000000000000e+01 1.977945158844742979e-08 7.600947934044671019e-10
1.500000000000000000e+01 6.305137948004228427e-09 2.543506503408585959e-10
1.700000000000000000e+01 1.966623572613512258e-09 5.734672387126247896e-11
1.900000000000000000e+01 7.401503385027667345e-10 2.903144166407628019e-11
